1.5484,-1.0,10,4,3,0,0
107.6452,107.6452,0,0,0,11,10870
1.5484,-1.0,10,9,4,0,0
109.3871,109.3871,0,0,0,11,10870
1.7419,-1.0,10,3,3,0,0
110.9355,110.9355,0,0,0,11,10870
1.7419,-1.0,10,8,4,0,0
112.4839,112.4839,0,0,0,11,10870
1.9355,-1.0,10,2,3,0,0
119.0323,127.5484,0,0,0,14,10870
1.9355,-1.0,10,7,4,0,0
146.1613,146.1613,0,0,0,11,10872
2.1290,-1.0,83,1,3,0,0
2.1290,2.5161,110,1,3,JumpScratch,7
2.1290,-1.0,50,6,4,0,0
2.3226,-1.0,900,1,3,0,0
2.5161,2.9032,110,4,4,JumpScratch,-7
2.5161,-1.0,83,10,3,0,0
2.5161,2.9032,110,10,3,JumpScratch,-5
2.7097,-1.0,900,4,4,0,0
2.7097,-1.0,900,10,3,0,0
3.2903,-1.0,10,1,3,0,0
3.2903,-1.0,10,6,3,0,0
3.4839,-1.0,10,3,3,0,0
3.4839,-1.0,10,8,3,0,0
3.6774,-1.0,10,5,3,0,0
3.6774,-1.0,10,10,3,0,0
3.8710,-1.0,50,1,4,0,0
3.8710,-1.0,81,7,3,0,0
3.8710,4.1613,101,7,3,0,0
4.0645,-1.0,900,7,3,0,0
4.1613,-1.0,81,4,3,0,0
4.1613,4.4516,101,4,3,0,0
4.3548,-1.0,900,4,3,0,0
4.4516,-1.0,20,9,4,0,0
4.6452,-1.0,10,1,4,0,0
4.6452,-1.0,10,7,3,0,0
4.8387,-1.0,10,2,4,0,0
4.8387,-1.0,10,8,3,0,0
5.0323,-1.0,10,3,4,0,0
5.0323,-1.0,10,9,3,0,0
5.2258,-1.0,50,4,4,0,0
5.2258,-1.0,83,10,3,0,0
5.2258,5.6129,110,10,3,JumpScratch,-7
5.4194,-1.0,900,10,3,0,0
5.6129,-1.0,83,1,3,0,0
5.6129,6.0,110,1,3,JumpScratch,5
5.6129,6.0,110,6,4,JumpScratch,7
5.8065,-1.0,900,1,3,0,0
5.8065,-1.0,900,6,4,0,0
6.3871,-1.0,10,2,4,0,0
6.3871,-1.0,10,8,4,0,0
6.5806,-1.0,10,2,4,0,0
6.5806,-1.0,10,8,4,0,0
6.7742,-1.0,10,7,3,0,0
6.8710,-1.0,10,4,3,0,0
6.9677,-1.0,10,7,3,0,0
7.1613,-1.0,10,5,4,0,0
7.3548,-1.0,50,1,4,0,0
7.3548,-1.0,50,9,4,0,0
7.5484,-1.0,10,4,3,0,0
7.6452,-1.0,10,7,3,0,0
7.7419,-1.0,20,1,4,0,0
7.7419,-1.0,20,9,4,0,0
7.9355,-1.0,10,1,3,0,0
8.1290,-1.0,10,7,3,0,0
8.3226,-1.0,80,2,3,0,0
8.3226,8.7097,100,2,3,0,0
8.3226,-1.0,10,9,3,0,0
8.5161,-1.0,900,2,3,0,0
8.5161,-1.0,10,6,4,0,0
8.7097,-1.0,80,9,3,0,0
8.7097,9.0968,100,9,3,0,0
8.9032,-1.0,10,3,4,0,0
8.9032,-1.0,900,9,3,0,0
9.0968,-1.0,80,1,3,0,0
9.0968,9.4839,100,1,3,0,0
9.2903,-1.0,900,1,3,0,0
9.2903,-1.0,10,7,4,0,0
9.4839,-1.0,80,10,3,0,0
9.4839,9.8710,100,10,3,0,0
9.6774,-1.0,10,3,4,0,0
9.6774,-1.0,900,10,3,0,0
9.8710,-1.0,82,1,3,0,0
9.8710,10.2581,110,1,3,JumpScratch,8
10.0645,-1.0,900,1,3,0,0
10.0645,-1.0,10,7,4,0,0
10.2581,10.6452,110,5,4,JumpScratch,8
10.2581,-1.0,82,10,3,0,0
10.2581,10.4516,110,10,3,JumpScratch,-12
10.4516,10.6452,110,1,3,JumpScratch,4
10.8387,-1.0,20,3,4,0,0
10.8387,-1.0,20,9,4,0,0
11.0323,-1.0,10,10,3,0,0
11.2258,-1.0,10,4,3,0,0
11.4194,-1.0,10,2,3,0,0
11.4194,-1.0,80,9,3,0,0
11.4194,11.8065,100,9,3,0,0
11.6129,-1.0,10,4,4,0,0
11.6129,-1.0,900,9,3,0,0
11.8065,-1.0,80,2,3,0,0
11.8065,12.1935,100,2,3,0,0
12.0,-1.0,900,2,3,0,0
12.0,-1.0,10,7,4,0,0
12.1935,-1.0,80,10,3,0,0
12.1935,12.5806,100,10,3,0,0
12.3871,-1.0,10,3,4,0,0
12.3871,-1.0,900,10,3,0,0
12.5806,-1.0,80,1,3,0,0
12.5806,12.9677,100,1,3,0,0
12.7742,-1.0,900,1,3,0,0
12.7742,-1.0,10,7,4,0,0
12.9677,-1.0,83,10,3,0,0
12.9677,13.0323,110,10,3,JumpScratch,-5
13.0323,13.0968,110,8,3,JumpScratch,-4
13.0968,13.1613,110,7,2,JumpScratch,-3
13.1613,-1.0,20,1,3,0,0
13.3548,-1.0,83,1,3,0,0
13.3548,13.4194,110,1,3,JumpScratch,5
13.4194,13.4839,110,3,3,JumpScratch,4
13.4839,13.5484,110,5,2,JumpScratch,3
13.5484,-1.0,20,10,3,0,0
13.9355,-1.0,20,1,4,0,0
13.9355,-1.0,20,9,4,0,0
14.1290,-1.0,10,10,3,0,0
14.3226,-1.0,10,4,3,0,0
14.5161,-1.0,10,2,3,0,0
14.5161,-1.0,80,9,3,0,0
14.5161,14.9032,100,9,3,0,0
14.7097,-1.0,10,4,4,0,0
14.7097,-1.0,900,9,3,0,0
14.9032,-1.0,80,2,3,0,0
14.9032,15.2903,100,2,3,0,0
15.0968,-1.0,900,2,3,0,0
15.0968,-1.0,10,7,4,0,0
15.2903,-1.0,80,10,3,0,0
15.2903,15.6774,100,10,3,0,0
15.4839,-1.0,10,3,4,0,0
15.4839,-1.0,900,10,3,0,0
15.6774,-1.0,80,1,3,0,0
15.6774,16.0645,100,1,3,0,0
15.8710,-1.0,900,1,3,0,0
15.8710,-1.0,10,7,4,0,0
16.0645,-1.0,82,10,3,0,0
16.0645,16.4516,110,10,3,JumpScratch,-8
16.2581,-1.0,10,3,4,0,0
16.2581,-1.0,900,10,3,0,0
16.4516,-1.0,82,1,3,0,0
16.4516,16.6452,110,1,3,JumpScratch,12
16.4516,16.8387,110,5,4,JumpScratch,-8
16.6452,16.8387,110,10,3,JumpScratch,-4
17.0323,-1.0,20,1,4,0,0
17.0323,-1.0,20,7,4,0,0
17.2258,-1.0,10,1,3,0,0
17.4194,-1.0,10,7,3,0,0
17.6129,-1.0,80,2,3,0,0
17.6129,18.0,100,2,3,0,0
17.6129,-1.0,10,9,3,0,0
17.8065,-1.0,900,2,3,0,0
17.8065,-1.0,10,6,4,0,0
18.0,-1.0,80,9,3,0,0
18.0,18.3871,100,9,3,0,0
18.1935,-1.0,10,3,4,0,0
18.1935,-1.0,900,9,3,0,0
18.3871,-1.0,80,1,3,0,0
18.3871,18.7742,100,1,3,0,0
18.5806,-1.0,900,1,3,0,0
18.5806,-1.0,10,7,4,0,0
18.7742,-1.0,80,10,3,0,0
18.7742,19.1613,100,10,3,0,0
18.9677,-1.0,10,3,4,0,0
18.9677,-1.0,900,10,3,0,0
19.1613,-1.0,10,1,3,0,0
19.3548,-1.0,82,4,3,0,0
19.3548,19.5484,110,4,3,JumpScratch,-6
19.3548,-1.0,82,7,3,0,0
19.3548,19.5484,110,7,3,JumpScratch,6
19.7419,-1.0,10,1,4,0,0
19.7419,-1.0,10,9,4,0,0
19.9355,-1.0,10,3,4,0,0
19.9355,-1.0,10,7,4,0,0
20.1290,-1.0,81,1,3,0,0
20.1290,20.7097,101,1,3,0,0
20.1290,-1.0,50,6,5,0,0
20.3226,-1.0,900,1,3,0,0
20.5161,-1.0,900,1,3,0,0
20.7097,-1.0,10,9,4,0,0
20.9032,-1.0,50,1,12,0,0
21.4839,-1.0,80,4,3,0,0
21.4839,21.6774,100,4,3,0,0
21.5323,-1.0,30,4,3,0,0
21.5806,-1.0,30,4,3,0,0
21.6290,-1.0,30,4,3,0,0
21.6774,-1.0,10,7,3,0,0
21.9677,-1.0,10,3,4,0,0
22.2581,-1.0,10,7,4,0,0
22.4516,-1.0,50,1,12,0,0
23.0323,-1.0,10,6,2,0,0
23.2258,-1.0,10,1,2,0,0
23.2258,-1.0,10,8,2,0,0
23.4194,-1.0,10,5,2,0,0
23.6129,-1.0,10,3,2,0,0
23.6129,-1.0,10,10,2,0,0
23.8065,-1.0,10,6,2,0,0
24.0,-1.0,80,4,2,0,0
24.0,24.3871,100,4,2,0,0
24.0,-1.0,10,10,2,0,0
24.1935,-1.0,900,4,2,0,0
24.3871,-1.0,10,7,2,0,0
24.5806,-1.0,10,2,2,0,0
24.5806,-1.0,80,8,2,0,0
24.5806,24.9677,100,8,2,0,0
24.7742,-1.0,900,8,2,0,0
24.9677,-1.0,10,5,2,0,0
25.3548,-1.0,10,6,2,0,0
25.5484,-1.0,80,5,2,0,0
25.5484,25.9355,100,5,2,0,0
25.5484,-1.0,10,11,2,0,0
25.7419,-1.0,900,5,2,0,0
25.9355,-1.0,10,8,2,0,0
26.1290,-1.0,10,1,2,0,0
26.1290,-1.0,80,7,2,0,0
26.1290,26.5161,100,7,2,0,0
26.3226,-1.0,900,7,2,0,0
26.5161,-1.0,10,4,2,0,0
26.9032,-1.0,80,2,2,0,0
26.9032,27.0968,100,2,2,0,0
26.9032,-1.0,10,10,2,0,0
27.0968,-1.0,80,7,2,0,0
27.0968,27.2903,100,7,2,0,0
27.2903,-1.0,80,5,2,0,0
27.2903,27.4839,100,5,2,0,0
27.4839,-1.0,80,10,2,0,0
27.4839,27.6774,100,10,2,0,0
27.6774,-1.0,80,1,2,0,0
27.6774,28.0645,100,1,2,0,0
27.8710,-1.0,900,1,2,0,0
28.0645,-1.0,10,7,2,0,0
28.2581,-1.0,10,5,2,0,0
28.4516,-1.0,10,3,2,0,0
28.4516,-1.0,10,9,2,0,0
28.6452,-1.0,10,11,2,0,0
28.8387,-1.0,10,8,2,0,0
29.0323,-1.0,10,5,2,0,0
29.2258,-1.0,10,2,2,0,0
29.4194,-1.0,10,4,2,0,0
29.4194,-1.0,10,11,2,0,0
29.6129,-1.0,10,6,2,0,0
29.8065,-1.0,10,2,2,0,0
29.8065,-1.0,10,9,2,0,0
30.0,-1.0,10,5,2,0,0
30.1935,-1.0,10,2,2,0,0
30.1935,-1.0,80,7,2,0,0
30.1935,30.5806,100,7,2,0,0
30.3871,-1.0,900,7,2,0,0
30.5806,-1.0,10,3,2,0,0
30.7742,-1.0,80,4,2,0,0
30.7742,31.1613,100,4,2,0,0
30.7742,-1.0,10,10,2,0,0
30.9677,-1.0,900,4,2,0,0
31.1613,-1.0,10,7,2,0,0
31.5484,-1.0,10,2,2,0,0
31.5484,-1.0,80,10,2,0,0
31.5484,31.7419,100,10,2,0,0
31.7419,-1.0,80,5,2,0,0
31.7419,31.9355,100,5,2,0,0
31.9355,-1.0,80,7,2,0,0
31.9355,32.1290,100,7,2,0,0
32.1290,-1.0,80,2,2,0,0
32.1290,32.3226,100,2,2,0,0
32.3226,-1.0,82,11,2,0,0
32.3226,32.7097,110,11,2,JumpScratch,-6
32.5161,-1.0,900,11,2,0,0
32.7097,-1.0,83,4,3,0,0
32.7097,32.9032,110,4,3,JumpScratch,-6
32.7097,32.9032,110,7,2,JumpScratch,5
32.9032,33.2903,110,1,2,JumpScratch,6
33.0968,-1.0,900,1,2,0,0
33.2903,33.4839,110,5,2,JumpScratch,-5
33.2903,-1.0,83,7,3,0,0
33.2903,33.4839,110,7,3,JumpScratch,6
33.4839,33.8710,110,11,2,JumpScratch,-5
33.6774,-1.0,900,11,2,0,0
33.8710,-1.0,10,4,2,0,0
34.0645,-1.0,10,1,2,0,0
34.0645,-1.0,10,11,2,0,0
34.2581,-1.0,10,4,2,0,0
34.4516,-1.0,10,8,2,0,0
34.6452,-1.0,82,2,2,0,0
34.6452,34.8387,110,2,2,JumpScratch,6
34.6452,-1.0,80,10,2,0,0
34.6452,35.2258,100,10,2,0,0
34.8387,35.2258,110,6,2,JumpScratch,-6
34.8387,-1.0,900,10,2,0,0
35.0323,-1.0,900,6,2,0,0
35.0323,-1.0,900,10,2,0,0
35.4194,-1.0,10,10,3,0,0
35.6129,-1.0,50,1,4,0,0
35.6129,-1.0,20,9,4,0,0
36.0,-1.0,10,3,3,0,0
36.0,-1.0,10,10,3,0,0
36.1935,-1.0,10,7,3,0,0
36.3871,-1.0,80,5,3,0,0
36.3871,36.7742,100,5,3,0,0
36.3871,-1.0,50,10,3,0,0
36.5806,-1.0,900,5,3,0,0
36.7742,-1.0,10,8,3,0,0
36.9677,-1.0,50,1,3,0,0
36.9677,-1.0,80,6,3,0,0
36.9677,37.3548,100,6,3,0,0
37.1613,-1.0,900,6,3,0,0
37.3548,-1.0,10,3,3,0,0
37.7419,-1.0,80,2,3,0,0
37.7419,37.9355,100,2,3,0,0
37.7419,-1.0,10,9,3,0,0
37.9355,-1.0,80,7,3,0,0
37.9355,38.1290,100,7,3,0,0
38.1290,-1.0,80,4,3,0,0
38.1290,38.3226,100,4,3,0,0
38.3226,-1.0,80,9,3,0,0
38.3226,38.5161,100,9,3,0,0
38.5161,-1.0,80,1,3,0,0
38.5161,38.9032,100,1,3,0,0
38.7097,-1.0,900,1,3,0,0
38.9032,-1.0,50,5,4,0,0
39.2903,-1.0,10,4,3,0,0
39.2903,-1.0,80,10,3,0,0
39.2903,39.4839,100,10,3,0,0
39.4839,-1.0,80,1,3,0,0
39.4839,39.6774,100,1,3,0,0
39.6774,-1.0,80,7,3,0,0
39.6774,39.8710,100,7,3,0,0
39.8710,-1.0,80,4,3,0,0
39.8710,40.0645,100,4,3,0,0
40.0645,-1.0,83,10,3,0,0
40.0645,40.4516,110,10,3,JumpScratch,-8
40.2581,-1.0,900,10,3,0,0
40.4516,-1.0,81,1,4,0,0
40.4516,40.8387,101,1,4,0,0
40.4516,40.8387,110,5,4,JumpScratch,8
40.6452,-1.0,900,1,4,0,0
40.6452,-1.0,900,5,4,0,0
41.0323,-1.0,20,1,4,0,0
41.2258,-1.0,10,4,3,0,0
41.4194,-1.0,10,1,3,0,0
41.4194,-1.0,20,9,4,0,0
41.6129,-1.0,10,7,3,0,0
41.8065,-1.0,10,3,3,0,0
41.8065,-1.0,10,10,3,0,0
42.0,-1.0,10,6,3,0,0
42.1935,-1.0,10,1,3,0,0
42.1935,-1.0,10,8,3,0,0
42.3871,-1.0,10,4,3,0,0
42.5806,-1.0,50,1,3,0,0
42.5806,-1.0,80,6,3,0,0
42.5806,42.9677,100,6,3,0,0
42.7742,-1.0,900,6,3,0,0
42.9677,-1.0,10,3,3,0,0
43.1613,-1.0,80,5,3,0,0
43.1613,43.5484,100,5,3,0,0
43.1613,-1.0,50,10,3,0,0
43.3548,-1.0,900,5,3,0,0
43.5484,-1.0,10,8,3,0,0
43.9355,-1.0,10,2,3,0,0
43.9355,-1.0,80,9,3,0,0
43.9355,44.1290,100,9,3,0,0
44.1290,-1.0,80,4,3,0,0
44.1290,44.3226,100,4,3,0,0
44.3226,-1.0,80,7,3,0,0
44.3226,44.5161,100,7,3,0,0
44.5161,-1.0,80,2,3,0,0
44.5161,44.7097,100,2,3,0,0
44.7097,-1.0,83,10,3,0,0
44.7097,45.0968,110,10,3,JumpScratch,-6
44.9032,-1.0,900,10,3,0,0
45.0968,-1.0,82,4,3,0,0
45.0968,45.2903,110,4,3,JumpScratch,-6
45.0968,45.2903,110,7,3,JumpScratch,6
45.2903,45.6774,110,1,3,JumpScratch,6
45.4839,-1.0,900,1,3,0,0
45.6774,45.8710,110,4,3,JumpScratch,-6
45.6774,-1.0,82,7,3,0,0
45.6774,45.8710,110,7,3,JumpScratch,6
46.2581,-1.0,83,1,3,0,0
46.2581,46.6452,110,1,3,JumpScratch,12
46.2581,-1.0,83,5,4,0,0
46.2581,47.4194,110,5,4,0,0
46.4516,-1.0,900,1,3,0,0
46.4516,-1.0,900,5,4,0,0
46.6452,47.0323,110,10,3,JumpScratch,-12
46.8387,-1.0,900,5,4,0,0
46.8387,-1.0,900,10,3,0,0
47.2258,-1.0,900,5,4,0,0
48.0,-1.0,50,1,6,0,0
48.0,-1.0,83,10,3,0,0
48.0,48.5806,110,10,3,JumpScratch,-7
48.1935,-1.0,900,10,3,0,0
48.3871,-1.0,900,10,3,0,0
48.5806,-1.0,20,1,3,0,0
48.5806,48.7742,110,6,3,JumpScratch,7
48.7742,-1.0,83,1,3,0,0
48.7742,49.1613,110,1,3,JumpScratch,8
48.8226,-1.0,31,1,3,0,0
48.8710,-1.0,31,1,3,0,0
48.9194,-1.0,31,1,3,0,0
48.9677,-1.0,900,1,3,0,0
48.9677,-1.0,31,1,3,0,0
49.1613,-1.0,80,10,3,0,0
49.1613,49.7419,100,10,3,0,0
49.3548,-1.0,900,10,3,0,0
49.5484,-1.0,900,10,3,0,0
49.7419,-1.0,50,1,6,0,0
50.3226,-1.0,10,11,2,0,0
50.4194,-1.0,10,5,2,0,0
50.5161,-1.0,10,8,2,0,0
50.6129,-1.0,10,2,2,0,0
50.7097,-1.0,10,10,2,0,0
50.8065,-1.0,10,4,2,0,0
50.9032,-1.0,10,7,2,0,0
51.0968,-1.0,83,1,3,0,0
51.0968,51.6774,110,1,3,JumpScratch,7
51.0968,-1.0,50,7,6,0,0
51.2903,-1.0,900,1,3,0,0
51.4839,-1.0,900,1,3,0,0
51.6774,51.8710,110,5,3,JumpScratch,-7
51.6774,-1.0,20,10,3,0,0
51.8710,-1.0,83,10,3,0,0
51.8710,52.2581,110,10,3,JumpScratch,-8
51.9194,-1.0,31,10,3,0,0
51.9677,-1.0,31,10,3,0,0
52.0161,-1.0,31,10,3,0,0
52.0645,-1.0,900,10,3,0,0
52.0645,-1.0,31,10,3,0,0
52.2581,-1.0,80,1,3,0,0
52.2581,52.8387,100,1,3,0,0
52.4516,-1.0,900,1,3,0,0
52.6452,-1.0,900,1,3,0,0
52.8387,-1.0,50,7,6,0,0
53.2258,-1.0,10,4,2,0,0
53.3226,-1.0,10,7,2,0,0
53.4194,-1.0,10,1,2,0,0
53.5161,-1.0,10,7,2,0,0
53.6129,-1.0,10,4,2,0,0
53.7097,-1.0,10,10,2,0,0
53.8065,-1.0,10,2,2,0,0
53.9032,-1.0,10,8,2,0,0
54.0,-1.0,10,5,2,0,0
54.1935,-1.0,50,1,6,0,0
54.1935,-1.0,83,10,3,0,0
54.1935,54.7742,110,10,3,JumpScratch,-7
54.3871,-1.0,900,10,3,0,0
54.5806,-1.0,900,10,3,0,0
54.7742,-1.0,20,1,3,0,0
54.7742,54.9677,110,6,3,JumpScratch,7
54.9677,-1.0,83,1,3,0,0
54.9677,55.3548,110,1,3,JumpScratch,8
55.0161,-1.0,31,1,3,0,0
55.0645,-1.0,31,1,3,0,0
55.1129,-1.0,31,1,3,0,0
55.1613,-1.0,900,1,3,0,0
55.1613,-1.0,31,1,3,0,0
55.3548,-1.0,80,10,3,0,0
55.3548,55.9355,100,10,3,0,0
55.5484,-1.0,900,10,3,0,0
55.7419,-1.0,900,10,3,0,0
55.9355,-1.0,50,1,6,0,0
56.5161,-1.0,81,2,2,0,0
56.5161,56.7097,101,2,2,0,0
56.5161,-1.0,83,7,2,0,0
56.5161,56.7097,110,7,2,JumpScratch,5
56.9032,-1.0,83,5,2,0,0
56.9032,57.0968,110,5,2,JumpScratch,-5
56.9032,-1.0,81,10,2,0,0
56.9032,57.0968,101,10,2,0,0
57.2903,-1.0,83,1,3,0,0
57.2903,57.8710,110,1,3,JumpScratch,7
57.2903,-1.0,50,7,6,0,0
57.4839,-1.0,900,1,3,0,0
57.6774,-1.0,900,1,3,0,0
57.8710,58.0645,110,5,3,JumpScratch,-7
57.8710,-1.0,20,10,3,0,0
58.0645,-1.0,83,10,3,0,0
58.0645,58.4516,110,10,3,JumpScratch,-8
58.1129,-1.0,31,10,3,0,0
58.1613,-1.0,31,10,3,0,0
58.2097,-1.0,31,10,3,0,0
58.2581,-1.0,900,10,3,0,0
58.2581,-1.0,31,10,3,0,0
58.4516,-1.0,80,1,3,0,0
58.4516,59.0323,100,1,3,0,0
58.6452,-1.0,900,1,3,0,0
58.8387,-1.0,900,1,3,0,0
59.0323,-1.0,50,7,6,0,0
59.4194,-1.0,10,8,2,0,0
59.5161,-1.0,10,4,2,0,0
59.6129,-1.0,10,10,2,0,0
59.7097,-1.0,10,2,2,0,0
59.8065,-1.0,10,6,2,0,0
60.0,-1.0,50,1,6,0,0
60.0,-1.0,50,7,6,0,0
60.3871,-1.0,80,1,3,0,0
60.3871,60.7742,100,1,3,0,0
60.3871,-1.0,10,7,3,0,0
60.5806,-1.0,900,1,3,0,0
60.7742,-1.0,50,9,4,0,0
60.9677,-1.0,10,3,3,0,0
60.9677,-1.0,10,8,3,0,0
61.1613,-1.0,50,2,5,0,0
61.1613,-1.0,83,10,3,0,0
61.1613,61.5484,110,10,3,JumpScratch,-6
61.3548,-1.0,900,10,3,0,0
61.5484,-1.0,20,1,4,0,0
61.9355,-1.0,10,4,3,0,0
61.9355,-1.0,80,10,3,0,0
61.9355,62.3226,100,10,3,0,0
62.1290,-1.0,900,10,3,0,0
62.3226,-1.0,50,1,4,0,0
62.5161,-1.0,10,3,3,0,0
62.5161,-1.0,10,8,3,0,0
62.7097,-1.0,83,1,3,0,0
62.7097,63.0968,110,1,3,JumpScratch,6
62.7097,-1.0,50,7,5,0,0
62.9032,-1.0,900,1,3,0,0
63.0968,-1.0,20,9,4,0,0
63.4839,-1.0,10,1,3,0,0
63.4839,-1.0,80,7,3,0,0
63.4839,63.8710,100,7,3,0,0
63.6774,-1.0,900,7,3,0,0
63.8710,-1.0,50,3,4,0,0
64.0645,-1.0,10,2,3,0,0
64.0645,-1.0,10,9,3,0,0
64.2581,-1.0,83,4,3,0,0
64.2581,64.6452,110,4,3,JumpScratch,-6
64.2581,-1.0,50,8,5,0,0
64.4516,-1.0,900,4,3,0,0
64.6452,-1.0,20,7,4,0,0
65.0323,-1.0,80,4,3,0,0
65.0323,65.4194,100,4,3,0,0
65.0323,-1.0,10,10,3,0,0
65.2258,-1.0,900,4,3,0,0
65.4194,-1.0,50,7,4,0,0
65.6129,-1.0,10,2,3,0,0
65.6129,-1.0,10,9,3,0,0
65.8065,-1.0,50,1,5,0,0
65.8065,-1.0,83,7,3,0,0
65.8065,66.1935,110,7,3,JumpScratch,6
66.0,-1.0,900,7,3,0,0
66.1935,-1.0,20,3,4,0,0
66.3871,-1.0,10,5,4,0,0
66.5806,-1.0,50,1,4,0,0
66.5806,-1.0,20,7,4,0,0
66.7742,-1.0,50,1,4,0,0
66.7742,-1.0,81,7,4,0,0
66.7742,66.9677,101,7,4,0,0
67.1613,-1.0,20,3,4,0,0
67.1613,-1.0,50,9,4,0,0
67.3548,-1.0,81,3,4,0,0
67.3548,67.5484,101,3,4,0,0
67.3548,-1.0,50,9,4,0,0
67.7419,-1.0,50,1,6,0,0
67.7419,-1.0,20,7,6,0,0
67.9355,-1.0,50,1,6,0,0
67.9355,-1.0,81,7,6,0,0
67.9355,68.1290,101,7,6,0,0
68.3226,-1.0,50,1,6,0,0
68.3226,-1.0,50,7,6,0,0
68.5161,-1.0,50,1,6,0,0
68.5161,-1.0,50,7,6,0,0
68.7097,-1.0,10,7,3,0,0
68.8065,-1.0,10,4,3,0,0
68.9032,-1.0,10,7,3,0,0
69.0968,-1.0,10,1,5,0,0
69.0968,-1.0,10,8,5,0,0
69.2903,-1.0,10,4,3,0,0
69.3871,-1.0,10,7,3,0,0
69.4839,-1.0,10,4,3,0,0
69.6774,-1.0,83,1,3,0,0
69.6774,70.0645,110,1,3,JumpScratch,6
69.6774,-1.0,83,10,3,0,0
69.6774,70.0645,110,10,3,JumpScratch,-6
69.8710,-1.0,900,1,3,0,0
69.8710,-1.0,900,10,3,0,0
70.0645,70.2581,110,4,3,JumpScratch,-6
70.0645,70.2581,110,7,3,JumpScratch,6
70.6452,-1.0,10,1,3,0,0
70.6452,-1.0,10,10,3,0,0
70.8387,-1.0,10,4,3,0,0
70.8387,-1.0,10,7,3,0,0
71.0323,-1.0,81,1,3,0,0
71.0323,71.4194,101,1,3,0,0
71.0323,-1.0,10,10,3,0,0
71.2258,-1.0,900,1,3,0,0
71.2258,-1.0,10,5,4,0,0
71.4194,-1.0,81,10,3,0,0
71.4194,71.8065,101,10,3,0,0
71.6129,-1.0,10,5,4,0,0
71.6129,-1.0,900,10,3,0,0
71.8065,-1.0,81,3,3,0,0
71.8065,72.1935,101,3,3,0,0
72.0,-1.0,10,5,4,0,0
72.1935,-1.0,81,8,3,0,0
72.1935,72.5806,101,8,3,0,0
72.3871,-1.0,10,5,4,0,0
72.5806,-1.0,50,1,6,0,0
72.7742,-1.0,81,1,3,0,0
72.7742,73.7419,101,1,3,0,0
72.7742,-1.0,10,10,3,0,0
72.9677,-1.0,900,1,3,0,0
72.9677,-1.0,10,5,4,0,0
73.1613,-1.0,900,1,3,0,0
73.1613,-1.0,50,9,4,0,0
73.3548,-1.0,900,1,3,0,0
73.3548,-1.0,10,6,3,0,0
73.5484,-1.0,900,1,3,0,0
73.5484,-1.0,10,10,3,0,0
73.7419,-1.0,10,5,4,0,0
73.9355,-1.0,10,1,3,0,0
73.9355,-1.0,10,10,3,0,0
74.1290,-1.0,82,4,3,0,0
74.1290,74.5161,110,4,3,JumpScratch,-6
74.1290,-1.0,80,7,3,0,0
74.1290,75.0968,100,7,3,0,0
74.3226,-1.0,900,4,3,0,0
74.3226,-1.0,900,7,3,0,0
74.5161,74.7097,110,1,3,JumpScratch,6
74.5161,-1.0,900,7,3,0,0
74.7097,74.9032,110,4,3,JumpScratch,-6
74.7097,-1.0,900,7,3,0,0
74.9032,75.0968,110,1,3,JumpScratch,6
74.9032,-1.0,900,7,3,0,0
75.2903,-1.0,10,10,3,0,0
75.4839,-1.0,10,4,2,0,0
75.4839,-1.0,10,8,2,0,0
75.6774,-1.0,81,1,3,0,0
75.6774,76.0645,101,1,3,0,0
75.6774,-1.0,50,9,4,0,0
75.8710,-1.0,900,1,3,0,0
75.8710,-1.0,10,7,3,0,0
76.0645,-1.0,81,10,3,0,0
76.0645,76.4516,101,10,3,0,0
76.2581,-1.0,10,4,3,0,0
76.2581,-1.0,900,10,3,0,0
76.4516,-1.0,10,1,3,0,0
76.6452,-1.0,10,4,3,0,0
76.6452,-1.0,10,10,3,0,0
76.8387,-1.0,10,6,2,0,0
77.0323,-1.0,10,1,3,0,0
77.0323,-1.0,10,7,3,0,0
77.2258,-1.0,83,4,3,0,0
77.2258,77.6129,110,4,3,JumpScratch,-6
77.2258,-1.0,83,10,3,0,0
77.2258,77.6129,110,10,3,JumpScratch,-6
77.4194,-1.0,900,4,3,0,0
77.4194,-1.0,900,10,3,0,0
77.6129,78.0,110,1,3,JumpScratch,6
77.6129,78.0,110,7,3,JumpScratch,6
77.8065,-1.0,900,1,3,0,0
77.8065,-1.0,900,7,3,0,0
78.3871,-1.0,10,4,3,0,0
78.5806,-1.0,10,7,3,0,0
78.7742,-1.0,50,3,4,0,0
78.7742,-1.0,83,10,3,0,0
78.7742,79.1613,110,10,3,JumpScratch,-6
78.9677,-1.0,900,10,3,0,0
79.1613,-1.0,83,1,3,0,0
79.1613,79.3548,110,1,3,JumpScratch,6
79.1613,79.3548,110,7,3,JumpScratch,6
79.3548,79.5484,110,4,3,JumpScratch,-6
79.3548,79.5484,110,10,3,JumpScratch,-6
79.9355,-1.0,81,1,3,0,0
79.9355,80.3226,101,1,3,0,0
79.9355,-1.0,20,9,4,0,0
80.1290,-1.0,900,1,3,0,0
80.1290,-1.0,30,1,3,0,0
80.1290,-1.0,20,5,4,0,0
80.3226,-1.0,50,9,4,0,0
80.7097,-1.0,20,1,4,0,0
80.7097,-1.0,81,10,3,0,0
80.7097,81.0968,101,10,3,0,0
80.9032,-1.0,20,5,4,0,0
80.9032,-1.0,900,10,3,0,0
80.9032,-1.0,30,10,3,0,0
81.0968,-1.0,50,1,4,0,0
81.4839,-1.0,10,4,3,0,0
81.4839,-1.0,10,7,3,0,0
81.6774,-1.0,10,1,3,0,0
81.6774,-1.0,10,10,3,0,0
81.8710,-1.0,10,6,2,0,0
82.0645,-1.0,83,1,3,0,0
82.0645,82.4516,110,1,3,JumpScratch,6
82.0645,-1.0,83,10,3,0,0
82.0645,82.4516,110,10,3,JumpScratch,-6
82.2581,-1.0,900,1,3,0,0
82.2581,-1.0,900,10,3,0,0
82.4516,82.6452,110,4,3,JumpScratch,-6
82.4516,82.6452,110,7,3,JumpScratch,6
83.0323,-1.0,10,1,3,0,0
83.0323,-1.0,10,10,3,0,0
83.2258,-1.0,10,4,3,0,0
83.2258,-1.0,10,7,3,0,0
83.4194,-1.0,10,1,3,0,0
83.4194,-1.0,81,10,3,0,0
83.4194,83.8065,101,10,3,0,0
83.6129,-1.0,10,5,4,0,0
83.6129,-1.0,900,10,3,0,0
83.8065,-1.0,81,1,3,0,0
83.8065,84.1935,101,1,3,0,0
84.0,-1.0,900,1,3,0,0
84.0,-1.0,10,5,4,0,0
84.1935,-1.0,81,8,3,0,0
84.1935,84.5806,101,8,3,0,0
84.3871,-1.0,10,5,4,0,0
84.5806,-1.0,81,3,3,0,0
84.5806,84.9677,101,3,3,0,0
84.7742,-1.0,10,5,4,0,0
84.9677,-1.0,50,7,6,0,0
85.1613,-1.0,10,1,3,0,0
85.1613,-1.0,81,10,3,0,0
85.1613,86.1290,101,10,3,0,0
85.3548,-1.0,10,5,4,0,0
85.3548,-1.0,900,10,3,0,0
85.5484,-1.0,50,1,4,0,0
85.5484,-1.0,900,10,3,0,0
85.7419,-1.0,10,5,3,0,0
85.7419,-1.0,900,10,3,0,0
85.9355,-1.0,10,1,3,0,0
85.9355,-1.0,900,10,3,0,0
86.1290,-1.0,10,5,4,0,0
86.3226,-1.0,50,1,4,0,0
86.3226,-1.0,50,9,4,0,0
86.5161,-1.0,80,4,3,0,0
86.5161,87.4839,100,4,3,0,0
86.5161,-1.0,82,7,3,0,0
86.5161,86.9032,110,7,3,JumpScratch,6
86.7097,-1.0,900,4,3,0,0
86.7097,-1.0,900,7,3,0,0
86.9032,-1.0,900,4,3,0,0
86.9032,87.0968,110,10,3,JumpScratch,-6
87.0968,-1.0,900,4,3,0,0
87.0968,87.2903,110,7,3,JumpScratch,6
87.2903,-1.0,900,4,3,0,0
87.2903,87.4839,110,10,3,JumpScratch,-6
87.6774,-1.0,10,1,3,0,0
87.8710,-1.0,10,4,2,0,0
87.8710,-1.0,10,8,2,0,0
88.0645,-1.0,50,1,4,0,0
88.0645,-1.0,81,10,3,0,0
88.0645,88.4516,101,10,3,0,0
88.2581,-1.0,10,4,3,0,0
88.2581,-1.0,900,10,3,0,0
88.4516,-1.0,81,1,3,0,0
88.4516,88.8387,101,1,3,0,0
88.6452,-1.0,900,1,3,0,0
88.6452,-1.0,10,7,3,0,0
88.8387,-1.0,10,10,3,0,0
89.0323,-1.0,10,1,3,0,0
89.0323,-1.0,10,7,3,0,0
89.2258,-1.0,10,6,2,0,0
89.4194,-1.0,10,4,3,0,0
89.4194,-1.0,10,10,3,0,0
89.6129,-1.0,83,1,3,0,0
89.6129,90.0,110,1,3,JumpScratch,6
89.6129,-1.0,83,7,3,0,0
89.6129,90.0,110,7,3,JumpScratch,6
89.8065,-1.0,900,1,3,0,0
89.8065,-1.0,900,7,3,0,0
90.0,90.3871,110,4,3,JumpScratch,-6
90.0,90.3871,110,10,3,JumpScratch,-6
90.1935,-1.0,900,4,3,0,0
90.1935,-1.0,900,10,3,0,0
90.7742,-1.0,81,1,3,0,0
90.7742,91.1613,101,1,3,0,0
90.7742,-1.0,20,9,4,0,0
90.9677,-1.0,900,1,3,0,0
90.9677,-1.0,30,1,3,0,0
90.9677,-1.0,20,5,4,0,0
91.1613,-1.0,50,9,4,0,0
91.5484,-1.0,20,1,4,0,0
91.5484,-1.0,81,10,3,0,0
91.5484,91.9355,101,10,3,0,0
91.7419,-1.0,20,5,4,0,0
91.7419,-1.0,900,10,3,0,0
91.7419,-1.0,30,10,3,0,0
91.9355,-1.0,50,1,4,0,0
92.3226,-1.0,20,1,4,0,0
92.3226,-1.0,20,9,4,0,0
92.5161,-1.0,20,3,4,0,0
92.5161,-1.0,20,7,4,0,0
92.7097,-1.0,83,1,4,0,0
92.7097,93.0968,110,1,4,JumpScratch,6
92.7097,-1.0,83,9,4,0,0
92.7097,93.0968,110,9,4,JumpScratch,-6
92.9032,-1.0,900,1,4,0,0
92.9032,-1.0,900,9,4,0,0
93.0968,93.4839,110,4,3,JumpScratch,-6
93.0968,93.4839,110,7,3,JumpScratch,6
93.2903,-1.0,900,4,3,0,0
93.2903,-1.0,900,7,3,0,0
93.4839,93.8710,110,1,4,JumpScratch,5
93.4839,93.8710,110,9,4,JumpScratch,-5
93.6774,-1.0,900,1,4,0,0
93.6774,-1.0,900,9,4,0,0
94.0645,-1.0,20,3,4,0,0
94.0645,-1.0,20,7,4,0,0
94.2581,-1.0,81,3,4,0,0
94.2581,96.7742,101,3,4,0,0
94.2581,-1.0,81,7,4,0,0
94.2581,96.7742,101,7,4,0,0
94.4516,-1.0,900,3,4,0,0
94.4516,-1.0,900,7,4,0,0
94.6452,-1.0,900,3,4,0,0
94.6452,-1.0,900,7,4,0,0
94.8387,-1.0,900,3,4,0,0
94.8387,-1.0,900,7,4,0,0
95.0323,-1.0,900,3,4,0,0
95.0323,-1.0,900,7,4,0,0
95.2258,-1.0,900,3,4,0,0
95.2258,-1.0,900,7,4,0,0
95.4194,-1.0,900,3,4,0,0
95.4194,-1.0,900,7,4,0,0
95.6129,-1.0,900,3,4,0,0
95.6129,-1.0,900,7,4,0,0
95.8065,-1.0,900,3,4,0,0
95.8065,-1.0,900,7,4,0,0
96.0,-1.0,900,3,4,0,0
96.0,-1.0,900,7,4,0,0
96.1935,-1.0,900,3,4,0,0
96.1935,-1.0,900,7,4,0,0
96.3871,-1.0,900,3,4,0,0
96.3871,-1.0,900,7,4,0,0
96.5806,-1.0,900,3,4,0,0
96.5806,-1.0,900,7,4,0,0
97.1613,-1.0,50,1,6,JumpScratch,-6
97.1613,98.3226,110,1,2,0,0
97.3548,-1.0,900,1,2,0,0
97.5484,-1.0,900,1,2,0,0
97.7419,-1.0,900,1,2,0,0
97.9355,-1.0,900,1,2,0,0
98.1290,-1.0,900,1,2,0,0
98.3226,-1.0,10,6,4,0,0
98.5161,-1.0,80,10,2,0,0
98.5161,98.7097,100,10,2,0,0
98.7097,-1.0,80,4,2,0,0
98.7097,98.9032,100,4,2,0,0
98.9032,-1.0,80,7,2,0,0
98.9032,99.0968,100,7,2,0,0
99.0968,-1.0,80,2,2,0,0
99.0968,99.2903,100,2,2,0,0
99.2903,-1.0,80,8,2,0,0
99.2903,99.4839,100,8,2,0,0
99.4839,-1.0,80,5,2,0,0
99.4839,99.6774,100,5,2,0,0
99.6774,-1.0,80,10,2,0,0
99.6774,99.8710,100,10,2,0,0
99.8710,-1.0,80,4,2,0,0
99.8710,100.0645,100,4,2,0,0
100.0645,-1.0,80,7,2,0,0
100.0645,100.2581,100,7,2,0,0
100.2581,-1.0,80,1,2,0,0
100.2581,100.4516,100,1,2,0,0
100.4516,-1.0,10,11,2,0,0
100.6452,-1.0,83,1,3,0,0
100.6452,101.2258,110,1,3,0,0
100.6452,-1.0,50,9,4,0,0
100.8387,-1.0,900,1,3,0,0
101.0323,-1.0,900,1,3,0,0
101.0323,-1.0,10,5,4,0,0
101.2258,-1.0,83,10,3,0,0
101.2258,101.8065,110,10,3,0,0
101.4194,-1.0,900,10,3,0,0
101.6129,-1.0,10,5,4,0,0
101.6129,-1.0,900,10,3,0,0
101.8065,-1.0,83,1,4,0,0
101.8065,102.3871,110,1,4,0,0
102.0,-1.0,900,1,4,0,0
102.1935,-1.0,900,1,4,0,0
102.1935,-1.0,10,5,4,0,0
102.3871,-1.0,83,9,4,0,0
102.3871,102.9677,110,9,4,JumpScratch,-6
102.5806,-1.0,900,9,4,0,0
102.7742,-1.0,900,9,4,0,0
102.9677,-1.0,81,3,4,0,0
102.9677,103.7419,101,3,4,0,0
102.9677,103.7419,110,7,4,JumpScratch,6
103.1613,-1.0,900,3,4,0,0
103.1613,-1.0,900,7,4,0,0
103.3548,-1.0,900,3,4,0,0
103.3548,-1.0,900,7,4,0,0
103.5484,-1.0,900,3,4,0,0
103.5484,-1.0,900,7,4,0,0
103.9355,-1.0,10,4,3,0,0
104.1290,-1.0,10,7,3,0,0
104.3226,-1.0,10,4,3,0,0
104.5161,-1.0,20,2,3,0,0
104.5161,-1.0,20,9,3,0,0
104.7097,-1.0,10,7,3,0,0
104.9032,-1.0,10,4,3,0,0
105.0968,-1.0,10,7,3,0,0
105.2903,-1.0,20,2,3,0,0
105.2903,-1.0,20,9,3,0,0
105.4839,-1.0,10,5,4,0,0
105.6774,-1.0,20,2,3,0,0
105.6774,-1.0,20,9,3,0,0
105.8710,-1.0,10,4,3,0,0
105.9677,-1.0,10,7,3,0,0
106.0645,-1.0,50,1,4,0,0
106.2581,-1.0,50,5,4,0,0
106.4516,-1.0,50,9,4,0,0
106.6452,-1.0,50,1,4,0,0
106.6452,-1.0,81,9,2,0,0
106.6452,108.0,101,9,2,0,0
106.8387,-1.0,900,9,2,0,0
107.0323,-1.0,900,9,2,0,0
107.2258,-1.0,900,9,2,0,0
107.4194,-1.0,900,9,2,0,0
107.6129,-1.0,900,9,2,0,0
107.8065,-1.0,900,9,2,0,0
108.3871,-1.0,81,3,2,0,0
108.3871,109.5484,101,3,2,0,0
108.3871,-1.0,50,9,4,0,0
108.5806,-1.0,900,3,2,0,0
108.7742,-1.0,900,3,2,0,0
108.9677,-1.0,900,3,2,0,0
109.1613,-1.0,900,3,2,0,0
109.3548,-1.0,900,3,2,0,0
109.9355,-1.0,50,1,4,0,0
109.9355,-1.0,81,8,2,0,0
109.9355,111.0968,101,8,2,0,0
110.1290,-1.0,900,8,2,0,0
110.3226,-1.0,900,8,2,0,0
110.5161,-1.0,900,8,2,0,0
110.7097,-1.0,900,8,2,0,0
110.9032,-1.0,900,8,2,0,0
111.4839,-1.0,81,4,2,0,0
111.4839,112.6452,101,4,2,0,0
111.4839,-1.0,50,9,4,0,0
111.6774,-1.0,900,4,2,0,0
111.8710,-1.0,900,4,2,0,0
112.0645,-1.0,900,4,2,0,0
112.2581,-1.0,900,4,2,0,0
112.4516,-1.0,900,4,2,0,0
113.0323,-1.0,10,3,4,0,0
113.0323,-1.0,83,9,4,0,0
113.0323,113.4194,110,9,4,0,0
113.2258,-1.0,900,9,4,0,0
113.4194,-1.0,10,3,4,0,0
113.8065,-1.0,83,1,4,0,0
113.8065,114.1935,110,1,4,0,0
113.8065,-1.0,10,7,4,0,0
114.0,-1.0,900,1,4,0,0
114.1935,-1.0,10,7,4,0,0
114.5806,-1.0,10,4,4,0,0
114.5806,-1.0,83,9,4,0,0
114.5806,114.9677,110,9,4,0,0
114.7742,-1.0,900,9,4,0,0
114.9677,-1.0,10,4,4,0,0
115.3548,-1.0,83,1,4,0,0
115.3548,115.7419,110,1,4,0,0
115.3548,-1.0,10,6,4,0,0
115.5484,-1.0,900,1,4,0,0
115.7419,-1.0,10,6,4,0,0
116.1290,-1.0,83,1,3,0,0
116.1290,116.5161,110,1,3,JumpScratch,6
116.1290,-1.0,83,10,3,0,0
116.1290,116.5161,110,10,3,JumpScratch,-6
116.3226,-1.0,900,1,3,0,0
116.3226,-1.0,900,10,3,0,0
116.5161,116.9032,110,4,3,JumpScratch,-6
116.5161,116.9032,110,7,3,JumpScratch,6
116.7097,-1.0,900,4,3,0,0
116.7097,-1.0,900,7,3,0,0
117.0968,-1.0,20,1,3,0,0
117.0968,-1.0,20,10,3,0,0
117.2903,-1.0,20,4,3,0,0
117.2903,-1.0,20,10,3,0,0
117.4839,-1.0,50,1,3,0,0
117.4839,-1.0,50,10,3,0,0
117.8710,-1.0,20,1,3,0,0
117.8710,-1.0,20,10,3,0,0
118.0645,-1.0,20,1,3,0,0
118.0645,-1.0,20,7,3,0,0
118.2581,-1.0,50,1,3,0,0
118.2581,-1.0,50,10,3,0,0
118.6452,-1.0,10,7,3,0,0
118.8387,-1.0,10,4,3,0,0
119.0323,-1.0,83,1,3,0,0
119.0323,119.8065,110,1,3,0,0
119.0323,-1.0,50,10,3,0,0
119.2258,-1.0,900,1,3,0,0
119.4194,-1.0,900,1,3,0,0
119.4194,-1.0,10,10,3,0,0
119.6129,-1.0,900,1,3,0,0
119.6129,-1.0,40,1,3,0,0
119.6129,-1.0,83,7,3,0,0
119.6129,119.8065,110,7,3,0,0
120.1935,-1.0,10,1,3,0,0
120.1935,-1.0,10,10,3,0,0
120.3871,-1.0,10,4,3,0,0
120.3871,-1.0,10,7,3,0,0
120.5806,-1.0,81,1,3,0,0
120.5806,120.9677,101,1,3,0,0
120.5806,-1.0,10,10,3,0,0
120.7742,-1.0,900,1,3,0,0
120.7742,-1.0,10,7,3,0,0
120.9677,-1.0,81,10,3,0,0
120.9677,121.3548,101,10,3,0,0
121.1613,-1.0,10,1,3,0,0
121.1613,-1.0,900,10,3,0,0
121.3548,-1.0,81,4,3,0,0
121.3548,121.7419,101,4,3,0,0
121.5484,-1.0,900,4,3,0,0
121.5484,-1.0,10,10,3,0,0
121.7419,-1.0,81,7,3,0,0
121.7419,122.1290,101,7,3,0,0
121.9355,-1.0,10,4,3,0,0
121.9355,-1.0,900,7,3,0,0
122.1290,-1.0,50,1,3,0,0
122.3226,-1.0,81,1,3,0,0
122.3226,123.2903,101,1,3,0,0
122.3226,-1.0,10,10,3,0,0
122.5161,-1.0,900,1,3,0,0
122.5161,-1.0,10,7,3,0,0
122.7097,-1.0,900,1,3,0,0
122.7097,-1.0,50,10,3,0,0
122.9032,-1.0,900,1,3,0,0
122.9032,-1.0,10,7,3,0,0
123.0968,-1.0,900,1,3,0,0
123.0968,-1.0,10,10,3,0,0
123.2903,-1.0,10,7,3,0,0
123.4839,-1.0,10,1,3,0,0
123.4839,-1.0,10,10,3,0,0
123.6774,-1.0,82,4,3,0,0
123.6774,124.4516,110,4,3,0,0
123.6774,-1.0,82,7,3,0,0
123.6774,124.4516,110,7,3,0,0
123.8710,-1.0,900,4,3,0,0
123.8710,-1.0,900,7,3,0,0
124.0645,-1.0,900,4,3,0,0
124.0645,-1.0,40,4,3,0,0
124.0645,-1.0,900,7,3,0,0
124.0645,-1.0,40,7,3,0,0
124.2581,-1.0,900,4,3,0,0
124.2581,-1.0,40,4,3,0,0
124.2581,-1.0,900,7,3,0,0
124.2581,-1.0,40,7,3,0,0
124.6452,-1.0,50,1,3,0,0
124.6452,-1.0,50,10,3,0,0
124.8387,-1.0,10,1,3,0,0
124.8387,-1.0,10,7,3,0,0
125.0323,-1.0,10,4,3,0,0
125.0323,-1.0,10,10,3,0,0
125.2258,-1.0,81,1,3,0,0
125.2258,125.6129,101,1,3,0,0
125.2258,-1.0,50,10,3,0,0
125.4194,-1.0,900,1,3,0,0
125.4194,-1.0,10,7,3,0,0
125.6129,-1.0,81,10,3,0,0
125.6129,126.0,101,10,3,0,0
125.8065,-1.0,10,4,3,0,0
125.8065,-1.0,900,10,3,0,0
126.0,-1.0,10,1,3,0,0
126.1935,-1.0,10,4,3,0,0
126.1935,-1.0,10,10,3,0,0
126.3871,-1.0,10,4,3,0,0
126.3871,-1.0,10,7,3,0,0
126.5806,-1.0,10,1,3,0,0
126.5806,-1.0,10,7,3,0,0
126.7742,-1.0,83,4,3,0,0
126.7742,127.1613,110,4,3,0,0
126.7742,-1.0,50,10,3,0,0
126.9677,-1.0,900,4,3,0,0
127.1613,-1.0,83,7,3,0,0
127.1613,127.5484,110,7,3,0,0
127.3548,-1.0,900,7,3,0,0
127.5484,-1.0,50,1,3,0,0
127.9355,-1.0,83,4,3,0,0
127.9355,128.1290,110,4,3,JumpScratch,-6
127.9355,-1.0,20,10,3,0,0
128.1290,128.3226,110,1,3,JumpScratch,6
128.1290,-1.0,20,7,3,0,0
128.3226,-1.0,50,8,5,JumpScratch,5
128.7097,-1.0,20,1,3,0,0
128.7097,-1.0,83,7,3,0,0
128.7097,128.9032,110,7,3,JumpScratch,6
128.9032,-1.0,20,4,3,0,0
128.9032,129.0968,110,10,3,JumpScratch,-6
129.0968,-1.0,50,1,5,JumpScratch,-5
129.4839,-1.0,20,3,4,0,0
129.4839,-1.0,20,7,4,0,0
129.6774,-1.0,20,1,4,0,0
129.6774,-1.0,20,9,4,0,0
129.8710,-1.0,83,3,4,0,0
129.8710,130.2581,110,3,4,JumpScratch,-6
129.8710,-1.0,83,7,4,0,0
129.8710,130.2581,110,7,4,JumpScratch,6
130.0645,-1.0,900,3,4,0,0
130.0645,-1.0,900,7,4,0,0
130.2581,130.6452,110,1,3,JumpScratch,6
130.2581,130.6452,110,10,3,JumpScratch,-6
130.4516,-1.0,900,1,3,0,0
130.4516,-1.0,900,10,3,0,0
130.6452,131.0323,110,3,4,JumpScratch,-6
130.6452,131.0323,110,7,4,JumpScratch,6
130.8387,-1.0,900,3,4,0,0
130.8387,-1.0,900,7,4,0,0
131.2258,-1.0,20,1,4,0,0
131.2258,-1.0,20,9,4,0,0
131.4194,-1.0,81,1,4,0,0
131.4194,134.3226,101,1,4,0,0
131.4194,-1.0,81,9,4,0,0
131.4194,134.3226,101,9,4,0,0
131.6129,-1.0,900,1,4,0,0
131.6129,-1.0,900,9,4,0,0
131.8065,-1.0,900,1,4,0,0
131.8065,-1.0,900,9,4,0,0
132.0,-1.0,900,1,4,0,0
132.0,-1.0,900,9,4,0,0
132.1935,-1.0,900,1,4,0,0
132.1935,-1.0,900,9,4,0,0
132.3871,-1.0,900,1,4,0,0
132.3871,-1.0,900,9,4,0,0
132.5806,-1.0,900,1,4,0,0
132.5806,-1.0,900,9,4,0,0
132.7742,-1.0,900,1,4,0,0
132.7742,-1.0,900,9,4,0,0
132.9677,-1.0,900,1,4,0,0
132.9677,-1.0,900,9,4,0,0
133.1613,-1.0,900,1,4,0,0
133.1613,-1.0,900,9,4,0,0
133.3548,-1.0,900,1,4,0,0
133.3548,-1.0,900,9,4,0,0
133.5484,-1.0,900,1,4,0,0
133.5484,-1.0,900,9,4,0,0
133.7419,-1.0,900,1,4,0,0
133.7419,-1.0,900,9,4,0,0
133.9355,-1.0,900,1,4,0,0
133.9355,-1.0,900,9,4,0,0
134.1290,-1.0,900,1,4,0,0
134.1290,-1.0,900,9,4,0,0
134.7097,-1.0,20,1,4,0,0
134.7097,-1.0,20,9,4,0,0
134.9032,-1.0,10,4,3,0,0
135.0968,-1.0,10,7,3,0,0
135.2903,-1.0,10,2,3,0,0
135.2903,-1.0,80,9,3,0,0
135.2903,135.6774,100,9,3,0,0
135.4839,-1.0,10,5,4,0,0
135.4839,-1.0,900,9,3,0,0
135.6774,-1.0,80,2,3,0,0
135.6774,136.0645,100,2,3,0,0
135.8710,-1.0,900,2,3,0,0
135.8710,-1.0,10,5,4,0,0
136.0645,-1.0,80,10,3,0,0
136.0645,136.4516,100,10,3,0,0
136.2581,-1.0,10,5,4,0,0
136.2581,-1.0,900,10,3,0,0
136.4516,-1.0,80,1,3,0,0
136.4516,136.8387,100,1,3,0,0
136.6452,-1.0,900,1,3,0,0
136.6452,-1.0,10,5,4,0,0
136.8387,-1.0,82,10,3,0,0
136.8387,137.2258,110,10,3,JumpScratch,-8
137.0323,-1.0,10,5,4,0,0
137.0323,-1.0,900,10,3,0,0
137.2258,-1.0,82,1,3,0,0
137.2258,137.4194,110,1,3,JumpScratch,12
137.2258,137.6129,110,5,4,JumpScratch,-8
137.4194,137.6129,110,10,3,JumpScratch,-4
137.6129,139.7419,110,1,3,0,0
137.8065,-1.0,900,1,3,0,0
137.8065,-1.0,10,7,3,0,0
138.0,-1.0,900,1,3,0,0
138.0,-1.0,10,7,3,0,0
138.1935,-1.0,900,1,3,0,0
138.1935,-1.0,40,1,3,0,0
138.1935,-1.0,10,10,3,0,0
138.3871,-1.0,900,1,3,0,0
138.3871,-1.0,80,7,3,0,0
138.3871,138.5806,100,7,3,0,0
138.5806,-1.0,900,1,3,0,0
138.7742,-1.0,900,1,3,0,0
138.7742,-1.0,80,10,3,0,0
138.7742,138.9677,100,10,3,0,0
138.9677,-1.0,900,1,3,0,0
138.9677,-1.0,40,1,3,0,0
139.1613,-1.0,900,1,3,0,0
139.1613,-1.0,80,7,3,0,0
139.1613,139.3548,100,7,3,0,0
139.3548,-1.0,900,1,3,0,0
139.5484,-1.0,900,1,3,0,0
139.5484,-1.0,82,10,3,0,0
139.5484,139.7419,110,10,3,0,0
139.9355,-1.0,10,5,4,0,0
140.1290,-1.0,10,2,3,0,0
140.1290,-1.0,10,9,3,0,0
140.3226,-1.0,82,5,4,0,0
140.3226,140.7097,110,5,4,JumpScratch,8
140.3226,-1.0,82,10,3,0,0
140.3226,140.5161,110,10,3,JumpScratch,-12
140.5161,140.7097,110,1,3,JumpScratch,4
140.7097,143.6129,110,10,3,0,0
140.9032,-1.0,10,4,3,0,0
140.9032,-1.0,900,10,3,0,0
141.0968,-1.0,10,4,3,0,0
141.0968,-1.0,900,10,3,0,0
141.2903,-1.0,10,1,3,0,0
141.2903,-1.0,900,10,3,0,0
141.2903,-1.0,40,10,3,0,0
141.4839,-1.0,80,4,3,0,0
141.4839,141.6774,100,4,3,0,0
141.4839,-1.0,900,10,3,0,0
141.6774,-1.0,900,10,3,0,0
141.8710,-1.0,80,1,3,0,0
141.8710,142.0645,100,1,3,0,0
141.8710,-1.0,900,10,3,0,0
142.0645,-1.0,900,10,3,0,0
142.0645,-1.0,40,10,3,0,0
142.2581,-1.0,80,4,3,0,0
142.2581,142.4516,100,4,3,0,0
142.2581,-1.0,900,10,3,0,0
142.4516,-1.0,900,10,3,0,0
142.6452,-1.0,80,1,3,0,0
142.6452,142.8387,100,1,3,0,0
142.6452,-1.0,900,10,3,0,0
142.8387,-1.0,900,10,3,0,0
142.8387,-1.0,40,10,3,0,0
143.0323,-1.0,80,4,3,0,0
143.0323,143.2258,100,4,3,0,0
143.0323,-1.0,900,10,3,0,0
143.2258,-1.0,900,10,3,0,0
143.4194,-1.0,82,1,3,0,0
143.4194,143.6129,110,1,3,0,0
143.4194,-1.0,900,10,3,0,0
144.0,-1.0,10,2,3,0,0
144.0,-1.0,10,9,3,0,0
144.1935,-1.0,10,7,2,0,0
144.3871,-1.0,10,5,2,0,0
144.5806,-1.0,50,1,3,0,0
144.5806,-1.0,50,10,3,0,0
144.9677,-1.0,10,3,3,0,0
144.9677,-1.0,10,8,3,0,0
145.1613,-1.0,81,1,3,0,0
145.1613,148.6452,101,1,3,0,0
145.1613,-1.0,50,10,3,0,0
145.3548,-1.0,900,1,3,0,0
145.5484,-1.0,900,1,3,0,0
145.7419,-1.0,900,1,3,0,0
145.9355,-1.0,900,1,3,0,0
146.1290,-1.0,900,1,3,0,0
146.3226,-1.0,900,1,3,0,0
146.5161,-1.0,900,1,3,0,0
146.7097,-1.0,900,1,3,0,0
146.9032,-1.0,900,1,3,0,0
147.0968,-1.0,900,1,3,0,0
147.2903,-1.0,900,1,3,0,0
147.4839,-1.0,900,1,3,0,0
147.6774,-1.0,900,1,3,0,0
147.8710,-1.0,900,1,3,0,0
148.0645,-1.0,900,1,3,0,0
148.2581,-1.0,900,1,3,0,0
148.4516,-1.0,900,1,3,0,0