0.0,-1.0,10,11,2,0,0
116.8283,133.2237,0,0,0,14,10370
0.1887,-1.0,10,5,2,0,0
0.3774,-1.0,10,8,2,0,0
0.5660,-1.0,10,2,2,0,0
0.7547,-1.0,10,10,2,0,0
0.9434,-1.0,10,4,2,0,0
1.1321,-1.0,10,7,2,0,0
1.3208,-1.0,10,1,2,0,0
1.5094,-1.0,80,11,2,0,0
1.5094,2.2642,100,11,2,0,0
1.6981,-1.0,900,11,2,0,0
1.8868,-1.0,900,11,2,0,0
2.0755,-1.0,900,11,2,0,0
2.6415,-1.0,10,4,3,0,0
2.7358,-1.0,10,7,3,0,0
2.8302,-1.0,10,4,3,0,0
2.9245,-1.0,10,7,3,0,0
3.0189,-1.0,83,4,3,0,0
3.0189,3.3962,110,4,3,JumpScratch,-6
3.2075,-1.0,900,4,3,0,0
3.3962,3.5849,110,1,3,JumpScratch,6
3.9623,-1.0,10,10,3,0,0
4.1509,-1.0,10,4,3,0,0
4.3396,-1.0,10,7,3,0,0
4.5283,-1.0,10,1,3,0,0
4.7170,-1.0,10,7,3,0,0
4.9057,-1.0,10,4,3,0,0
5.0943,-1.0,80,10,3,0,0
5.0943,5.6604,100,10,3,0,0
5.2830,-1.0,900,10,3,0,0
5.4717,-1.0,900,10,3,0,0
5.6604,-1.0,50,1,4,0,0
6.0377,-1.0,82,4,3,0,0
6.0377,6.6038,110,4,3,JumpScratch,-6
6.0377,-1.0,82,7,3,0,0
6.0377,6.6038,110,7,3,JumpScratch,6
6.2264,-1.0,900,4,3,0,0
6.2264,-1.0,900,7,3,0,0
6.4151,-1.0,900,4,3,0,0
6.4151,-1.0,900,7,3,0,0
6.6038,7.5472,110,1,3,0,0
6.6038,7.5472,110,10,3,0,0
6.7925,-1.0,900,1,3,0,0
6.7925,-1.0,900,10,3,0,0
6.9811,-1.0,900,1,3,0,0
6.9811,-1.0,900,10,3,0,0
7.1698,-1.0,900,1,3,0,0
7.1698,-1.0,900,10,3,0,0
7.3585,-1.0,900,1,3,0,0
7.3585,-1.0,900,10,3,0,0
7.9245,-1.0,20,1,4,0,0
8.3019,-1.0,10,7,3,0,0
8.4906,-1.0,10,4,3,0,0
8.6792,-1.0,20,9,4,0,0
9.0566,-1.0,10,10,3,0,0
9.2453,-1.0,10,4,3,0,0
9.4340,-1.0,10,7,3,0,0
9.6226,-1.0,80,1,3,0,0
9.6226,10.1887,100,1,3,0,0
9.8113,-1.0,900,1,3,0,0
10.0,-1.0,900,1,3,0,0
10.1887,-1.0,50,9,4,0,0
10.5660,-1.0,10,1,3,0,0
10.7547,-1.0,10,7,3,0,0
10.9434,-1.0,10,4,3,0,0
11.1321,-1.0,10,10,3,0,0
11.3208,-1.0,82,4,3,0,0
11.3208,11.6981,110,4,3,JumpScratch,-6
11.3208,-1.0,82,7,3,0,0
11.3208,11.6981,110,7,3,JumpScratch,6
11.5094,-1.0,900,4,3,0,0
11.5094,-1.0,900,7,3,0,0
12.0755,-1.0,80,1,3,0,0
12.0755,12.4528,100,1,3,0,0
12.2642,-1.0,900,1,3,0,0
12.4528,-1.0,80,10,3,0,0
12.4528,12.8302,100,10,3,0,0
12.6415,-1.0,900,10,3,0,0
12.8302,-1.0,80,4,3,0,0
12.8302,13.2075,100,4,3,0,0
13.0189,-1.0,900,4,3,0,0
13.2075,-1.0,82,7,3,0,0
13.2075,13.5849,110,7,3,JumpScratch,6
13.3962,-1.0,900,7,3,0,0
13.5849,-1.0,82,1,3,0,0
13.5849,14.1509,110,1,3,JumpScratch,6
13.5849,14.1509,110,10,3,JumpScratch,-6
13.7736,-1.0,900,1,3,0,0
13.7736,-1.0,900,10,3,0,0
13.9623,-1.0,900,1,3,0,0
13.9623,-1.0,900,10,3,0,0
14.1509,14.2453,110,4,3,JumpScratch,-6
14.1509,14.2453,110,7,3,JumpScratch,6
14.2453,14.3396,110,1,3,JumpScratch,6
14.2453,14.3396,110,10,3,JumpScratch,-6
14.3396,14.7170,110,4,3,JumpScratch,-6
14.3396,14.7170,110,7,3,JumpScratch,6
14.5283,-1.0,900,4,3,0,0
14.5283,-1.0,900,7,3,0,0
15.0943,-1.0,83,7,3,0,0
15.0943,15.4717,110,7,3,JumpScratch,6
15.2830,-1.0,900,7,3,0,0
15.4717,15.6604,110,10,3,JumpScratch,-6
16.0377,-1.0,10,1,3,0,0
16.2264,-1.0,10,7,3,0,0
16.4151,-1.0,10,4,3,0,0
16.6038,-1.0,10,10,3,0,0
16.7925,-1.0,10,4,3,0,0
16.9811,-1.0,10,7,3,0,0
17.1698,-1.0,80,1,3,0,0
17.1698,17.7358,100,1,3,0,0
17.3585,-1.0,900,1,3,0,0
17.5472,-1.0,900,1,3,0,0
17.7358,-1.0,50,9,4,0,0
18.1132,-1.0,82,4,3,0,0
18.1132,18.6792,110,4,3,JumpScratch,-6
18.1132,-1.0,82,7,3,0,0
18.1132,18.6792,110,7,3,JumpScratch,6
18.3019,-1.0,900,4,3,0,0
18.3019,-1.0,900,7,3,0,0
18.4906,-1.0,900,4,3,0,0
18.4906,-1.0,900,7,3,0,0
18.6792,19.0566,110,1,3,JumpScratch,5
18.6792,19.0566,110,10,3,JumpScratch,-5
18.8679,-1.0,900,1,3,0,0
18.8679,-1.0,900,10,3,0,0
19.2453,-1.0,10,4,3,0,0
19.4340,-1.0,10,7,3,0,0
19.6226,-1.0,82,4,3,0,0
19.6226,20.0,110,4,3,0,0
19.8113,-1.0,900,4,3,0,0
20.3774,-1.0,82,7,3,0,0
20.3774,20.7547,110,7,3,0,0
20.5660,-1.0,900,7,3,0,0
20.9434,-1.0,10,4,3,0,0
21.0377,-1.0,10,7,3,0,0
21.1321,-1.0,10,4,3,0,0
21.3208,-1.0,10,10,3,0,0
21.5094,-1.0,10,1,3,0,0
21.6981,-1.0,80,7,3,0,0
21.6981,22.0755,100,7,3,0,0
21.8868,-1.0,900,7,3,0,0
22.2642,-1.0,10,4,3,0,0
22.4528,-1.0,10,10,3,0,0
22.6415,-1.0,82,4,3,0,0
22.6415,23.0189,110,4,3,0,0
22.8302,-1.0,900,4,3,0,0
23.3962,-1.0,20,9,4,0,0
23.4906,-1.0,10,4,3,0,0
23.5849,-1.0,10,9,4,0,0
23.6792,-1.0,10,4,3,0,0
23.7736,-1.0,20,7,4,0,0
23.8679,-1.0,10,1,3,0,0
23.9623,-1.0,10,7,4,0,0
24.1509,-1.0,83,1,3,0,0
24.1509,24.4025,110,1,3,JumpScratch,6
24.4025,24.6541,110,4,3,JumpScratch,-6
24.5912,-1.0,900,4,3,0,0
24.9057,-1.0,83,7,3,0,0
24.9057,25.1572,110,7,3,JumpScratch,6
25.1572,25.4088,110,10,3,JumpScratch,-6
25.3459,-1.0,900,10,3,0,0
25.6604,-1.0,83,1,4,0,0
25.6604,26.0377,110,1,4,JumpScratch,6
25.6604,-1.0,83,7,4,0,0
25.6604,26.0377,110,7,4,JumpScratch,6
25.8491,-1.0,900,1,4,0,0
25.8491,-1.0,900,7,4,0,0
26.4151,-1.0,83,3,4,0,0
26.4151,26.7925,110,3,4,JumpScratch,-6
26.4151,-1.0,83,9,4,0,0
26.4151,26.7925,110,9,4,JumpScratch,-6
26.6038,-1.0,900,3,4,0,0
26.6038,-1.0,900,9,4,0,0
27.1698,-1.0,80,1,3,0,0
27.1698,27.5645,100,1,3,0,0
27.3672,-1.0,900,1,3,0,0
27.7619,-1.0,10,7,3,0,0
27.9593,-1.0,80,1,3,0,0
27.9593,28.3540,100,1,3,0,0
28.1567,-1.0,900,1,3,0,0
28.5514,-1.0,10,7,3,0,0
28.9461,-1.0,10,4,3,0,0
29.3409,-1.0,10,10,3,0,0
29.5382,-1.0,80,4,3,0,0
29.5382,29.9330,100,4,3,0,0
29.7356,-1.0,900,4,3,0,0
29.9330,-1.0,10,7,3,0,0
30.3277,-1.0,80,10,3,0,0
30.3277,30.7224,100,10,3,0,0
30.5251,-1.0,900,10,3,0,0
30.9198,-1.0,10,4,3,0,0
31.1172,-1.0,80,10,3,0,0
31.1172,31.5119,100,10,3,0,0
31.3145,-1.0,900,10,3,0,0
31.7093,-1.0,10,4,3,0,0
32.1040,-1.0,10,7,3,0,0
32.4988,-1.0,10,1,3,0,0
32.6961,-1.0,80,7,3,0,0
32.6961,33.0909,100,7,3,0,0
32.8935,-1.0,900,7,3,0,0
33.0909,-1.0,10,4,3,0,0
33.4856,-1.0,80,1,3,0,0
33.4856,33.8803,100,1,3,0,0
33.4856,-1.0,10,7,3,0,0
33.6830,-1.0,900,1,3,0,0
34.0777,-1.0,10,7,3,0,0
34.2751,-1.0,80,1,3,0,0
34.2751,34.6698,100,1,3,0,0
34.4724,-1.0,900,1,3,0,0
34.8672,-1.0,10,7,3,0,0
35.2619,-1.0,10,4,3,0,0
35.6567,-1.0,10,10,3,0,0
35.8540,-1.0,80,4,3,0,0
35.8540,36.2488,100,4,3,0,0
36.0514,-1.0,900,4,3,0,0
36.2488,-1.0,10,7,3,0,0
36.6435,-1.0,10,4,3,0,0
36.6435,-1.0,80,10,3,0,0
36.6435,37.0382,100,10,3,0,0
36.8409,-1.0,900,10,3,0,0
37.2356,-1.0,10,4,3,0,0
37.4330,-1.0,80,10,3,0,0
37.4330,37.8277,100,10,3,0,0
37.6303,-1.0,900,10,3,0,0
38.0251,-1.0,10,4,3,0,0
38.4198,-1.0,10,7,3,0,0
38.8145,-1.0,82,1,3,0,0
38.8145,39.0119,110,1,3,0,0
39.2093,-1.0,10,10,3,0,0
39.4067,-1.0,10,4,3,0,0
39.6040,-1.0,10,7,3,0,0
39.8014,-1.0,80,1,3,0,0
39.8014,40.5909,100,1,3,0,0
39.8014,-1.0,80,10,3,0,0
39.8014,40.5909,100,10,3,0,0
39.9988,-1.0,900,1,3,0,0
39.9988,-1.0,900,10,3,0,0
40.1961,-1.0,900,1,3,0,0
40.1961,-1.0,900,10,3,0,0
40.3935,-1.0,900,1,3,0,0
40.3935,-1.0,900,10,3,0,0
40.9856,-1.0,10,7,3,0,0
41.1830,-1.0,50,1,4,0,0
41.5777,-1.0,10,10,3,0,0
41.9724,-1.0,80,4,3,0,0
41.9724,42.5645,100,4,3,0,0
42.1698,-1.0,900,4,3,0,0
42.3672,-1.0,900,4,3,0,0
42.5645,-1.0,10,7,3,0,0
42.7619,-1.0,10,4,3,0,0
42.9593,-1.0,80,10,3,0,0
42.9593,43.3540,100,10,3,0,0
43.1567,-1.0,900,10,3,0,0
43.5514,-1.0,80,4,3,0,0
43.5514,44.3409,100,4,3,0,0
43.7488,-1.0,900,4,3,0,0
43.9461,-1.0,900,4,3,0,0
44.1435,-1.0,900,4,3,0,0
44.7356,-1.0,80,7,3,0,0
44.7356,45.1303,100,7,3,0,0
44.9330,-1.0,900,7,3,0,0
45.1303,-1.0,10,1,3,0,0
45.3277,-1.0,10,10,3,0,0
45.5251,-1.0,10,4,3,0,0
45.7224,-1.0,10,7,3,0,0
45.9198,-1.0,10,1,3,0,0
46.1172,-1.0,10,10,3,0,0
46.3145,-1.0,50,3,4,0,0
46.7093,-1.0,80,7,3,0,0
46.7093,47.4988,100,7,3,0,0
46.9067,-1.0,900,7,3,0,0
47.1040,-1.0,900,7,3,0,0
47.3014,-1.0,900,7,3,0,0
47.8935,-1.0,10,1,3,0,0
48.0909,-1.0,10,7,3,0,0
48.2882,-1.0,80,4,3,0,0
48.2882,48.6830,100,4,3,0,0
48.4856,-1.0,900,4,3,0,0
48.6830,-1.0,10,10,3,0,0
48.8803,-1.0,10,4,3,0,0
49.0777,-1.0,10,7,3,0,0
49.2751,-1.0,10,1,3,0,0
49.4724,-1.0,50,7,4,0,0
49.8672,-1.0,80,4,3,0,0
49.8672,50.6567,100,4,3,0,0
50.0645,-1.0,900,4,3,0,0
50.2619,-1.0,900,4,3,0,0
50.4593,-1.0,900,4,3,0,0
51.0514,-1.0,10,7,3,0,0
51.4461,-1.0,10,1,3,0,0
51.6435,-1.0,82,7,3,0,0
51.6435,52.0382,110,7,3,0,0
51.8409,-1.0,900,7,3,0,0
52.4330,-1.0,10,1,3,0,0
52.4330,-1.0,10,10,3,0,0
52.8395,-1.0,10,4,3,0,0
53.1647,-1.0,50,7,4,0,0
53.6525,-1.0,10,1,3,0,0
53.8964,-1.0,10,4,3,0,0
54.1403,-1.0,10,7,3,0,0
54.3842,-1.0,10,4,3,0,0
54.3842,-1.0,10,10,3,0,0
54.8720,-1.0,10,1,3,0,0
54.8720,-1.0,10,7,3,0,0
55.3598,-1.0,82,4,3,0,0
55.3598,55.7663,110,4,3,0,0
55.3598,-1.0,50,9,4,0,0
55.6037,-1.0,900,4,3,0,0
56.3354,-1.0,10,1,3,0,0
56.3354,-1.0,10,10,3,0,0
56.7419,-1.0,10,7,3,0,0
57.0671,-1.0,50,3,4,0,0
57.5549,-1.0,10,10,3,0,0
57.7988,-1.0,10,7,3,0,0
58.0427,-1.0,10,4,3,0,0
58.2866,-1.0,80,1,3,0,0
58.2866,58.7744,100,1,3,0,0
58.2866,-1.0,50,7,4,0,0
58.5305,-1.0,900,1,3,0,0
59.0183,-1.0,80,7,3,0,0
59.0183,59.2622,100,7,3,0,0
59.0996,-1.0,30,7,3,0,0
59.1809,-1.0,30,7,3,0,0
59.5061,-1.0,82,1,3,0,0
59.5061,59.9126,110,1,3,0,0
59.5061,-1.0,82,10,3,0,0
59.5061,59.9126,110,10,3,0,0
59.7500,-1.0,900,1,3,0,0
59.7500,-1.0,900,10,3,0,0
60.2378,-1.0,10,4,3,0,0
60.4817,-1.0,50,7,6,0,0
60.7257,-1.0,10,1,3,0,0
60.9696,-1.0,10,1,3,0,0
61.2135,-1.0,10,7,3,0,0
61.4574,-1.0,10,7,3,0,0
61.7013,-1.0,10,4,3,0,0
61.9452,-1.0,82,4,3,0,0
61.9452,62.1891,110,4,3,JumpScratch,-6
62.0265,-1.0,31,4,3,0,0
62.1078,-1.0,31,4,3,0,0
62.1891,63.4086,110,1,3,JumpScratch,6
62.1891,-1.0,10,10,3,0,0
62.4330,-1.0,900,1,3,0,0
62.4330,-1.0,10,10,3,0,0
62.6769,-1.0,900,1,3,0,0
62.6769,-1.0,10,7,3,0,0
62.9208,-1.0,900,1,3,0,0
62.9208,-1.0,10,7,3,0,0
63.1647,-1.0,900,1,3,0,0
63.1647,-1.0,10,10,3,0,0
63.4086,63.6525,110,4,3,JumpScratch,-6
63.6525,63.8964,110,1,3,JumpScratch,6
63.8964,64.1403,110,4,3,JumpScratch,-6
64.1403,-1.0,10,10,3,0,0
64.3842,-1.0,10,10,3,0,0
64.6281,-1.0,10,4,3,0,0
64.8720,-1.0,10,4,3,0,0
65.1159,-1.0,10,7,3,0,0
65.3598,-1.0,10,7,3,0,0
65.6037,-1.0,10,1,3,0,0
65.8476,-1.0,80,1,3,0,0
65.8476,66.0915,100,1,3,0,0
66.0915,-1.0,50,7,4,0,0
66.3354,-1.0,10,4,3,0,0
66.5793,-1.0,10,1,3,0,0
66.5793,-1.0,10,10,3,0,0
66.8232,-1.0,10,7,3,0,0
67.0671,-1.0,82,1,3,0,0
67.0671,67.4736,110,1,3,0,0
67.0671,-1.0,82,10,3,0,0
67.0671,67.4736,110,10,3,0,0
67.3110,-1.0,900,1,3,0,0
67.3110,-1.0,900,10,3,0,0
67.7175,-1.0,10,7,3,0,0
67.7988,-1.0,10,4,3,0,0
68.0427,-1.0,10,1,3,0,0
68.0427,-1.0,10,10,3,0,0
68.2866,-1.0,80,4,3,0,0
68.2866,68.7744,100,4,3,0,0
68.2866,-1.0,82,7,3,0,0
68.2866,68.5305,110,7,3,JumpScratch,6
68.5305,-1.0,900,4,3,0,0
68.5305,68.7744,110,10,3,JumpScratch,-6
69.2622,-1.0,82,4,3,0,0
69.2622,69.5061,110,4,3,JumpScratch,-6
69.2622,-1.0,80,7,3,0,0
69.2622,69.7500,100,7,3,0,0
69.5061,69.7500,110,1,3,JumpScratch,6
69.5061,-1.0,900,7,3,0,0
69.9939,-1.0,10,10,3,0,0
70.2378,-1.0,10,4,3,0,0
70.4817,-1.0,82,1,3,0,0
70.4817,70.9696,110,1,3,JumpScratch,6
70.4817,-1.0,82,10,3,0,0
70.4817,70.9696,110,10,3,JumpScratch,-6
70.7257,-1.0,900,1,3,0,0
70.7257,-1.0,900,10,3,0,0
70.9696,71.3761,110,4,3,JumpScratch,-6
70.9696,71.3761,110,7,3,JumpScratch,6
71.2135,-1.0,900,4,3,0,0
71.2135,-1.0,900,7,3,0,0
71.6200,-1.0,10,4,3,0,0
71.7013,-1.0,10,7,3,0,0
71.9452,-1.0,10,1,3,0,0
71.9452,-1.0,10,10,3,0,0
72.1891,-1.0,82,4,3,0,0
72.1891,72.4330,110,4,3,JumpScratch,-6
72.1891,-1.0,80,7,3,0,0
72.1891,72.6769,100,7,3,0,0
72.4330,72.6769,110,1,3,JumpScratch,6
72.4330,-1.0,900,7,3,0,0
73.1647,-1.0,80,4,3,0,0
73.1647,73.6525,100,4,3,0,0
73.1647,-1.0,82,7,3,0,0
73.1647,73.4086,110,7,3,JumpScratch,6
73.4086,-1.0,900,4,3,0,0
73.4086,73.6525,110,10,3,JumpScratch,-6
73.8964,-1.0,10,1,3,0,0
74.1403,-1.0,10,7,4,0,0
74.3842,-1.0,10,3,4,0,0
74.6281,-1.0,82,1,4,0,0
74.6281,75.1159,110,1,4,JumpScratch,6
74.6281,-1.0,82,9,4,0,0
74.6281,75.1159,110,9,4,JumpScratch,-6
74.8720,-1.0,900,1,4,0,0
74.8720,-1.0,900,9,4,0,0
75.1159,75.5224,110,3,4,JumpScratch,-6
75.1159,75.5224,110,7,4,JumpScratch,6
75.3598,-1.0,900,3,4,0,0
75.3598,-1.0,900,7,4,0,0
75.8476,-1.0,20,1,4,0,0
75.8476,-1.0,20,9,4,0,0
76.0503,-1.0,10,4,3,0,0
76.1517,-1.0,10,7,3,0,0
76.2530,-1.0,10,4,3,0,0
76.4557,-1.0,10,7,3,0,0
76.6584,-1.0,10,1,3,0,0
76.8611,-1.0,10,4,3,0,0
77.0638,-1.0,10,7,3,0,0
77.2665,-1.0,10,10,3,0,0
77.4692,-1.0,10,1,3,0,0
77.5706,-1.0,10,7,3,0,0
77.6719,-1.0,10,4,3,0,0
77.7733,-1.0,10,10,3,0,0
77.8746,-1.0,10,1,3,0,0
78.0773,-1.0,10,7,3,0,0
78.2800,-1.0,10,1,4,0,0
78.4827,-1.0,10,5,4,0,0
78.6854,-1.0,50,9,4,0,0
79.0908,-1.0,83,1,3,0,0
79.0908,79.9017,110,1,3,JumpScratch,6
79.0908,-1.0,83,10,3,0,0
79.0908,79.4963,110,10,3,JumpScratch,-6
79.2935,-1.0,900,1,3,0,0
79.2935,-1.0,900,10,3,0,0
79.4963,-1.0,900,1,3,0,0
79.4963,80.3071,110,7,3,JumpScratch,6
79.6990,-1.0,900,1,3,0,0
79.6990,-1.0,900,7,3,0,0
79.9017,80.7125,110,4,3,JumpScratch,-6
79.9017,-1.0,900,7,3,0,0
80.1044,-1.0,900,4,3,0,0
80.1044,-1.0,900,7,3,0,0
80.3071,-1.0,900,4,3,0,0
80.3071,81.1179,110,10,3,JumpScratch,-6
80.5098,-1.0,900,4,3,0,0
80.5098,-1.0,900,10,3,0,0
80.7125,81.5233,110,1,3,JumpScratch,6
80.7125,-1.0,900,10,3,0,0
80.9152,-1.0,900,1,3,0,0
80.9152,-1.0,900,10,3,0,0
81.1179,-1.0,900,1,3,0,0
81.1179,81.9287,110,7,3,JumpScratch,6
81.3206,-1.0,900,1,3,0,0
81.3206,-1.0,900,7,3,0,0
81.5233,81.9287,110,4,3,JumpScratch,-6
81.5233,-1.0,900,7,3,0,0
81.7260,-1.0,900,4,3,0,0
81.7260,-1.0,900,7,3,0,0
81.9287,82.3341,110,1,3,0,0
81.9287,82.3341,110,10,3,0,0
82.0300,-1.0,31,1,3,0,0
82.1314,-1.0,900,1,3,0,0
82.1314,-1.0,900,10,3,0,0
82.1314,-1.0,31,10,3,0,0
82.2327,-1.0,31,1,3,0,0
83.9557,-1.0,80,2,2,0,0
83.9557,84.9992,100,2,2,0,0
84.2166,-1.0,900,2,2,0,0
84.2166,-1.0,30,2,2,0,0
84.4775,-1.0,900,2,2,0,0
84.4775,-1.0,30,2,2,0,0
84.7383,-1.0,900,2,2,0,0
84.7383,-1.0,30,2,2,0,0
84.9992,-1.0,80,8,2,0,0
84.9992,86.0427,100,8,2,0,0
85.2601,-1.0,900,8,2,0,0
85.2601,-1.0,30,8,2,0,0
85.5209,-1.0,900,8,2,0,0
85.5209,-1.0,30,8,2,0,0
85.7818,-1.0,900,8,2,0,0
85.7818,-1.0,30,8,2,0,0
86.0427,-1.0,50,4,2,0,0
88.1296,-1.0,80,10,2,0,0
88.1296,89.1731,100,10,2,0,0
88.3905,-1.0,900,10,2,0,0
88.3905,-1.0,30,10,2,0,0
88.6514,-1.0,900,10,2,0,0
88.6514,-1.0,30,10,2,0,0
88.9122,-1.0,900,10,2,0,0
88.9122,-1.0,30,10,2,0,0
89.1731,-1.0,80,4,2,0,0
89.1731,90.2166,100,4,2,0,0
89.4340,-1.0,900,4,2,0,0
89.4340,-1.0,30,4,2,0,0
89.6948,-1.0,900,4,2,0,0
89.6948,-1.0,30,4,2,0,0
89.9557,-1.0,900,4,2,0,0
89.9557,-1.0,30,4,2,0,0
90.2166,-1.0,50,8,2,0,0
92.3035,-1.0,80,4,2,0,0
92.3035,93.3470,100,4,2,0,0
92.5644,-1.0,900,4,2,0,0
92.5644,-1.0,30,4,2,0,0
92.8253,-1.0,900,4,2,0,0
92.8253,-1.0,30,4,2,0,0
93.0861,-1.0,900,4,2,0,0
93.0861,-1.0,30,4,2,0,0
93.3470,-1.0,80,10,2,0,0
93.3470,94.3905,100,10,2,0,0
93.6079,-1.0,900,10,2,0,0
93.6079,-1.0,30,10,2,0,0
93.8688,-1.0,900,10,2,0,0
93.8688,-1.0,30,10,2,0,0
94.1296,-1.0,900,10,2,0,0
94.1296,-1.0,30,10,2,0,0
94.3905,-1.0,50,2,2,0,0
96.4775,-1.0,80,8,2,0,0
96.4775,97.5209,100,8,2,0,0
96.7383,-1.0,900,8,2,0,0
96.7383,-1.0,30,8,2,0,0
96.9992,-1.0,900,8,2,0,0
96.9992,-1.0,30,8,2,0,0
97.2601,-1.0,900,8,2,0,0
97.2601,-1.0,30,8,2,0,0
97.5209,-1.0,80,2,2,0,0
97.5209,98.5644,100,2,2,0,0
97.7818,-1.0,900,2,2,0,0
97.7818,-1.0,30,2,2,0,0
98.0427,-1.0,900,2,2,0,0
98.0427,-1.0,30,2,2,0,0
98.3035,-1.0,900,2,2,0,0
98.3035,-1.0,30,2,2,0,0
98.5644,-1.0,50,10,2,0,0
100.6514,-1.0,10,1,3,0,0
100.6514,-1.0,10,10,3,0,0
101.0579,-1.0,10,7,3,0,0
101.3831,-1.0,50,3,4,0,0
101.8709,-1.0,10,10,3,0,0
102.1148,-1.0,10,7,3,0,0
102.3587,-1.0,10,4,3,0,0
102.6026,-1.0,10,1,3,0,0
102.6026,-1.0,10,7,3,0,0
103.0904,-1.0,10,4,3,0,0
103.0904,-1.0,10,10,3,0,0
103.5782,-1.0,50,1,4,0,0
103.5782,-1.0,82,7,3,0,0
103.5782,103.9847,110,7,3,0,0
103.8221,-1.0,900,7,3,0,0
104.5538,-1.0,10,1,3,0,0
104.5538,-1.0,10,10,3,0,0
104.9603,-1.0,10,4,3,0,0
105.2855,-1.0,50,7,4,0,0
105.7733,-1.0,10,1,3,0,0
106.0172,-1.0,10,4,3,0,0
106.2611,-1.0,10,7,3,0,0
106.5050,-1.0,50,3,4,0,0
106.5050,-1.0,80,10,3,0,0
106.5050,106.9928,100,10,3,0,0
106.7489,-1.0,900,10,3,0,0
107.2367,-1.0,80,4,3,0,0
107.2367,107.4806,100,4,3,0,0
107.3180,-1.0,30,4,3,0,0
107.3993,-1.0,30,4,3,0,0
107.7245,-1.0,82,1,3,0,0
107.7245,108.1310,110,1,3,0,0
107.7245,-1.0,82,10,3,0,0
107.7245,108.1310,110,10,3,0,0
107.9684,-1.0,900,1,3,0,0
107.9684,-1.0,900,10,3,0,0
108.4562,-1.0,50,1,4,0,0
108.4562,-1.0,81,7,3,0,0
108.4562,108.8051,101,7,3,0,0
108.6307,-1.0,900,7,3,0,0
108.8051,-1.0,10,4,3,0,0
108.9795,-1.0,50,3,4,0,0
108.9795,-1.0,81,10,3,0,0
108.9795,109.3283,101,10,3,0,0
109.1539,-1.0,900,10,3,0,0
109.3283,-1.0,10,1,3,0,0
109.5028,-1.0,10,7,3,0,0
109.5900,-1.0,10,4,3,0,0
109.6772,-1.0,10,7,3,0,0
109.8516,-1.0,81,4,3,0,0
109.8516,110.2004,101,4,3,0,0
109.8516,-1.0,50,9,4,0,0
110.0260,-1.0,900,4,3,0,0
110.2004,-1.0,10,7,3,0,0
110.3748,-1.0,81,1,3,0,0
110.3748,110.7237,101,1,3,0,0
110.3748,-1.0,50,7,4,0,0
110.5493,-1.0,900,1,3,0,0
110.7237,-1.0,10,10,3,0,0
110.8981,-1.0,10,4,3,0,0
110.9853,-1.0,10,7,3,0,0
111.0725,-1.0,10,4,3,0,0
111.2469,-1.0,50,1,6,0,0
111.2469,-1.0,81,7,3,0,0
111.2469,111.5958,101,7,3,0,0
111.4214,-1.0,900,7,3,0,0
111.5958,-1.0,10,4,3,0,0
111.7702,-1.0,81,4,3,0,0
111.7702,112.2935,101,4,3,0,0
111.7702,-1.0,50,7,6,0,0
111.9446,-1.0,900,4,3,0,0
112.1190,-1.0,900,4,3,0,0
112.2935,-1.0,10,7,3,0,0
112.6423,-1.0,10,1,4,0,0
112.6423,-1.0,10,9,4,0,0
112.8167,-1.0,10,1,4,0,0
112.8167,-1.0,10,9,4,0,0
112.9911,-1.0,10,1,4,0,0
112.9911,-1.0,10,9,4,0,0
113.1655,-1.0,82,5,4,0,0
113.1655,113.6888,110,5,4,0,0
113.3400,-1.0,900,5,4,0,0
113.5144,-1.0,900,5,4,0,0
114.0376,-1.0,81,1,4,0,0
114.0376,114.7353,101,1,4,0,0
114.0376,-1.0,81,9,4,0,0
114.0376,114.7353,101,9,4,0,0
114.2121,-1.0,900,1,4,0,0
114.2121,-1.0,900,9,4,0,0
114.3865,-1.0,900,1,4,0,0
114.3865,-1.0,900,9,4,0,0
114.5609,-1.0,900,1,4,0,0
114.5609,-1.0,900,9,4,0,0
115.4330,-1.0,10,10,3,0,0
115.6074,-1.0,10,4,3,0,0
115.7818,-1.0,10,7,3,0,0
115.9562,-1.0,10,1,3,0,0
116.1307,-1.0,50,10,3,0,0
116.3051,-1.0,10,4,3,0,0
116.3923,-1.0,10,7,3,0,0
116.4795,-1.0,10,4,3,0,0
116.5667,-1.0,10,7,3,0,0
116.6539,-1.0,10,4,3,0,0
116.8283,-1.0,50,1,3,0,0
116.8283,-1.0,81,10,3,0,0
116.8283,117.1772,101,10,3,0,0
117.0028,-1.0,900,10,3,0,0
117.1772,-1.0,10,4,3,0,0
117.3516,-1.0,82,7,3,0,0
117.3516,117.8748,110,7,3,0,0
117.5260,-1.0,900,7,3,0,0
117.7004,-1.0,900,7,3,0,0
118.2237,-1.0,50,4,3,0,0
118.2237,-1.0,83,10,3,0,0
118.2237,118.7469,110,10,3,0,0
118.3981,-1.0,900,10,3,0,0
118.5725,-1.0,900,10,3,0,0
118.7469,-1.0,80,1,3,0,0
118.7469,119.0958,100,1,3,0,0
118.9214,-1.0,900,1,3,0,0
119.0958,-1.0,10,7,3,0,0
119.2702,-1.0,10,4,3,0,0
119.6190,-1.0,83,1,3,0,0
119.6190,120.1423,110,1,3,0,0
119.6190,-1.0,50,7,3,0,0
119.7935,-1.0,900,1,3,0,0
119.9679,-1.0,900,1,3,0,0
120.1423,-1.0,80,10,3,0,0
120.1423,120.6655,100,10,3,0,0
120.3167,-1.0,900,10,3,0,0
120.4911,-1.0,900,10,3,0,0
120.6655,-1.0,10,4,3,0,0
121.0144,-1.0,50,4,3,0,0
121.0144,-1.0,83,10,3,0,0
121.0144,121.5376,110,10,3,0,0
121.1888,-1.0,900,10,3,0,0
121.3632,-1.0,900,10,3,0,0
121.5376,-1.0,80,1,3,0,0
121.5376,121.8865,100,1,3,0,0
121.7121,-1.0,900,1,3,0,0
121.8865,-1.0,10,7,3,0,0
122.0609,-1.0,10,4,3,0,0
122.4097,-1.0,50,1,3,0,0
122.4097,-1.0,50,10,3,0,0
122.9330,-1.0,20,7,3,0,0
123.1074,-1.0,10,1,3,0,0
123.2818,-1.0,20,10,3,0,0
123.4562,-1.0,10,4,3,0,0
123.6307,-1.0,20,7,3,0,0
123.8051,-1.0,50,1,3,0,0
123.8051,-1.0,50,10,3,0,0
124.3283,-1.0,20,4,3,0,0
124.5028,-1.0,10,10,3,0,0
124.6772,-1.0,20,1,3,0,0
124.8516,-1.0,10,7,3,0,0
125.0260,-1.0,20,4,3,0,0
125.2004,-1.0,20,10,3,0,0
125.3748,-1.0,10,4,3,0,0
125.4621,-1.0,10,10,3,0,0
125.5493,-1.0,10,4,3,0,0
125.7237,-1.0,20,7,3,0,0
125.8981,-1.0,10,1,3,0,0
125.9853,-1.0,10,7,3,0,0
126.0725,-1.0,10,1,3,0,0
126.2469,-1.0,20,10,3,0,0
126.4214,-1.0,10,4,3,0,0
126.5958,-1.0,10,10,3,0,0
126.7702,-1.0,10,7,3,0,0
126.9446,-1.0,10,4,3,0,0
127.1190,-1.0,10,1,3,0,0
127.2935,-1.0,10,4,3,0,0
127.2935,-1.0,10,10,3,0,0
127.4679,-1.0,10,7,3,0,0
127.6423,-1.0,50,1,3,0,0
127.9911,-1.0,81,1,3,0,0
127.9911,128.3400,101,1,3,0,0
127.9911,-1.0,50,10,3,0,0
128.1655,-1.0,900,1,3,0,0
128.3400,-1.0,10,7,3,0,0
128.5144,-1.0,82,4,3,0,0
128.5144,129.0376,110,4,3,0,0
128.6888,-1.0,900,4,3,0,0
128.8632,-1.0,900,4,3,0,0
129.3865,-1.0,83,1,3,0,0
129.3865,129.9097,110,1,3,0,0
129.3865,-1.0,50,7,3,0,0
129.5609,-1.0,900,1,3,0,0
129.7353,-1.0,900,1,3,0,0
129.9097,-1.0,80,10,3,0,0
129.9097,130.2586,100,10,3,0,0
130.0841,-1.0,900,10,3,0,0
130.2586,-1.0,10,4,3,0,0
130.4330,-1.0,10,7,3,0,0
130.7818,-1.0,50,4,3,0,0
130.7818,-1.0,83,10,3,0,0
130.7818,131.3051,110,10,3,0,0
130.9562,-1.0,900,10,3,0,0
131.1307,-1.0,900,10,3,0,0
131.3051,-1.0,80,1,3,0,0
131.3051,131.8283,100,1,3,0,0
131.4795,-1.0,900,1,3,0,0
131.6539,-1.0,900,1,3,0,0
131.8283,-1.0,10,7,3,0,0
132.1772,-1.0,83,1,3,0,0
132.1772,132.7004,110,1,3,0,0
132.1772,-1.0,50,7,3,0,0
132.3516,-1.0,900,1,3,0,0
132.5260,-1.0,900,1,3,0,0
132.7004,-1.0,80,10,3,0,0
132.7004,133.2237,100,10,3,0,0
132.8748,-1.0,900,10,3,0,0
133.0493,-1.0,900,10,3,0,0
133.2237,-1.0,10,4,3,0,0
133.5725,-1.0,83,1,3,0,0
133.5725,134.2702,110,1,3,JumpScratch,6
133.5725,-1.0,50,10,3,0,0
133.7469,-1.0,900,1,3,0,0
133.9214,-1.0,900,1,3,0,0
134.0958,-1.0,900,1,3,0,0
134.2702,134.6190,110,4,3,JumpScratch,-6
134.2702,-1.0,83,10,3,0,0
134.2702,134.6190,110,10,3,JumpScratch,-6
134.4446,-1.0,900,4,3,0,0
134.4446,-1.0,900,10,3,0,0
134.6190,134.9679,110,1,3,JumpScratch,6
134.6190,134.9679,110,7,3,JumpScratch,6
134.7935,-1.0,900,1,3,0,0
134.7935,-1.0,900,7,3,0,0
134.9679,135.4911,110,4,3,JumpScratch,-6
134.9679,135.4911,110,10,3,JumpScratch,-6
135.1423,-1.0,900,4,3,0,0
135.1423,-1.0,900,10,3,0,0
135.3167,-1.0,900,4,3,0,0
135.3167,-1.0,900,10,3,0,0
135.4911,136.0144,110,1,3,JumpScratch,6
135.4911,136.0144,110,7,3,JumpScratch,6
135.6655,-1.0,900,1,3,0,0
135.6655,-1.0,900,7,3,0,0
135.8400,-1.0,900,1,3,0,0
135.8400,-1.0,900,7,3,0,0
136.3632,-1.0,50,1,3,0,0
136.3632,-1.0,83,10,3,0,0
136.3632,137.0609,110,10,3,JumpScratch,-6
136.5376,-1.0,900,10,3,0,0
136.7121,-1.0,900,10,3,0,0
136.8865,-1.0,900,10,3,0,0
137.0609,-1.0,83,1,3,0,0
137.0609,137.4097,110,1,3,JumpScratch,6
137.0609,137.4097,110,7,3,JumpScratch,6
137.2353,-1.0,900,1,3,0,0
137.2353,-1.0,900,7,3,0,0
137.4097,137.7586,110,4,3,JumpScratch,-6
137.4097,137.7586,110,10,3,JumpScratch,-6
137.5841,-1.0,900,4,3,0,0
137.5841,-1.0,900,10,3,0,0
137.7586,138.1074,110,1,3,JumpScratch,6
137.7586,138.1074,110,7,3,JumpScratch,6
137.9330,-1.0,900,1,3,0,0
137.9330,-1.0,900,7,3,0,0
138.4562,-1.0,10,4,3,0,0
138.4562,-1.0,20,9,4,0,0
138.6307,-1.0,10,4,3,0,0
138.8051,-1.0,20,1,4,0,0
138.8051,-1.0,10,7,3,0,0
138.9795,-1.0,10,7,3,0,0
139.1539,-1.0,50,1,6,0,0
139.1539,-1.0,50,7,6,0,0