0.0,-1.0,10,1,2,0,0
3.0189,26.0377,0,0,0,14,10370
0.1887,-1.0,10,4,2,0,0
99.0132,111.1700,0,0,0,14,10370
0.3774,-1.0,10,7,2,0,0
144.2232,144.2232,0,0,0,56,11041
0.5660,-1.0,10,4,2,0,0
171.7407,171.7407,0,0,0,11,1
0.7547,-1.0,10,11,2,0,0
172.0896,172.0896,0,0,0,11,2
0.9434,-1.0,10,5,2,0,0
172.4384,172.4384,0,0,0,11,3
1.1321,-1.0,10,8,2,0,0
172.7872,172.7872,0,0,0,11,4
1.3208,-1.0,10,2,2,0,0
173.1361,173.1361,0,0,0,51,10060
1.5094,-1.0,10,5,2,0,0
173.4849,173.4849,0,0,0,11,5
1.5566,-1.0,80,11,2,0,0
1.5566,2.2642,100,11,2,0,0
173.8337,173.8337,0,0,0,11,6
1.7610,-1.0,900,11,2,0,0
201.0430,201.0430,0,0,0,11,10370
1.9497,-1.0,900,11,2,0,0
2.1384,-1.0,900,11,2,0,0
2.6415,-1.0,10,1,3,0,0
2.7358,-1.0,10,7,3,0,0
2.8302,-1.0,10,4,3,0,0
2.9245,-1.0,10,10,3,0,0
3.0189,-1.0,50,1,3,0,0
3.0189,-1.0,81,7,3,0,0
3.0189,3.3962,101,7,3,0,0
3.2075,-1.0,900,7,3,0,0
3.3962,-1.0,10,4,3,0,0
3.5849,-1.0,50,7,3,0,0
3.9623,-1.0,10,4,3,0,0
4.1509,-1.0,10,1,3,0,0
4.1509,-1.0,10,7,3,0,0
4.3396,-1.0,10,7,3,0,0
4.5283,-1.0,81,4,3,0,0
4.5283,4.9057,101,4,3,0,0
4.5283,-1.0,50,10,3,0,0
4.7170,-1.0,900,4,3,0,0
4.9057,-1.0,10,10,3,0,0
5.0943,-1.0,50,1,3,0,0
5.0943,-1.0,81,7,3,0,0
5.0943,5.6604,101,7,3,0,0
5.2830,-1.0,10,4,3,0,0
5.2830,-1.0,900,7,3,0,0
5.4717,-1.0,10,4,3,0,0
5.4717,-1.0,900,7,3,0,0
5.6604,-1.0,50,1,3,0,0
6.0377,-1.0,83,4,3,0,0
6.0377,6.4151,110,4,3,0,0
6.0377,-1.0,83,7,3,0,0
6.0377,6.4151,110,7,3,0,0
6.2264,-1.0,900,4,3,0,0
6.2264,-1.0,900,7,3,0,0
6.6038,-1.0,83,1,3,0,0
6.6038,7.1698,110,1,3,0,0
6.6038,-1.0,83,10,3,0,0
6.6038,7.1698,110,10,3,0,0
6.7925,-1.0,900,1,3,0,0
6.7925,-1.0,900,10,3,0,0
6.9811,-1.0,900,1,3,0,0
6.9811,-1.0,900,10,3,0,0
7.5472,-1.0,10,4,3,0,0
7.5472,-1.0,10,10,3,0,0
7.9245,-1.0,10,1,3,0,0
7.9245,-1.0,10,7,3,0,0
8.3019,-1.0,10,4,3,0,0
8.3019,-1.0,10,10,3,0,0
8.4906,-1.0,10,4,3,0,0
8.6792,-1.0,10,1,3,0,0
8.6792,-1.0,10,7,3,0,0
9.0566,-1.0,10,4,3,0,0
9.0566,-1.0,10,10,3,0,0
9.2453,-1.0,10,4,3,0,0
9.4340,-1.0,10,1,3,0,0
9.4340,-1.0,10,7,3,0,0
9.6226,-1.0,81,4,3,0,0
9.6226,10.1887,101,4,3,0,0
9.6226,-1.0,50,10,3,0,0
9.8113,-1.0,900,4,3,0,0
9.8113,-1.0,10,7,3,0,0
10.0,-1.0,900,4,3,0,0
10.0,-1.0,10,7,3,0,0
10.1887,-1.0,50,10,3,0,0
10.5660,-1.0,10,1,3,0,0
10.5660,-1.0,10,7,3,0,0
10.7547,-1.0,10,7,3,0,0
10.9434,-1.0,10,4,3,0,0
10.9434,-1.0,10,10,3,0,0
11.1321,-1.0,10,4,3,0,0
11.3208,-1.0,50,1,3,0,0
11.3208,-1.0,81,7,3,0,0
11.3208,11.6981,101,7,3,0,0
11.5094,-1.0,10,4,3,0,0
11.5094,-1.0,900,7,3,0,0
11.6981,-1.0,50,4,3,0,0
12.0755,-1.0,83,1,3,0,0
12.0755,12.4528,110,1,3,0,0
12.0755,-1.0,20,10,3,0,0
12.2642,-1.0,900,1,3,0,0
12.2642,-1.0,10,7,3,0,0
12.4528,-1.0,81,7,3,0,0
12.4528,12.8302,101,7,3,0,0
12.6415,-1.0,900,7,3,0,0
12.8302,-1.0,83,4,3,0,0
12.8302,13.2075,110,4,3,0,0
13.0189,-1.0,900,4,3,0,0
13.0189,-1.0,10,10,3,0,0
13.2075,-1.0,83,10,3,0,0
13.2075,13.5849,110,10,3,0,0
13.3962,-1.0,900,10,3,0,0
13.5849,-1.0,81,1,3,0,0
13.5849,14.1509,101,1,3,0,0
13.7736,-1.0,900,1,3,0,0
13.9623,-1.0,900,1,3,0,0
13.9623,-1.0,10,10,3,0,0
14.1509,-1.0,10,7,3,0,0
14.2453,-1.0,10,4,3,0,0
14.3396,-1.0,50,10,3,0,0
14.7170,-1.0,10,4,3,0,0
14.7170,-1.0,10,7,3,0,0
15.0943,-1.0,81,4,3,0,0
15.0943,15.4717,101,4,3,0,0
15.0943,-1.0,50,10,3,0,0
15.2830,-1.0,900,4,3,0,0
15.4717,-1.0,10,7,3,0,0
15.6604,-1.0,50,4,3,0,0
16.0377,-1.0,10,7,3,0,0
16.2264,-1.0,10,4,3,0,0
16.2264,-1.0,10,10,3,0,0
16.4151,-1.0,10,4,3,0,0
16.6038,-1.0,50,1,3,0,0
16.6038,-1.0,81,7,3,0,0
16.6038,16.9811,101,7,3,0,0
16.7925,-1.0,900,7,3,0,0
16.9811,-1.0,10,1,3,0,0
17.1698,-1.0,81,4,3,0,0
17.1698,17.7358,101,4,3,0,0
17.1698,-1.0,50,10,3,0,0
17.3585,-1.0,900,4,3,0,0
17.3585,-1.0,10,7,3,0,0
17.5472,-1.0,900,4,3,0,0
17.5472,-1.0,10,7,3,0,0
17.7358,-1.0,50,10,3,0,0
18.1132,-1.0,50,1,3,0,0
18.1132,-1.0,81,10,3,0,0
18.1132,18.6792,101,10,3,0,0
18.3019,-1.0,900,10,3,0,0
18.4906,-1.0,10,4,3,0,0
18.4906,-1.0,900,10,3,0,0
18.6792,-1.0,81,1,3,0,0
18.6792,19.2453,101,1,3,0,0
18.8679,-1.0,900,1,3,0,0
18.8679,-1.0,10,7,3,0,0
19.0566,-1.0,900,1,3,0,0
19.0566,-1.0,10,7,3,0,0
19.2453,-1.0,10,10,3,0,0
19.4340,-1.0,10,4,3,0,0
19.4340,-1.0,10,7,3,0,0
19.6226,-1.0,20,1,3,0,0
19.6226,-1.0,83,10,3,0,0
19.6226,20.0,110,10,3,0,0
19.8113,-1.0,10,4,3,0,0
19.8113,-1.0,900,10,3,0,0
20.0,-1.0,81,4,3,0,0
20.0,20.3774,101,4,3,0,0
20.1887,-1.0,900,4,3,0,0
20.3774,-1.0,83,7,3,0,0
20.3774,20.7547,110,7,3,0,0
20.5660,-1.0,10,1,3,0,0
20.5660,-1.0,900,7,3,0,0
20.7547,-1.0,20,1,3,0,0
20.9434,-1.0,10,4,3,0,0
21.0377,-1.0,10,10,3,0,0
21.1321,-1.0,10,1,3,0,0
21.1321,-1.0,10,7,3,0,0
21.3208,-1.0,10,7,3,0,0
21.5094,-1.0,10,4,3,0,0
21.5094,-1.0,10,10,3,0,0
21.6981,-1.0,50,1,3,0,0
21.6981,-1.0,81,7,3,0,0
21.6981,22.2642,101,7,3,0,0
21.8868,-1.0,10,4,3,0,0
21.8868,-1.0,900,7,3,0,0
22.0755,-1.0,10,4,3,0,0
22.0755,-1.0,900,7,3,0,0
22.2642,-1.0,10,1,3,0,0
22.4528,-1.0,10,4,3,0,0
22.4528,-1.0,10,7,3,0,0
22.6415,-1.0,81,1,3,0,0
22.6415,23.0189,101,1,3,0,0
22.6415,-1.0,50,10,3,0,0
22.8302,-1.0,900,1,3,0,0
22.8302,-1.0,10,7,3,0,0
23.0189,-1.0,81,7,3,0,0
23.0189,23.3962,101,7,3,0,0
23.2075,-1.0,900,7,3,0,0
23.3962,-1.0,10,1,3,0,0
23.4906,-1.0,10,7,3,0,0
23.5849,-1.0,10,4,3,0,0
23.6792,-1.0,10,10,3,0,0
23.7736,-1.0,10,1,3,0,0
23.8679,-1.0,10,7,3,0,0
23.9623,-1.0,10,4,3,0,0
24.0566,-1.0,10,10,3,0,0
24.1509,-1.0,50,1,3,0,0
24.1509,-1.0,20,7,3,0,0
24.4025,-1.0,50,4,3,0,0
24.4025,-1.0,20,10,3,0,0
24.6541,-1.0,50,1,3,0,0
24.6541,-1.0,20,7,3,0,0
24.9057,-1.0,20,4,3,0,0
24.9057,-1.0,50,10,3,0,0
25.1572,-1.0,20,1,3,0,0
25.1572,-1.0,50,7,3,0,0
25.4088,-1.0,20,4,3,0,0
25.4088,-1.0,50,10,3,0,0
25.6604,-1.0,83,4,3,0,0
25.6604,26.0377,110,4,3,0,0
25.6604,-1.0,83,7,3,0,0
25.6604,26.0377,110,7,3,0,0
25.8491,-1.0,900,4,3,0,0
25.8491,-1.0,900,7,3,0,0
26.4151,-1.0,10,4,3,0,0
26.6038,-1.0,10,7,3,0,0
26.7925,-1.0,10,1,3,0,0
26.7925,-1.0,10,10,3,0,0
27.1698,-1.0,10,4,2,0,0
27.1698,-1.0,10,9,2,0,0
27.5645,-1.0,10,1,2,0,0
27.5645,-1.0,10,6,2,0,0
27.7619,-1.0,10,5,2,0,0
27.9593,-1.0,10,8,2,0,0
28.1567,-1.0,10,6,2,0,0
28.1567,-1.0,10,11,2,0,0
28.5514,-1.0,82,1,2,0,0
28.5514,28.9461,110,1,2,JumpScratch,5
28.5514,-1.0,82,7,2,0,0
28.5514,28.9461,110,7,2,JumpScratch,5
28.7488,-1.0,900,1,2,0,0
28.7488,-1.0,900,7,2,0,0
28.9461,29.3409,110,4,2,JumpScratch,-5
28.9461,29.3409,110,10,2,JumpScratch,-5
29.1435,-1.0,900,4,2,0,0
29.1435,-1.0,900,10,2,0,0
29.3409,29.5382,110,1,2,JumpScratch,5
29.3409,29.5382,110,7,2,JumpScratch,5
29.9330,-1.0,10,11,2,0,0
30.1303,-1.0,10,7,2,0,0
30.3277,-1.0,10,3,2,0,0
30.3277,-1.0,10,8,2,0,0
30.7224,-1.0,10,6,2,0,0
30.7224,-1.0,10,11,2,0,0
30.9198,-1.0,10,7,2,0,0
31.1172,-1.0,10,4,2,0,0
31.3145,-1.0,10,1,2,0,0
31.3145,-1.0,10,6,2,0,0
31.7093,-1.0,82,5,2,0,0
31.7093,32.1040,110,5,2,JumpScratch,-5
31.7093,-1.0,82,11,2,0,0
31.7093,32.1040,110,11,2,JumpScratch,-5
31.9067,-1.0,900,5,2,0,0
31.9067,-1.0,900,11,2,0,0
32.1040,32.4988,110,2,2,JumpScratch,5
32.1040,32.4988,110,8,2,JumpScratch,5
32.3014,-1.0,900,2,2,0,0
32.3014,-1.0,900,8,2,0,0
32.4988,32.6961,110,5,2,JumpScratch,-5
32.4988,32.6961,110,11,2,JumpScratch,-5
33.0909,-1.0,10,1,2,0,0
33.0909,-1.0,10,10,3,0,0
33.2882,-1.0,10,5,2,0,0
33.2882,-1.0,10,10,3,0,0
33.4856,-1.0,10,1,3,0,0
33.4856,-1.0,10,8,2,0,0
33.8803,-1.0,10,4,2,0,0
34.0777,-1.0,10,1,3,0,0
34.0777,-1.0,10,9,2,0,0
34.2751,-1.0,10,1,3,0,0
34.2751,-1.0,10,7,2,0,0
34.4724,-1.0,10,5,2,0,0
34.4724,-1.0,10,11,2,0,0
34.8672,-1.0,82,1,2,0,0
34.8672,35.2619,110,1,2,JumpScratch,5
34.8672,-1.0,10,7,3,0,0
35.0645,-1.0,900,1,2,0,0
35.2619,35.6567,110,4,2,JumpScratch,-5
35.2619,-1.0,10,7,3,0,0
35.4593,-1.0,900,4,2,0,0
35.6567,35.8540,110,1,2,JumpScratch,5
35.6567,-1.0,10,10,3,0,0
35.8540,-1.0,50,7,3,0,0
36.2488,-1.0,10,1,3,0,0
36.2488,-1.0,10,11,2,0,0
36.4461,-1.0,10,7,2,0,0
36.6435,-1.0,10,4,2,0,0
36.6435,-1.0,10,10,3,0,0
37.0382,-1.0,10,9,2,0,0
37.2356,-1.0,10,2,2,0,0
37.2356,-1.0,10,10,3,0,0
37.4330,-1.0,10,4,2,0,0
37.4330,-1.0,10,7,3,0,0
37.6303,-1.0,10,1,2,0,0
37.6303,-1.0,10,10,3,0,0
38.0251,-1.0,10,4,3,0,0
38.0251,-1.0,82,11,2,0,0
38.0251,38.4198,110,11,2,JumpScratch,-5
38.2224,-1.0,900,11,2,0,0
38.4198,-1.0,10,1,3,0,0
38.4198,38.8145,110,8,2,JumpScratch,5
38.6172,-1.0,900,8,2,0,0
38.8145,-1.0,10,4,3,0,0
38.8145,39.0119,110,11,2,JumpScratch,-5
39.0119,-1.0,50,1,3,0,0
39.2093,-1.0,10,4,2,0,0
39.4067,-1.0,10,6,2,0,0
39.6040,-1.0,10,8,2,0,0
39.8014,-1.0,10,1,3,0,0
39.8014,-1.0,80,11,2,0,0
39.8014,40.5909,100,11,2,0,0
39.9988,-1.0,900,11,2,0,0
40.1961,-1.0,900,11,2,0,0
40.3935,-1.0,10,1,3,0,0
40.3935,-1.0,900,11,2,0,0
40.5909,-1.0,10,1,3,0,0
40.9856,-1.0,10,4,2,0,0
41.1830,-1.0,82,1,2,0,0
41.1830,41.5777,110,1,2,JumpScratch,5
41.1830,-1.0,10,7,3,0,0
41.3803,-1.0,900,1,2,0,0
41.5777,41.9724,110,4,2,JumpScratch,-5
41.5777,-1.0,10,7,3,0,0
41.7751,-1.0,900,4,2,0,0
41.9724,42.5645,100,1,2,0,0
41.9724,-1.0,10,10,3,0,0
42.1698,-1.0,900,1,2,0,0
42.1698,-1.0,50,7,3,0,0
42.3672,-1.0,900,1,2,0,0
42.5645,-1.0,10,8,2,0,0
42.7619,-1.0,10,5,2,0,0
42.9593,-1.0,10,1,3,0,0
42.9593,-1.0,82,11,2,0,0
42.9593,43.5514,110,11,2,JumpScratch,-5
43.1567,-1.0,900,11,2,0,0
43.3540,-1.0,900,11,2,0,0
43.5514,-1.0,10,5,3,0,0
43.5514,44.3409,100,8,2,0,0
43.7488,-1.0,10,3,3,0,0
43.7488,-1.0,900,8,2,0,0
43.9461,-1.0,10,1,3,0,0
43.9461,-1.0,900,8,2,0,0
44.1435,-1.0,900,8,2,0,0
44.3409,-1.0,10,1,3,0,0
44.7356,-1.0,82,1,2,0,0
44.7356,45.1303,110,1,2,JumpScratch,4
44.7356,-1.0,10,7,3,0,0
44.9330,-1.0,900,1,2,0,0
45.1303,45.3277,110,3,2,JumpScratch,-4
45.1303,-1.0,10,7,3,0,0
45.3277,45.5251,110,1,2,JumpScratch,5
45.3277,-1.0,10,7,3,0,0
45.5251,45.7224,110,4,2,JumpScratch,-5
45.5251,-1.0,10,10,3,0,0
45.7224,45.9198,110,1,2,JumpScratch,6
45.9198,46.1172,110,5,2,JumpScratch,-6
45.9198,-1.0,10,10,3,0,0
46.1172,-1.0,82,11,2,0,0
46.1172,46.3145,110,11,2,JumpScratch,-6
46.3145,46.7093,110,7,2,JumpScratch,6
46.5119,-1.0,900,7,2,0,0
46.7093,-1.0,10,1,3,0,0
46.7093,47.4988,100,11,2,0,0
46.9067,-1.0,10,1,3,0,0
46.9067,-1.0,900,11,2,0,0
47.1040,-1.0,10,4,3,0,0
47.1040,-1.0,900,11,2,0,0
47.3014,-1.0,10,4,3,0,0
47.3014,-1.0,900,11,2,0,0
47.4988,-1.0,10,1,3,0,0
47.8935,-1.0,10,1,2,0,0
47.8935,-1.0,10,7,3,0,0
48.0909,-1.0,10,3,2,0,0
48.2882,-1.0,81,5,2,0,0
48.2882,48.6830,101,5,2,0,0
48.2882,-1.0,10,10,3,0,0
48.4856,-1.0,900,5,2,0,0
48.4856,-1.0,50,7,3,0,0
48.6830,-1.0,10,9,2,0,0
48.8803,-1.0,10,7,2,0,0
49.0777,-1.0,10,5,2,0,0
49.0777,-1.0,10,10,3,0,0
49.2751,-1.0,83,1,2,0,0
49.2751,49.4724,110,1,2,JumpScratch,6
49.2751,-1.0,10,10,3,0,0
49.4724,49.8672,110,5,2,JumpScratch,-6
49.6698,-1.0,900,5,2,0,0
49.8672,50.8540,100,1,2,0,0
49.8672,-1.0,10,7,3,0,0
50.0645,-1.0,900,1,2,0,0
50.0645,-1.0,10,7,3,0,0
50.2619,-1.0,900,1,2,0,0
50.4593,-1.0,900,1,2,0,0
50.4593,-1.0,10,10,3,0,0
50.6567,-1.0,900,1,2,0,0
50.6567,-1.0,50,7,3,0,0
51.0514,-1.0,10,7,3,0,0
51.4461,-1.0,10,4,3,0,0
51.6435,-1.0,50,10,3,0,0
52.0382,-1.0,10,4,3,0,0
52.2356,-1.0,10,6,3,0,0
52.4330,-1.0,20,1,4,0,0
52.4330,-1.0,20,9,4,0,0
52.7032,-1.0,10,5,2,0,0
52.8384,-1.0,10,7,2,0,0
52.9735,-1.0,10,5,2,0,0
53.2256,-1.0,80,5,2,0,0
53.2256,53.4777,100,5,2,0,0
53.4777,-1.0,80,7,2,0,0
53.4777,53.7177,100,7,2,0,0
53.7177,-1.0,80,3,2,0,0
53.7177,53.9577,100,3,2,0,0
53.9577,-1.0,80,9,2,0,0
53.9577,54.2098,100,9,2,0,0
54.2098,-1.0,80,1,2,0,0
54.2098,54.4619,100,1,2,0,0
54.4619,-1.0,81,7,2,0,0
54.4619,54.9661,101,7,2,0,0
54.7140,-1.0,50,1,4,0,0
54.7140,-1.0,900,7,2,0,0
54.9661,-1.0,80,5,2,0,0
54.9661,55.4703,100,5,2,0,0
55.2182,-1.0,900,5,2,0,0
55.2182,-1.0,50,9,4,0,0
55.4703,-1.0,80,7,2,0,0
55.4703,55.9745,100,7,2,0,0
55.7224,-1.0,50,1,4,0,0
55.7224,-1.0,900,7,2,0,0
55.9745,-1.0,80,5,2,0,0
55.9745,56.4787,100,5,2,0,0
56.2266,-1.0,900,5,2,0,0
56.2266,-1.0,50,9,4,0,0
56.4787,-1.0,10,7,2,0,0
56.7308,-1.0,10,7,2,0,0
56.8569,-1.0,10,5,2,0,0
56.9829,-1.0,10,7,2,0,0
57.2350,-1.0,10,7,2,0,0
57.4871,-1.0,80,3,2,0,0
57.4871,57.7392,100,3,2,0,0
57.4871,-1.0,10,9,2,0,0
57.7392,-1.0,80,7,2,0,0
57.7392,57.9913,100,7,2,0,0
57.9913,-1.0,80,5,2,0,0
57.9913,58.2434,100,5,2,0,0
58.2434,-1.0,80,9,2,0,0
58.2434,58.4955,100,9,2,0,0
58.4955,-1.0,80,5,2,0,0
58.4955,58.9997,100,5,2,0,0
58.7476,-1.0,900,5,2,0,0
58.7476,-1.0,50,9,4,0,0
58.9997,-1.0,80,7,2,0,0
58.9997,59.5039,100,7,2,0,0
59.2518,-1.0,50,1,4,0,0
59.2518,-1.0,900,7,2,0,0
59.5039,-1.0,80,1,2,0,0
59.5039,60.0081,100,1,2,0,0
59.7560,-1.0,900,1,2,0,0
59.7560,-1.0,50,7,4,0,0
60.0081,-1.0,80,11,2,0,0
60.0081,60.5123,100,11,2,0,0
60.2602,-1.0,50,3,4,0,0
60.2602,-1.0,900,11,2,0,0
60.5123,-1.0,10,1,2,0,0
60.7644,-1.0,10,4,2,0,0
60.8905,-1.0,10,7,2,0,0
61.0165,-1.0,80,10,2,0,0
61.0165,61.2686,100,10,2,0,0
61.2686,-1.0,80,4,2,0,0
61.2686,61.5207,100,4,2,0,0
61.5207,-1.0,80,7,2,0,0
61.5207,61.7728,100,7,2,0,0
61.7728,-1.0,80,2,2,0,0
61.7728,62.0249,100,2,2,0,0
62.0249,-1.0,80,9,2,0,0
62.0249,62.2770,100,9,2,0,0
62.2770,-1.0,80,5,2,0,0
62.2770,62.5291,100,5,2,0,0
62.5291,-1.0,80,7,2,0,0
62.5291,63.0333,100,7,2,0,0
62.7812,-1.0,50,1,4,0,0
62.7812,-1.0,900,7,2,0,0
63.0333,-1.0,80,5,2,0,0
63.0333,63.5375,100,5,2,0,0
63.2854,-1.0,900,5,2,0,0
63.2854,-1.0,50,9,4,0,0
63.5375,-1.0,80,11,2,0,0
63.5375,64.0417,100,11,2,0,0
63.7896,-1.0,50,3,4,0,0
63.7896,-1.0,900,11,2,0,0
64.0417,-1.0,80,1,2,0,0
64.0417,64.5459,100,1,2,0,0
64.2938,-1.0,900,1,2,0,0
64.2938,-1.0,50,7,4,0,0
64.5459,-1.0,10,11,2,0,0
64.7980,-1.0,10,5,2,0,0
64.9241,-1.0,10,7,2,0,0
65.0501,-1.0,80,5,2,0,0
65.0501,65.3022,100,5,2,0,0
65.3022,-1.0,80,7,2,0,0
65.3022,65.5544,100,7,2,0,0
65.5544,-1.0,80,1,2,0,0
65.5544,65.8065,100,1,2,0,0
65.8065,-1.0,80,11,2,0,0
65.8065,66.0586,100,11,2,0,0
66.0586,-1.0,80,3,2,0,0
66.0586,66.3107,100,3,2,0,0
66.3107,-1.0,80,8,2,0,0
66.3107,66.5628,100,8,2,0,0
66.5628,-1.0,80,5,2,0,0
66.5628,67.0670,100,5,2,0,0
66.8149,-1.0,900,5,2,0,0
66.8149,-1.0,50,9,4,0,0
67.0670,-1.0,10,7,2,0,0
67.3191,-1.0,10,10,2,0,0
67.4451,-1.0,10,4,2,0,0
67.5712,-1.0,80,7,2,0,0
67.5712,68.0754,100,7,2,0,0
67.8233,-1.0,50,1,4,0,0
67.8233,-1.0,900,7,2,0,0
68.0754,-1.0,80,5,2,0,0
68.0754,68.5796,100,5,2,0,0
68.3275,-1.0,900,5,2,0,0
68.3275,-1.0,50,9,4,0,0
68.5796,-1.0,10,7,2,0,0
68.8317,-1.0,10,5,2,0,0
68.9577,-1.0,10,7,2,0,0
69.0838,-1.0,10,5,2,0,0
69.3359,-1.0,80,5,2,0,0
69.3359,69.5880,100,5,2,0,0
69.5880,-1.0,80,7,2,0,0
69.5880,69.8401,100,7,2,0,0
69.8401,-1.0,80,3,2,0,0
69.8401,70.0922,100,3,2,0,0
70.0922,-1.0,80,9,2,0,0
70.0922,70.3443,100,9,2,0,0
70.3443,-1.0,82,1,2,0,0
70.3443,70.5964,110,1,2,JumpScratch,8
70.5964,-1.0,83,11,2,0,0
70.5964,71.0922,110,11,2,JumpScratch,-5
70.8443,-1.0,900,11,2,0,0
71.0922,-1.0,20,1,3,0,0
71.0922,72.0840,110,8,2,JumpScratch,5
71.3402,-1.0,10,4,2,0,0
71.3402,-1.0,900,8,2,0,0
71.5881,-1.0,10,4,2,0,0
71.5881,-1.0,900,8,2,0,0
71.8360,-1.0,900,8,2,0,0
72.0840,-1.0,20,1,3,0,0
72.0840,73.0757,110,11,2,JumpScratch,-5
72.3319,-1.0,10,4,2,0,0
72.3319,-1.0,900,11,2,0,0
72.5798,-1.0,10,4,2,0,0
72.5798,-1.0,900,11,2,0,0
72.8278,-1.0,900,11,2,0,0
73.0757,-1.0,20,1,3,0,0
73.3236,-1.0,10,5,2,0,0
73.4476,-1.0,10,8,2,0,0
73.5716,-1.0,10,1,2,0,0
73.5716,-1.0,82,11,2,0,0
73.5716,74.0674,110,11,2,JumpScratch,-6
73.8195,-1.0,900,11,2,0,0
74.0674,-1.0,20,1,3,0,0
74.0674,74.3154,110,7,3,JumpScratch,-6
74.3154,74.5633,110,4,3,JumpScratch,-6
74.5633,75.0592,110,1,2,JumpScratch,5
74.5633,-1.0,10,8,2,0,0
74.8112,-1.0,900,1,2,0,0
75.0592,76.0509,110,4,2,JumpScratch,-5
75.0592,-1.0,20,10,3,0,0
75.3071,-1.0,900,4,2,0,0
75.3071,-1.0,10,8,2,0,0
75.5550,-1.0,900,4,2,0,0
75.5550,-1.0,10,8,2,0,0
75.8030,-1.0,900,4,2,0,0
76.0509,76.2988,110,1,2,JumpScratch,8
76.0509,-1.0,20,10,3,0,0
76.2988,76.5468,110,5,4,JumpScratch,8
76.5468,78.0344,110,10,3,0,0
76.7947,-1.0,900,10,3,0,0
77.0426,-1.0,20,1,3,0,0
77.0426,-1.0,900,10,3,0,0
77.2906,-1.0,10,4,2,0,0
77.2906,-1.0,900,10,3,0,0
77.5385,-1.0,10,4,2,0,0
77.5385,-1.0,900,10,3,0,0
77.7864,-1.0,900,10,3,0,0
78.0344,-1.0,20,1,3,0,0
78.5303,-1.0,83,1,2,0,0
78.5303,79.0261,110,1,2,JumpScratch,5
78.5303,-1.0,10,8,2,0,0
78.7782,-1.0,900,1,2,0,0
79.0261,80.0179,110,4,2,JumpScratch,-5
79.0261,-1.0,20,10,3,0,0
79.2741,-1.0,900,4,2,0,0
79.2741,-1.0,10,8,2,0,0
79.5220,-1.0,900,4,2,0,0
79.5220,-1.0,10,8,2,0,0
79.7699,-1.0,900,4,2,0,0
80.0179,81.0096,110,1,2,JumpScratch,5
80.0179,-1.0,20,10,3,0,0
80.2658,-1.0,900,1,2,0,0
80.2658,-1.0,10,8,2,0,0
80.5137,-1.0,900,1,2,0,0
80.5137,-1.0,10,8,2,0,0
80.7617,-1.0,900,1,2,0,0
81.0096,-1.0,20,10,3,0,0
81.5055,-1.0,80,4,2,0,0
81.5055,81.7534,100,4,2,0,0
81.7534,-1.0,80,11,2,0,0
81.7534,82.0013,100,11,2,0,0
82.0013,-1.0,80,1,2,0,0
82.0013,82.2493,100,1,2,0,0
82.2493,-1.0,82,8,2,0,0
82.2493,82.4972,110,8,2,JumpScratch,5
82.4972,-1.0,10,4,2,0,0
82.4972,82.9931,110,11,2,JumpScratch,-5
82.7451,-1.0,900,11,2,0,0
82.9931,-1.0,20,1,3,0,0
82.9931,83.7369,110,8,2,JumpScratch,5
83.2410,-1.0,10,4,2,0,0
83.2410,-1.0,900,8,2,0,0
83.4889,-1.0,10,4,2,0,0
83.4889,-1.0,900,8,2,0,0
83.7369,83.9848,110,10,3,JumpScratch,-6
83.9848,-1.0,20,1,3,0,0
83.9848,84.2327,110,7,3,JumpScratch,-6
84.2327,84.4807,110,4,3,JumpScratch,-6
84.4807,85.4724,110,1,3,JumpScratch,6
84.4807,-1.0,82,10,3,0,0
84.4807,85.4724,110,10,3,JumpScratch,-6
84.7286,-1.0,900,1,3,0,0
84.7286,-1.0,900,10,3,0,0
84.9765,-1.0,900,1,3,0,0
84.9765,-1.0,900,10,3,0,0
85.2245,-1.0,900,1,3,0,0
85.2245,-1.0,900,10,3,0,0
85.4724,85.9683,110,4,3,0,0
85.4724,85.9683,110,7,3,0,0
85.7203,-1.0,900,4,3,0,0
85.7203,-1.0,900,7,3,0,0
86.4641,-1.0,10,4,3,0,0
86.6602,-1.0,20,1,4,0,0
86.6602,-1.0,10,9,4,0,0
86.8563,-1.0,10,4,3,0,0
86.8563,-1.0,10,9,4,0,0
87.0524,-1.0,20,1,4,0,0
87.0524,-1.0,10,7,4,0,0
87.2484,-1.0,10,4,3,0,0
87.2484,-1.0,50,9,4,0,0
87.4445,-1.0,20,1,4,0,0
87.6406,-1.0,10,4,3,0,0
87.8367,-1.0,20,1,4,0,0
87.8367,-1.0,10,9,4,0,0
88.0328,-1.0,10,4,3,0,0
88.0328,-1.0,10,9,4,0,0
88.2288,-1.0,20,1,4,0,0
88.2288,-1.0,10,7,4,0,0
88.4249,-1.0,10,4,3,0,0
88.4249,-1.0,50,9,4,0,0
88.6210,-1.0,20,1,4,0,0
88.8171,-1.0,82,4,3,0,0
88.8171,89.0132,110,4,3,JumpScratch,-6
88.8171,-1.0,83,10,3,0,0
88.8171,89.0132,110,10,3,JumpScratch,-6
89.0132,89.2092,110,1,3,JumpScratch,6
89.2092,89.4053,110,4,3,JumpScratch,-6
89.2092,-1.0,83,7,3,0,0
89.2092,89.4053,110,7,3,JumpScratch,6
89.4053,89.6014,110,10,3,JumpScratch,-6
89.6014,-1.0,10,4,3,0,0
89.7975,-1.0,20,1,4,0,0
89.7975,-1.0,10,8,4,0,0
89.9935,-1.0,10,4,3,0,0
89.9935,-1.0,10,8,4,0,0
90.1896,-1.0,20,1,4,0,0
90.1896,-1.0,10,6,4,0,0
90.3857,-1.0,10,4,3,0,0
90.3857,-1.0,50,8,4,0,0
90.5818,-1.0,20,1,4,0,0
90.7779,-1.0,10,4,3,0,0
90.9739,-1.0,20,1,4,0,0
90.9739,-1.0,10,8,4,0,0
91.1700,-1.0,10,4,3,0,0
91.1700,-1.0,10,8,4,0,0
91.3661,-1.0,20,1,4,0,0
91.3661,-1.0,10,6,4,0,0
91.5622,-1.0,10,4,3,0,0
91.5622,-1.0,50,8,4,0,0
91.7583,-1.0,20,1,4,0,0
91.9543,-1.0,10,1,3,0,0
91.9543,-1.0,10,9,4,0,0
92.1504,-1.0,10,4,3,0,0
92.3465,-1.0,10,1,4,0,0
92.3465,-1.0,10,7,3,0,0
92.5426,-1.0,10,10,3,0,0
92.7386,-1.0,10,7,3,0,0
92.9347,-1.0,10,1,4,0,0
92.9347,-1.0,20,9,4,0,0
93.1308,-1.0,10,1,4,0,0
93.1308,-1.0,10,7,3,0,0
93.3269,-1.0,10,4,4,0,0
93.3269,-1.0,20,9,4,0,0
93.5230,-1.0,50,1,4,0,0
93.5230,-1.0,10,7,3,0,0
93.7190,-1.0,20,9,4,0,0
93.9151,-1.0,10,7,3,0,0
94.1112,-1.0,10,1,4,0,0
94.1112,-1.0,20,9,4,0,0
94.3073,-1.0,10,1,4,0,0
94.3073,-1.0,10,7,3,0,0
94.5034,-1.0,10,4,4,0,0
94.5034,-1.0,20,9,4,0,0
94.6994,-1.0,50,1,4,0,0
94.6994,-1.0,10,7,3,0,0
94.8955,-1.0,20,9,4,0,0
95.0916,-1.0,83,1,3,0,0
95.0916,95.2877,110,1,3,JumpScratch,6
95.0916,-1.0,82,7,3,0,0
95.0916,95.2877,110,7,3,JumpScratch,6
95.2877,95.4837,110,10,3,JumpScratch,-6
95.4837,-1.0,83,4,3,0,0
95.4837,95.6798,110,4,3,JumpScratch,-6
95.4837,95.6798,110,7,3,JumpScratch,6
95.6798,95.8759,110,1,3,JumpScratch,6
95.8759,-1.0,10,7,3,0,0
96.0720,-1.0,10,3,4,0,0
96.0720,-1.0,20,9,4,0,0
96.2681,-1.0,10,3,4,0,0
96.2681,-1.0,10,7,3,0,0
96.4641,-1.0,10,2,4,0,0
96.4641,-1.0,20,9,4,0,0
96.6602,-1.0,50,1,4,0,0
96.6602,-1.0,10,7,3,0,0
96.8563,-1.0,20,9,4,0,0
97.0524,-1.0,10,7,3,0,0
97.2484,-1.0,10,1,4,0,0
97.2484,-1.0,20,9,4,0,0
97.4445,-1.0,10,7,3,0,0
97.6406,-1.0,10,2,4,0,0
97.6406,-1.0,20,9,4,0,0
97.8367,-1.0,10,1,4,0,0
97.8367,-1.0,10,7,3,0,0
98.0328,-1.0,10,3,4,0,0
98.0328,-1.0,20,9,4,0,0
98.2288,-1.0,50,7,3,0,0
98.4249,-1.0,10,1,3,0,0
98.5230,-1.0,10,10,3,0,0
98.6210,-1.0,10,4,3,0,0
98.7190,-1.0,10,7,3,0,0
98.8171,-1.0,10,1,3,0,0
98.9151,-1.0,10,10,3,0,0
99.0132,-1.0,80,4,3,0,0
99.0132,99.2092,100,4,3,0,0
99.0132,-1.0,10,7,3,0,0
99.2092,-1.0,10,10,3,0,0
99.4053,-1.0,10,1,3,0,0
99.4053,-1.0,80,7,3,0,0
99.4053,99.6014,100,7,3,0,0
99.6014,-1.0,10,4,3,0,0
99.7975,-1.0,80,1,3,0,0
99.7975,99.9935,100,1,3,0,0
99.7975,-1.0,10,10,3,0,0
99.9935,-1.0,10,7,3,0,0
100.1896,-1.0,10,4,3,0,0
100.1896,-1.0,80,10,3,0,0
100.1896,100.3857,100,10,3,0,0
100.3857,-1.0,10,1,3,0,0
100.5818,-1.0,81,4,3,0,0
100.5818,100.7779,101,4,3,0,0
100.5818,-1.0,50,10,3,0,0
100.9739,-1.0,50,1,3,0,0
100.9739,-1.0,81,7,3,0,0
100.9739,101.1700,101,7,3,0,0
101.3661,-1.0,81,4,3,0,0
101.3661,101.7583,101,4,3,0,0
101.3661,-1.0,50,10,3,0,0
101.5622,-1.0,900,4,3,0,0
101.5622,-1.0,10,7,3,0,0
101.7583,-1.0,10,10,3,0,0
101.9543,-1.0,10,7,3,0,0
102.1504,-1.0,80,1,3,0,0
102.1504,102.3465,100,1,3,0,0
102.1504,-1.0,10,10,3,0,0
102.3465,-1.0,10,7,3,0,0
102.4445,-1.0,10,4,3,0,0
102.5426,-1.0,50,10,3,0,0
102.7386,-1.0,10,4,3,0,0
102.8367,-1.0,10,4,3,0,0
102.9347,-1.0,80,7,3,0,0
102.9347,103.1308,100,7,3,0,0
103.1308,-1.0,10,4,3,0,0
103.2288,-1.0,10,7,3,0,0
103.3269,-1.0,50,1,3,0,0
103.5230,-1.0,10,4,3,0,0
103.5230,-1.0,10,10,3,0,0
103.7190,-1.0,50,1,3,0,0
103.7190,-1.0,81,7,3,0,0
103.7190,103.9151,101,7,3,0,0
104.1112,-1.0,81,4,3,0,0
104.1112,104.3073,101,4,3,0,0
104.1112,-1.0,50,10,3,0,0
104.5034,-1.0,50,1,3,0,0
104.5034,-1.0,81,7,3,0,0
104.5034,104.8955,101,7,3,0,0
104.6994,-1.0,10,4,3,0,0
104.6994,-1.0,900,7,3,0,0
104.8955,-1.0,10,1,3,0,0
105.0916,-1.0,10,4,3,0,0
105.2877,-1.0,80,1,3,0,0
105.2877,105.4837,100,1,3,0,0
105.4837,-1.0,10,10,3,0,0
105.6798,-1.0,80,4,3,0,0
105.6798,105.8759,100,4,3,0,0
105.6798,-1.0,10,10,3,0,0
105.8759,-1.0,10,7,3,0,0
106.0720,-1.0,80,1,3,0,0
106.0720,106.2681,100,1,3,0,0
106.0720,-1.0,20,10,3,0,0
106.2681,-1.0,20,7,3,0,0
106.4641,-1.0,80,4,3,0,0
106.4641,106.6602,100,4,3,0,0
106.4641,-1.0,20,10,3,0,0
106.6602,-1.0,20,7,3,0,0
106.8563,-1.0,80,10,3,0,0
106.8563,107.0524,100,10,3,0,0
107.0524,-1.0,10,1,3,0,0
107.2484,-1.0,10,1,3,0,0
107.2484,-1.0,80,7,3,0,0
107.2484,107.4445,100,7,3,0,0
107.4445,-1.0,10,4,3,0,0
107.6406,-1.0,20,1,3,0,0
107.6406,-1.0,80,10,3,0,0
107.6406,107.8367,100,10,3,0,0
107.8367,-1.0,20,4,3,0,0
108.0328,-1.0,20,1,3,0,0
108.0328,-1.0,80,7,3,0,0
108.0328,108.2288,100,7,3,0,0
108.2288,-1.0,20,4,3,0,0
108.4249,-1.0,20,1,3,0,0
108.4249,-1.0,10,10,3,0,0
108.6210,-1.0,20,1,3,0,0
108.6210,-1.0,10,10,3,0,0
108.8171,-1.0,20,4,3,0,0
108.8171,-1.0,10,10,3,0,0
109.0132,-1.0,20,4,3,0,0
109.0132,-1.0,10,10,3,0,0
109.2092,-1.0,10,1,3,0,0
109.2092,-1.0,20,7,3,0,0
109.4053,-1.0,10,1,3,0,0
109.4053,-1.0,20,7,3,0,0
109.6014,-1.0,10,1,3,0,0
109.6014,-1.0,20,10,3,0,0
109.7975,-1.0,50,1,3,0,0
109.7975,-1.0,50,10,3,0,0
110.1896,-1.0,10,4,3,0,0
110.1896,-1.0,20,10,3,0,0
110.3857,-1.0,20,1,3,0,0
110.3857,-1.0,10,7,3,0,0
110.5818,-1.0,10,4,3,0,0
110.5818,-1.0,20,10,3,0,0
110.7779,-1.0,81,1,3,0,0
110.7779,111.1700,101,1,3,0,0
110.7779,-1.0,10,7,3,0,0
110.9739,-1.0,900,1,3,0,0
110.9739,-1.0,50,10,3,0,0
111.1700,-1.0,50,10,3,0,0
112.8343,-1.0,80,5,4,0,0
112.8343,112.8953,100,5,4,0,0
113.3221,-1.0,80,2,3,0,0
113.3221,113.5660,100,2,3,0,0
113.3221,-1.0,10,7,4,0,0
113.5660,-1.0,20,11,2,0,0
113.7286,-1.0,10,2,3,0,0
113.9725,-1.0,10,3,3,0,0
114.0538,-1.0,20,11,2,0,0
114.2977,-1.0,80,1,3,0,0
114.2977,114.5416,100,1,3,0,0
114.5416,-1.0,20,11,2,0,0
114.7042,-1.0,10,1,3,0,0
114.9481,-1.0,10,3,3,0,0
115.0294,-1.0,20,11,2,0,0
115.2733,-1.0,80,2,3,0,0
115.2733,115.5172,100,2,3,0,0
115.5172,-1.0,20,11,2,0,0
115.6798,-1.0,10,2,3,0,0
115.9237,-1.0,10,4,3,0,0
116.0050,-1.0,20,11,2,0,0
116.2489,-1.0,80,3,3,0,0
116.2489,116.4928,100,3,3,0,0
116.4928,-1.0,20,11,2,0,0
116.6554,-1.0,10,1,3,0,0
116.6554,-1.0,10,7,4,0,0
116.8993,-1.0,10,5,3,0,0
116.9806,-1.0,20,11,2,0,0
117.2245,-1.0,10,3,4,0,0
117.2245,-1.0,80,8,3,0,0
117.2245,117.4684,100,8,3,0,0
117.4684,-1.0,20,1,2,0,0
117.6310,-1.0,10,8,3,0,0
117.8749,-1.0,10,7,3,0,0
117.9562,-1.0,20,1,2,0,0
118.2001,-1.0,10,3,4,0,0
118.2001,-1.0,80,8,3,0,0
118.2001,118.4440,100,8,3,0,0
118.4440,-1.0,20,1,2,0,0
118.6067,-1.0,10,9,3,0,0
118.8506,-1.0,10,7,3,0,0
118.9319,-1.0,20,1,2,0,0
119.1758,-1.0,10,5,4,0,0
119.1758,-1.0,82,10,3,0,0
119.1758,119.4197,110,10,3,JumpScratch,-6
119.4197,-1.0,80,3,3,0,0
119.4197,119.6636,100,3,3,0,0
119.4197,119.6636,110,7,3,JumpScratch,6
119.8262,-1.0,10,1,3,0,0
119.9075,-1.0,10,7,3,0,0
119.9888,-1.0,10,3,3,0,0
120.0701,-1.0,10,8,3,0,0
120.1514,-1.0,10,4,3,0,0
120.3953,-1.0,50,1,4,0,0
120.3953,-1.0,50,9,4,0,0
120.5579,-1.0,10,7,3,0,0
120.6392,-1.0,10,4,3,0,0
120.8018,-1.0,50,1,5,0,0
120.8018,-1.0,50,8,5,0,0
121.1270,-1.0,82,4,3,0,0
121.1270,121.3709,110,4,3,JumpScratch,-6
121.1270,-1.0,82,7,3,0,0
121.1270,121.3709,110,7,3,JumpScratch,6
121.6148,-1.0,10,6,2,0,0
121.6148,-1.0,10,11,2,0,0
121.8587,-1.0,50,1,3,0,0
121.8587,-1.0,10,9,2,0,0
122.1026,-1.0,10,5,2,0,0
122.1026,-1.0,10,10,2,0,0
122.3465,-1.0,50,1,3,0,0
122.3465,-1.0,10,8,2,0,0
122.5904,-1.0,10,4,2,0,0
122.5904,-1.0,10,9,2,0,0
122.8343,-1.0,50,1,3,0,0
122.8343,-1.0,82,7,2,0,0
122.8343,122.8953,110,7,2,JumpScratch,3
122.8953,122.9562,110,8,2,JumpScratch,3
122.9562,123.0172,110,9,2,JumpScratch,3
123.0172,123.0782,110,10,2,JumpScratch,3
123.0782,-1.0,10,4,2,0,0
123.0782,124.2977,110,11,2,JumpScratch,-5
123.3221,-1.0,50,1,3,0,0
123.3221,-1.0,900,11,2,0,0
123.5660,-1.0,10,5,2,0,0
123.5660,-1.0,900,11,2,0,0
123.8099,-1.0,50,1,3,0,0
123.8099,-1.0,900,11,2,0,0
124.0538,-1.0,10,4,2,0,0
124.0538,-1.0,900,11,2,0,0
124.2977,-1.0,50,1,3,0,0
124.2977,124.5416,110,8,2,JumpScratch,5
124.5416,-1.0,10,5,2,0,0
124.5416,124.7855,110,11,2,JumpScratch,-6
124.7855,-1.0,50,1,3,0,0
124.7855,125.0294,110,7,3,JumpScratch,6
125.0294,-1.0,20,1,4,0,0
125.2733,-1.0,82,5,2,0,0
125.2733,125.3546,110,5,2,JumpScratch,-4
125.2733,-1.0,50,10,3,0,0
125.3546,125.4359,110,3,2,JumpScratch,-4
125.5172,-1.0,10,6,3,0,0
125.7611,-1.0,10,5,2,0,0
125.7611,-1.0,50,10,3,0,0
126.0050,-1.0,10,2,2,0,0
126.0050,-1.0,10,7,2,0,0
126.2489,-1.0,10,5,2,0,0
126.2489,-1.0,50,10,3,0,0
126.4928,-1.0,10,1,2,0,0
126.4928,-1.0,10,7,2,0,0
126.7367,-1.0,10,4,2,0,0
126.7367,-1.0,50,10,3,0,0
126.9806,-1.0,10,3,2,0,0
126.9806,-1.0,80,7,2,0,0
126.9806,127.2245,100,7,2,0,0
127.2245,-1.0,50,1,3,0,0
127.4684,-1.0,10,5,2,0,0
127.4684,-1.0,50,10,3,0,0
127.7123,-1.0,50,1,3,0,0
127.7123,-1.0,10,7,2,0,0
127.9562,-1.0,10,5,2,0,0
127.9562,-1.0,10,10,2,0,0
128.2001,-1.0,82,2,2,0,0
128.2001,128.3628,110,2,2,JumpScratch,5
128.2001,-1.0,82,7,2,0,0
128.2001,128.3628,110,7,2,JumpScratch,5
128.3628,128.6880,110,5,2,0,0
128.3628,128.6880,110,10,2,0,0
128.6067,-1.0,900,5,2,0,0
128.6067,-1.0,900,10,2,0,0
128.9319,-1.0,10,5,2,0,0
128.9319,-1.0,10,10,3,0,0
129.1758,-1.0,80,2,2,0,0
129.1758,129.9075,100,2,2,0,0
129.1758,-1.0,82,7,2,0,0
129.1758,129.4197,110,7,2,JumpScratch,6
129.4197,-1.0,900,2,2,0,0
129.4197,129.6636,110,10,3,JumpScratch,-7
129.6636,-1.0,900,2,2,0,0
129.6636,129.9075,110,6,2,JumpScratch,5
130.1514,-1.0,82,5,2,0,0
130.1514,130.3953,110,5,2,JumpScratch,-6
130.1514,-1.0,80,10,2,0,0
130.1514,130.8831,100,10,2,0,0
130.3953,130.6392,110,1,3,JumpScratch,7
130.3953,-1.0,900,10,2,0,0
130.6392,130.8831,110,6,2,JumpScratch,-5
130.6392,-1.0,900,10,2,0,0
131.1270,-1.0,10,2,2,0,0
131.1270,-1.0,10,7,2,0,0
131.3709,-1.0,80,5,2,0,0
131.3709,131.6148,100,5,2,0,0
131.3709,-1.0,10,10,2,0,0
131.6148,-1.0,10,8,2,0,0
131.8587,-1.0,10,1,3,0,0
131.8587,-1.0,10,10,3,0,0
132.1026,-1.0,82,4,3,0,0
132.1026,132.2652,110,4,3,JumpScratch,-6
132.1026,-1.0,82,7,3,0,0
132.1026,132.2652,110,7,3,JumpScratch,6
132.2652,132.5904,110,1,3,0,0
132.2652,132.5904,110,10,3,0,0
132.8343,-1.0,80,4,3,0,0
132.8343,133.0782,100,4,3,0,0
132.8343,-1.0,10,8,2,0,0
133.0782,-1.0,50,10,3,0,0
133.3221,-1.0,10,1,3,0,0
133.3221,-1.0,10,8,2,0,0
133.4847,-1.0,10,4,3,0,0
133.5660,-1.0,50,10,3,0,0
133.7286,-1.0,10,4,3,0,0
133.8099,-1.0,10,8,2,0,0
134.0538,-1.0,10,1,3,0,0
134.0538,-1.0,50,10,3,0,0
134.2164,-1.0,10,4,3,0,0
134.2977,-1.0,10,8,2,0,0
134.5416,-1.0,10,1,3,0,0
134.5416,-1.0,10,7,3,0,0
134.7855,-1.0,10,4,3,0,0
134.7855,-1.0,82,10,3,0,0
134.7855,135.0294,110,10,3,0,0
135.0294,-1.0,82,4,3,0,0
135.0294,135.2733,110,4,3,0,0
135.2733,-1.0,82,7,3,0,0
135.2733,135.5172,110,7,3,0,0
135.5172,-1.0,82,1,3,0,0
135.5172,135.7611,110,1,3,0,0
135.7611,-1.0,10,5,4,0,0
136.0050,-1.0,50,1,4,0,0
136.0050,-1.0,50,9,4,0,0
136.1676,-1.0,10,4,3,0,0
136.2489,-1.0,10,7,3,0,0
136.4115,-1.0,50,1,5,0,0
136.4115,-1.0,50,8,5,0,0
136.7367,-1.0,50,1,4,0,0
136.7367,-1.0,20,5,4,0,0
136.9394,-1.0,10,7,3,0,0
137.0408,-1.0,10,4,3,0,0
137.1421,-1.0,50,9,4,0,0
137.3448,-1.0,10,5,4,0,0
137.5475,-1.0,10,10,3,0,0
137.7502,-1.0,10,7,3,0,0
137.9529,-1.0,10,4,3,0,0
138.1557,-1.0,10,1,3,0,0
138.3584,-1.0,20,5,4,0,0
138.3584,-1.0,50,9,4,0,0
138.5611,-1.0,20,5,4,0,0
138.5611,-1.0,50,9,4,0,0
138.7638,-1.0,10,3,3,0,0
138.9665,-1.0,50,1,4,0,0
138.9665,-1.0,20,5,4,0,0
139.1692,-1.0,10,8,3,0,0
139.3719,-1.0,10,5,3,0,0
139.5746,-1.0,10,2,3,0,0
139.5746,-1.0,82,8,2,0,0
139.5746,139.9800,110,8,2,JumpScratch,5
139.7773,-1.0,900,8,2,0,0
139.9800,-1.0,82,1,2,0,0
139.9800,140.0813,110,1,2,JumpScratch,5
139.9800,141.6016,100,11,2,0,0
140.0813,140.1827,110,4,2,JumpScratch,5
140.1827,140.3854,110,7,2,JumpScratch,-4
140.1827,-1.0,900,11,2,0,0
140.3854,140.4867,110,5,2,JumpScratch,-4
140.3854,-1.0,900,11,2,0,0
140.4867,140.5881,110,3,2,JumpScratch,-4
140.5881,140.7908,110,1,2,JumpScratch,4
140.5881,-1.0,900,11,2,0,0
140.7908,140.8921,110,3,2,JumpScratch,4
140.7908,-1.0,900,11,2,0,0
140.8921,140.9935,110,5,2,JumpScratch,4
140.9935,141.1962,110,7,2,JumpScratch,-4
140.9935,-1.0,900,11,2,0,0
141.1962,141.2975,110,5,2,JumpScratch,-4
141.1962,-1.0,900,11,2,0,0
141.2975,141.3989,110,3,2,JumpScratch,-4
141.3989,-1.0,900,11,2,0,0
141.6016,-1.0,20,1,3,0,0
141.8043,-1.0,10,1,3,0,0
142.0070,-1.0,20,6,3,0,0
142.2097,-1.0,10,6,3,0,0
142.4124,-1.0,20,4,3,0,0
142.5138,-1.0,10,10,3,0,0
142.6151,-1.0,10,4,3,0,0
142.7165,-1.0,10,10,3,0,0
142.8178,-1.0,20,1,3,0,0
142.9192,-1.0,10,7,3,0,0
143.0205,-1.0,10,1,3,0,0
143.1219,-1.0,10,7,3,0,0
143.2232,-1.0,50,1,6,0,0
144.8448,-1.0,20,5,2,0,0
145.1057,-1.0,20,8,2,0,0
145.3666,-1.0,20,11,2,0,0
145.6274,-1.0,20,5,2,0,0
145.8883,-1.0,20,7,2,0,0
146.1492,-1.0,20,4,2,0,0
146.4101,-1.0,20,2,2,0,0
146.6709,-1.0,20,4,2,0,0
146.9318,-1.0,50,1,3,0,0
146.9318,-1.0,81,11,2,0,0
146.9318,148.4970,101,11,2,0,0
147.1927,-1.0,900,11,2,0,0
147.4535,-1.0,900,11,2,0,0
147.7144,-1.0,900,11,2,0,0
147.9753,-1.0,900,11,2,0,0
148.2361,-1.0,900,11,2,0,0
149.0188,-1.0,20,5,2,0,0
149.2796,-1.0,20,8,2,0,0
149.5405,-1.0,20,11,2,0,0
149.8014,-1.0,20,5,2,0,0
150.0622,-1.0,20,7,2,0,0
150.3231,-1.0,20,4,2,0,0
150.5840,-1.0,20,2,2,0,0
150.8448,-1.0,20,4,2,0,0
151.1057,-1.0,81,1,2,0,0
151.1057,152.6709,101,1,2,0,0
151.3666,-1.0,900,1,2,0,0
151.6274,-1.0,900,1,2,0,0
151.8883,-1.0,900,1,2,0,0
152.1492,-1.0,900,1,2,0,0
152.4101,-1.0,900,1,2,0,0
153.1927,-1.0,20,4,2,0,0
153.4535,-1.0,20,7,2,0,0
153.7144,-1.0,20,10,2,0,0
153.9753,-1.0,20,4,2,0,0
154.2361,-1.0,20,6,2,0,0
154.4970,-1.0,20,3,2,0,0
154.7579,-1.0,20,1,2,0,0
155.0188,-1.0,20,3,2,0,0
155.2796,-1.0,50,1,3,0,0
155.2796,-1.0,81,10,2,0,0
155.2796,156.8448,101,10,2,0,0
155.5405,-1.0,900,10,2,0,0
155.8014,-1.0,900,10,2,0,0
156.0622,-1.0,900,10,2,0,0
156.3231,-1.0,900,10,2,0,0
156.5840,-1.0,900,10,2,0,0
157.3666,-1.0,20,4,2,0,0
157.6274,-1.0,20,7,2,0,0
157.8883,-1.0,20,10,2,0,0
158.1492,-1.0,20,4,2,0,0
158.4101,-1.0,20,6,2,0,0
158.6709,-1.0,20,3,2,0,0
158.9318,-1.0,20,2,2,0,0
159.1927,-1.0,20,3,2,0,0
159.4535,-1.0,81,2,2,0,0
159.4535,161.0188,101,2,2,0,0
159.7144,-1.0,900,2,2,0,0
159.9753,-1.0,900,2,2,0,0
160.2361,-1.0,900,2,2,0,0
160.4970,-1.0,900,2,2,0,0
160.7579,-1.0,900,2,2,0,0
161.5405,-1.0,10,3,4,0,0
161.5405,-1.0,80,9,3,0,0
161.5405,161.7844,100,9,3,0,0
161.7844,-1.0,20,1,2,0,0
161.9470,-1.0,10,9,3,0,0
162.1909,-1.0,10,7,3,0,0
162.2722,-1.0,20,1,2,0,0
162.5161,-1.0,80,10,3,0,0
162.5161,162.7600,100,10,3,0,0
162.7600,-1.0,20,1,2,0,0
162.9226,-1.0,10,10,3,0,0
163.1665,-1.0,10,7,3,0,0
163.2478,-1.0,20,1,2,0,0
163.4917,-1.0,80,9,3,0,0
163.4917,163.7356,100,9,3,0,0
163.7356,-1.0,20,1,2,0,0
163.8982,-1.0,10,9,3,0,0
164.1421,-1.0,10,6,3,0,0
164.2234,-1.0,20,1,2,0,0
164.4673,-1.0,80,8,3,0,0
164.4673,164.7112,100,8,3,0,0
164.7112,-1.0,20,1,2,0,0
164.8738,-1.0,10,3,4,0,0
164.8738,-1.0,10,10,3,0,0
165.1177,-1.0,10,5,3,0,0
165.1990,-1.0,20,1,2,0,0
165.4429,-1.0,80,3,3,0,0
165.4429,165.6868,100,3,3,0,0
165.4429,-1.0,10,7,4,0,0
165.6868,-1.0,20,11,2,0,0
165.8494,-1.0,10,3,3,0,0
166.0933,-1.0,10,5,3,0,0
166.1746,-1.0,20,11,2,0,0
166.4185,-1.0,80,3,3,0,0
166.4185,166.6624,100,3,3,0,0
166.4185,-1.0,10,7,4,0,0
166.6624,-1.0,20,11,2,0,0
166.8250,-1.0,10,2,3,0,0
167.0689,-1.0,10,5,3,0,0
167.1502,-1.0,20,11,2,0,0
167.3942,-1.0,82,4,3,0,0
167.3942,167.6381,110,4,3,JumpScratch,-6
167.3942,-1.0,10,8,4,0,0
167.6381,167.8820,110,1,3,JumpScratch,6
168.0446,-1.0,10,10,3,0,0
168.1259,-1.0,10,4,3,0,0
168.2072,-1.0,10,7,3,0,0
168.2885,-1.0,10,1,3,0,0
168.3698,-1.0,10,5,4,0,0
168.6137,-1.0,50,1,5,0,0
168.6137,-1.0,50,8,5,0,0
168.7763,-1.0,10,4,3,0,0
168.8576,-1.0,10,7,3,0,0
169.0202,-1.0,50,1,6,0,0
169.0202,-1.0,50,7,6,0,0
169.3454,-1.0,50,1,4,0,0
169.3454,-1.0,83,5,3,0,0
169.3454,169.3890,110,5,3,JumpScratch,5
169.3890,169.4326,110,7,3,JumpScratch,4
169.4326,169.6942,100,8,3,0,0
169.6070,-1.0,900,8,3,0,0
169.6942,-1.0,83,5,3,0,0
169.6942,169.7814,110,5,3,JumpScratch,-5
169.7814,169.8686,110,3,3,JumpScratch,-5
169.8686,-1.0,83,6,3,0,0
169.8686,169.9122,110,6,3,JumpScratch,5
169.9122,169.9558,110,8,3,JumpScratch,4
169.9558,170.2175,100,9,3,0,0
170.1303,-1.0,900,9,3,0,0
170.2175,-1.0,10,5,4,0,0
170.3047,-1.0,10,8,3,0,0
170.3919,-1.0,10,3,4,0,0
170.4791,-1.0,10,6,3,0,0
170.5663,-1.0,10,1,4,0,0
170.7407,-1.0,50,2,4,0,0
170.7407,-1.0,83,6,3,0,0
170.7407,170.7843,110,6,3,JumpScratch,5
170.7843,170.8279,110,8,3,JumpScratch,4
170.8279,171.0896,100,9,3,0,0
171.0023,-1.0,900,9,3,0,0
171.0896,-1.0,83,6,3,0,0
171.0896,171.1768,110,6,3,JumpScratch,-5
171.1768,171.2640,110,4,3,JumpScratch,-5
171.2640,-1.0,83,7,3,0,0
171.2640,171.3076,110,7,3,JumpScratch,5
171.3076,171.3512,110,9,3,JumpScratch,4
171.3512,171.6128,100,10,3,0,0
171.5256,-1.0,900,10,3,0,0
171.6128,-1.0,10,6,4,0,0
171.7000,-1.0,10,9,3,0,0
171.7872,-1.0,10,4,4,0,0
171.8744,-1.0,10,7,3,0,0
171.9616,-1.0,10,3,3,0,0
172.1361,-1.0,50,1,4,0,0
172.1361,-1.0,83,5,3,0,0
172.1361,172.1797,110,5,3,JumpScratch,5
172.1797,172.2233,110,7,3,JumpScratch,4
172.2233,172.4849,100,8,3,0,0
172.3977,-1.0,900,8,3,0,0
172.4849,-1.0,83,5,3,0,0
172.4849,172.5721,110,5,3,JumpScratch,-5
172.5721,172.6593,110,3,3,JumpScratch,-5
172.6593,-1.0,83,6,3,0,0
172.6593,172.7029,110,6,3,JumpScratch,5
172.7029,172.7465,110,8,3,JumpScratch,4
172.7465,173.0082,100,9,3,0,0
172.9210,-1.0,900,9,3,0,0
173.0082,-1.0,10,5,4,0,0
173.0954,-1.0,10,8,3,0,0
173.1826,-1.0,10,3,4,0,0
173.2698,-1.0,10,6,3,0,0
173.3570,-1.0,10,1,4,0,0
173.5314,-1.0,50,2,4,0,0
173.5314,-1.0,83,6,3,0,0
173.5314,173.5750,110,6,3,JumpScratch,5
173.5750,173.6186,110,8,3,JumpScratch,4
173.6186,173.8803,100,9,3,0,0
173.7930,-1.0,900,9,3,0,0
173.8803,-1.0,83,6,3,0,0
173.8803,173.9675,110,6,3,JumpScratch,-5
173.9675,174.0547,110,4,3,JumpScratch,-5
174.0547,-1.0,83,7,3,0,0
174.0547,174.0983,110,7,3,JumpScratch,5
174.0983,174.1419,110,9,3,JumpScratch,4
174.1419,174.4035,100,10,3,0,0
174.3163,-1.0,900,10,3,0,0
174.4035,-1.0,10,6,4,0,0
174.5779,-1.0,10,8,3,0,0
174.6651,-1.0,10,3,3,0,0
174.7523,-1.0,10,6,3,0,0
174.9268,-1.0,83,1,3,0,0
174.9268,175.9733,110,1,3,0,0
174.9268,-1.0,83,10,3,0,0
174.9268,175.9733,110,10,3,0,0
175.1012,-1.0,900,1,3,0,0
175.1012,-1.0,900,10,3,0,0
175.2756,-1.0,900,1,3,0,0
175.2756,-1.0,40,1,3,0,0
175.2756,-1.0,900,10,3,0,0
175.2756,-1.0,40,10,3,0,0
175.4500,-1.0,900,1,3,0,0
175.4500,-1.0,900,10,3,0,0
175.6244,-1.0,900,1,3,0,0
175.6244,-1.0,40,1,3,0,0
175.6244,-1.0,900,10,3,0,0
175.6244,-1.0,40,10,3,0,0
175.7989,-1.0,900,1,3,0,0
175.7989,-1.0,900,10,3,0,0
176.3221,-1.0,10,1,3,0,0
176.3221,-1.0,10,7,2,0,0
176.4965,-1.0,10,2,3,0,0
176.4965,-1.0,10,8,2,0,0
176.6710,-1.0,10,3,4,0,0
176.6710,-1.0,10,9,3,0,0
176.8454,-1.0,10,4,4,0,0
176.8454,-1.0,10,10,3,0,0
177.0198,-1.0,50,1,12,0,0
177.1942,-1.0,10,9,4,0,0
177.2814,-1.0,10,5,3,0,0
177.3686,-1.0,10,7,4,0,0
177.4558,-1.0,10,3,3,0,0
177.5430,-1.0,10,5,3,0,0
177.6303,-1.0,10,2,2,0,0
177.7175,-1.0,50,4,4,0,0
177.7175,-1.0,81,10,3,0,0
177.7175,178.0663,101,10,3,0,0
177.8919,-1.0,900,10,3,0,0
178.0663,-1.0,10,4,3,0,0
178.2407,-1.0,81,1,3,0,0
178.2407,178.7640,101,1,3,0,0
178.2407,-1.0,50,6,4,0,0
178.4151,-1.0,900,1,3,0,0
178.5896,-1.0,900,1,3,0,0
178.5896,-1.0,82,10,3,0,0
178.5896,178.7640,110,10,3,0,0
178.6768,-1.0,40,10,3,0,0
178.9384,-1.0,10,4,3,0,0
179.1128,-1.0,50,1,4,0,0
179.1128,-1.0,81,7,3,0,0
179.1128,179.4616,101,7,3,0,0
179.2872,-1.0,900,7,3,0,0
179.4616,-1.0,10,3,3,0,0
179.6361,-1.0,50,4,4,0,0
179.6361,-1.0,83,10,3,0,0
179.6361,179.9849,110,10,3,JumpScratch,-5
179.8105,-1.0,900,10,3,0,0
179.9849,-1.0,10,4,3,0,0
179.9849,180.1593,110,8,3,JumpScratch,-5
180.1593,-1.0,10,2,3,0,0
180.1593,180.5082,110,6,3,JumpScratch,7
180.3337,-1.0,900,6,3,0,0
180.5082,-1.0,81,1,3,0,0
180.5082,180.8570,101,1,3,0,0
180.6826,-1.0,900,1,3,0,0
180.8570,-1.0,10,6,3,0,0
181.0314,-1.0,81,4,3,0,0
181.0314,181.3803,101,4,3,0,0
181.0314,-1.0,50,9,4,0,0
181.2058,-1.0,900,4,3,0,0
181.3803,-1.0,10,7,3,0,0
181.5547,-1.0,10,1,4,0,0
181.5547,-1.0,10,9,4,0,0
181.7291,-1.0,10,4,3,0,0
181.9035,-1.0,50,1,4,0,0
181.9035,-1.0,81,7,3,0,0
181.9035,182.2523,101,7,3,0,0
182.0779,-1.0,900,7,3,0,0
182.4268,-1.0,50,4,4,0,0
182.4268,-1.0,81,10,3,0,0
182.4268,182.6012,101,10,3,0,0
182.6012,-1.0,10,1,3,0,0
182.6884,-1.0,10,6,3,0,0
182.7756,-1.0,10,4,3,0,0
182.8628,-1.0,10,9,3,0,0
182.9500,-1.0,10,2,3,0,0
183.0372,-1.0,10,7,3,0,0
183.1244,-1.0,10,5,3,0,0
183.2116,-1.0,10,10,3,0,0
183.2989,-1.0,50,1,6,0,0
183.4733,-1.0,10,7,3,0,0
183.5605,-1.0,10,4,5,0,0
183.6477,-1.0,10,7,3,0,0
183.8221,-1.0,50,1,8,0,0
183.8221,-1.0,83,10,3,0,0
183.8221,184.1710,110,10,3,JumpScratch,-6
183.9965,-1.0,900,10,3,0,0
184.1710,-1.0,20,2,4,0,0
184.1710,184.3454,110,7,3,JumpScratch,6
184.3454,-1.0,20,2,4,0,0
184.6942,-1.0,50,7,6,0,0
184.8686,-1.0,10,4,3,0,0
184.9558,-1.0,10,5,5,0,0
185.0430,-1.0,10,4,3,0,0
185.2175,-1.0,83,1,3,0,0
185.2175,185.5663,110,1,3,JumpScratch,6
185.2175,-1.0,50,5,8,0,0
185.3919,-1.0,900,1,3,0,0
185.5663,185.7407,110,4,3,JumpScratch,-6
185.5663,-1.0,20,7,6,0,0
185.7407,-1.0,20,7,6,0,0
186.0896,-1.0,50,1,4,0,0
186.0896,-1.0,50,9,4,0,0
186.3512,-1.0,10,4,3,0,0
186.4384,-1.0,20,9,4,0,0
186.5256,-1.0,20,1,4,0,0
186.6128,-1.0,10,7,3,0,0
186.7000,-1.0,10,4,3,0,0
186.7872,-1.0,20,8,5,0,0
186.8744,-1.0,20,1,5,0,0
186.9616,-1.0,10,7,2,0,0
187.0489,-1.0,10,5,2,0,0
187.1361,-1.0,10,7,2,0,0
187.3105,-1.0,10,1,3,0,0
187.4849,-1.0,82,4,3,0,0
187.4849,187.6593,110,4,3,JumpScratch,-6
187.4849,-1.0,10,7,3,0,0
187.6593,-1.0,81,10,3,0,0
187.6593,188.0082,101,10,3,0,0
187.8337,-1.0,900,10,3,0,0
188.0082,-1.0,10,5,3,0,0
188.1826,-1.0,20,1,4,0,0
188.1826,-1.0,20,9,4,0,0
188.3570,-1.0,10,6,3,0,0
188.5314,-1.0,50,1,6,0,0
188.5314,-1.0,50,7,6,0,0
188.8803,-1.0,50,1,4,JumpScratch,-4
188.8803,-1.0,83,7,3,0,0
188.8803,188.9239,110,7,3,JumpScratch,5
188.9239,188.9675,110,9,3,JumpScratch,4
188.9675,189.2291,110,10,3,JumpScratch,-6
189.1419,-1.0,900,10,3,0,0
189.2291,-1.0,10,4,3,0,0
189.2291,189.4035,110,7,3,JumpScratch,5
189.4035,-1.0,50,1,4,JumpScratch,-4
189.4035,189.4471,110,9,3,JumpScratch,4
189.4471,189.9268,110,10,3,0,0
189.6215,-1.0,900,10,3,0,0
189.7523,-1.0,10,5,4,0,0
189.7960,-1.0,900,10,3,0,0
189.9268,-1.0,50,5,4,0,0
190.2756,-1.0,83,4,3,0,0
190.2756,190.3192,110,4,3,JumpScratch,-5
190.2756,-1.0,50,9,4,JumpScratch,4
190.3192,190.3628,110,2,3,JumpScratch,-4
190.3628,190.6244,110,1,3,JumpScratch,6
190.5372,-1.0,900,1,3,0,0
190.6244,190.7989,110,4,3,JumpScratch,-5
190.6244,-1.0,10,7,3,0,0
190.7989,190.8425,110,2,3,JumpScratch,-4
190.7989,-1.0,50,9,4,JumpScratch,4
190.8425,191.3221,110,1,3,0,0
191.0169,-1.0,900,1,3,0,0
191.1477,-1.0,10,5,4,0,0
191.1913,-1.0,900,1,3,0,0
191.3221,-1.0,50,5,4,0,0
191.6710,-1.0,50,1,5,JumpScratch,-5
191.6710,-1.0,83,7,3,0,0
191.6710,191.7146,110,7,3,JumpScratch,5
191.7146,191.7582,110,9,3,JumpScratch,4
191.7582,192.0198,110,10,3,JumpScratch,-6
191.9326,-1.0,900,10,3,0,0
192.0198,-1.0,10,4,3,0,0
192.0198,192.1942,110,7,3,JumpScratch,6
192.1942,-1.0,83,4,3,0,0
192.1942,192.2378,110,4,3,JumpScratch,-5
192.2378,192.2814,110,2,3,JumpScratch,-4
192.2814,192.7175,110,1,3,0,0
192.4558,-1.0,900,1,3,0,0
192.5430,-1.0,10,7,3,0,0
192.6303,-1.0,900,1,3,0,0
192.7175,-1.0,50,10,3,0,0
193.0663,-1.0,83,4,3,0,0
193.0663,193.1099,110,4,3,JumpScratch,-5
193.0663,-1.0,50,8,5,JumpScratch,5
193.1099,193.1535,110,2,3,JumpScratch,-4
193.1535,193.4151,110,1,3,JumpScratch,6
193.3279,-1.0,900,1,3,0,0
193.4151,193.5896,110,4,3,JumpScratch,-6
193.4151,-1.0,10,7,3,0,0
193.5896,-1.0,83,7,3,0,0
193.5896,193.6332,110,7,3,JumpScratch,5
193.6332,193.6768,110,9,3,JumpScratch,4
193.6768,194.1128,110,10,3,0,0
193.8512,-1.0,900,10,3,0,0
193.9384,-1.0,10,4,3,0,0
194.0256,-1.0,900,10,3,0,0
194.1128,-1.0,50,1,3,0,0
194.4616,-1.0,20,4,3,0,0
194.4616,-1.0,20,10,3,0,0
194.6361,-1.0,10,7,3,0,0
194.7233,-1.0,10,5,2,0,0
194.8105,-1.0,50,9,3,0,0
194.8977,-1.0,10,5,2,0,0
194.9849,-1.0,10,7,3,0,0
195.1593,-1.0,20,3,3,0,0
195.1593,-1.0,20,9,3,0,0
195.3337,-1.0,10,6,3,0,0
195.4210,-1.0,10,4,2,0,0
195.5082,-1.0,50,8,3,0,0
195.5954,-1.0,10,4,2,0,0
195.6826,-1.0,10,6,3,0,0
195.8570,-1.0,20,1,3,0,0
195.8570,-1.0,20,7,3,0,0
196.0314,-1.0,10,4,3,0,0
196.1186,-1.0,10,7,2,0,0
196.2058,-1.0,50,2,3,0,0
196.2930,-1.0,10,7,2,0,0
196.3803,-1.0,10,4,3,0,0
196.5547,-1.0,20,2,3,0,0
196.5547,-1.0,20,8,3,0,0
196.7291,-1.0,10,5,3,0,0
196.8163,-1.0,10,8,2,0,0
196.9035,-1.0,50,3,3,0,0
196.9907,-1.0,10,8,2,0,0
197.0779,-1.0,10,5,3,0,0
197.2523,-1.0,10,1,4,0,0
197.2523,-1.0,10,9,4,0,0
197.4268,-1.0,20,3,4,0,0
197.4268,-1.0,50,9,4,0,0
197.6012,-1.0,10,5,4,0,0
197.7756,-1.0,10,5,4,0,0
197.9500,-1.0,50,1,6,0,0
197.9500,-1.0,20,9,4,0,0
198.1244,-1.0,10,5,4,0,0
198.2989,-1.0,20,1,4,0,0
198.2989,-1.0,50,7,6,0,0
198.4733,-1.0,10,5,4,0,0
198.6477,-1.0,50,1,6,0,0
198.6477,-1.0,50,7,6,0,0
198.9965,-1.0,20,2,4,0,0
198.9965,-1.0,20,8,4,0,0
199.1710,-1.0,83,2,4,0,0
199.1710,200.0430,110,2,4,0,0
199.1710,-1.0,83,8,4,0,0
199.1710,200.0430,110,8,4,0,0
199.3454,-1.0,900,2,4,0,0
199.3454,-1.0,31,2,4,0,0
199.3454,-1.0,900,8,4,0,0
199.3454,-1.0,31,8,4,0,0
199.5198,-1.0,900,2,4,0,0
199.5198,-1.0,31,2,4,0,0
199.5198,-1.0,900,8,4,0,0
199.5198,-1.0,31,8,4,0,0
199.6942,-1.0,900,2,4,0,0
199.6942,-1.0,31,2,4,0,0
199.6942,-1.0,900,8,4,0,0
199.6942,-1.0,31,8,4,0,0
199.8686,-1.0,900,2,4,0,0
199.8686,-1.0,31,2,4,0,0
199.8686,-1.0,900,8,4,0,0
199.8686,-1.0,31,8,4,0,0
205.6244,-1.0,10,7,3,0,0
205.6821,-1.0,10,4,3,0,0
205.7398,-1.0,50,7,6,JumpScratch,6
205.8552,-1.0,50,1,6,JumpScratch,-6
206.0860,-1.0,10,10,3,0,0
206.2014,-1.0,10,4,3,0,0
206.3167,-1.0,10,7,3,0,0
206.4321,-1.0,10,1,3,0,0
206.5475,-1.0,20,9,4,0,0
206.6629,-1.0,83,9,4,0,0
206.6629,207.0091,110,9,4,0,0
206.8937,-1.0,900,9,4,0,0
206.8937,-1.0,31,9,4,0,0
207.0091,-1.0,10,1,4,0,0
207.2398,-1.0,10,4,3,0,0
207.3552,-1.0,10,7,3,0,0
207.4706,-1.0,82,1,3,0,0
207.4706,207.9321,110,1,3,0,0
207.7014,-1.0,900,1,3,0,0
207.7014,-1.0,83,10,3,0,0
207.7014,207.8167,110,10,3,JumpScratch,-6
207.8167,207.9321,110,7,3,JumpScratch,6
207.9321,208.0475,110,10,3,JumpScratch,-6
208.1629,-1.0,10,4,3,0,0
208.2783,-1.0,10,7,3,0,0
208.3937,-1.0,10,5,2,0,0
208.3937,-1.0,10,9,4,0,0
208.6244,-1.0,10,1,4,0,0
208.6244,-1.0,10,7,2,0,0
208.8552,-1.0,10,5,2,0,0
208.8552,-1.0,10,9,4,0,0
209.0860,-1.0,50,1,4,0,0
209.0860,-1.0,80,7,2,0,0
209.0860,209.5475,100,7,2,0,0
209.3167,-1.0,900,7,2,0,0
209.5475,-1.0,10,5,2,0,0
209.6629,-1.0,10,7,2,0,0
209.7783,-1.0,10,1,4,0,0
209.8937,-1.0,10,9,4,0,0
210.0091,-1.0,10,4,3,0,0
210.1244,-1.0,10,7,3,0,0
210.2398,-1.0,20,1,4,0,0
210.3552,-1.0,20,1,4,0,0
210.4706,-1.0,20,4,4,0,0
210.5860,-1.0,81,1,4,0,0
210.5860,210.7014,101,1,4,0,0
210.7014,-1.0,50,5,6,0,0
210.9321,-1.0,10,4,3,0,0
211.1629,-1.0,20,9,4,0,0
211.2783,-1.0,20,9,4,0,0
211.3937,-1.0,20,6,4,0,0
211.5091,-1.0,81,9,4,0,0
211.5091,211.6244,101,9,4,0,0
211.6244,-1.0,50,3,6,0,0
211.8552,-1.0,10,7,3,0,0
212.0860,-1.0,83,1,4,0,0
212.0860,212.2014,110,1,4,JumpScratch,7
212.0860,-1.0,50,7,6,0,0
212.2014,212.4321,110,5,3,JumpScratch,-7
212.4321,-1.0,83,9,4,0,0
212.4321,212.5475,110,9,4,JumpScratch,-7
212.5475,212.7783,110,6,3,JumpScratch,7
212.7783,-1.0,83,1,4,0,0
212.7783,213.2398,110,1,4,JumpScratch,5
212.7783,213.2398,110,9,4,JumpScratch,-5
213.0091,-1.0,900,1,4,0,0
213.0091,-1.0,900,9,4,0,0
213.4706,-1.0,10,10,3,0,0
213.5860,-1.0,10,4,3,0,0
213.7014,-1.0,10,7,3,0,0
213.8167,-1.0,10,1,3,0,0
213.9321,-1.0,80,7,2,0,0
213.9321,215.7783,100,7,2,0,0
214.1629,-1.0,900,7,2,0,0
214.3937,-1.0,10,2,2,0,0
214.3937,-1.0,900,7,2,0,0
214.6244,-1.0,50,1,2,0,0
214.6244,-1.0,900,7,2,0,0
214.8552,-1.0,900,7,2,0,0
215.0860,-1.0,50,2,2,0,0
215.0860,-1.0,900,7,2,0,0
215.3167,-1.0,900,7,2,0,0
215.5475,-1.0,50,3,2,0,0
215.5475,-1.0,900,7,2,0,0
215.7783,-1.0,80,5,2,0,0
215.7783,217.1629,100,5,2,0,0
216.0091,-1.0,900,5,2,0,0
216.0091,-1.0,50,9,2,0,0
216.2398,-1.0,900,5,2,0,0
216.4706,-1.0,900,5,2,0,0
216.4706,-1.0,50,10,2,0,0
216.7014,-1.0,900,5,2,0,0
216.9321,-1.0,900,5,2,0,0
217.1629,-1.0,10,10,3,0,0
217.2783,-1.0,10,4,3,0,0
217.3937,-1.0,10,7,3,0,0
217.5091,-1.0,10,1,3,0,0
217.6244,-1.0,80,4,4,0,0
217.6244,217.8552,100,4,4,0,0
217.6244,-1.0,80,10,3,0,0
217.6244,217.8552,100,10,3,0,0
217.9706,-1.0,80,3,3,0,0
217.9706,218.2014,100,3,3,0,0
217.9706,-1.0,80,8,4,0,0
217.9706,218.2014,100,8,4,0,0
218.3167,-1.0,80,1,4,0,0
218.3167,219.1244,100,1,4,0,0
218.3167,-1.0,10,7,3,0,0
218.5475,-1.0,900,1,4,0,0
218.5475,-1.0,82,10,3,0,0
218.5475,218.6629,110,10,3,JumpScratch,-7
218.6629,218.8937,110,6,3,JumpScratch,7
218.7783,-1.0,900,1,4,0,0
218.8937,219.1244,110,10,3,JumpScratch,-7
219.0091,-1.0,900,1,4,0,0
219.4706,-1.0,50,1,5,JumpScratch,-5
219.4706,-1.0,50,8,5,JumpScratch,5
219.9321,-1.0,50,1,6,JumpScratch,-6
219.9321,-1.0,50,7,6,JumpScratch,6
219.9321,220.8552,110,1,3,0,0
219.9321,220.8552,110,10,3,0,0
220.1629,-1.0,900,1,3,0,0
220.1629,-1.0,900,10,3,0,0
220.3937,-1.0,900,1,3,0,0
220.3937,-1.0,40,1,3,0,0
220.3937,-1.0,900,10,3,0,0
220.3937,-1.0,40,10,3,0,0
220.6244,-1.0,900,1,3,0,0
220.6244,-1.0,40,1,3,0,0
220.6244,-1.0,900,10,3,0,0
220.6244,-1.0,40,10,3,0,0
221.0860,-1.0,10,4,3,0,0
221.0860,-1.0,10,7,3,0,0
221.3167,-1.0,50,7,6,0,0
221.4321,-1.0,10,5,4,0,0
221.6629,-1.0,10,5,4,0,0
221.7783,-1.0,50,7,6,0,0
222.0091,-1.0,10,3,3,0,0
222.0091,-1.0,10,8,3,0,0
222.2398,-1.0,50,1,6,0,0
222.3552,-1.0,10,5,4,0,0
222.5860,-1.0,10,5,4,0,0
222.7014,-1.0,50,1,6,0,0
222.9321,-1.0,10,3,3,0,0
222.9321,-1.0,10,8,3,0,0
223.1629,-1.0,10,1,4,0,0
223.1629,-1.0,83,10,3,0,0
223.1629,223.3937,110,10,3,JumpScratch,-5
223.3937,-1.0,10,4,3,0,0
223.6244,-1.0,83,1,3,0,0
223.6244,223.8552,110,1,3,JumpScratch,5
223.6244,-1.0,10,7,3,0,0
223.8552,-1.0,80,9,4,0,0
223.8552,224.5475,100,9,4,0,0
224.0860,-1.0,900,9,4,0,0
224.3167,-1.0,20,1,4,0,0
224.3167,-1.0,900,9,4,0,0
224.5475,-1.0,20,5,4,0,0
224.7783,-1.0,20,9,4,0,0
225.0091,-1.0,10,1,6,0,0
225.1244,-1.0,10,5,4,0,0
225.3552,-1.0,10,5,4,0,0
225.4706,-1.0,10,1,6,0,0
225.7014,-1.0,80,4,3,0,0
225.7014,226.1629,100,4,3,0,0
225.7014,-1.0,50,9,4,0,0
225.9321,-1.0,900,4,3,0,0
226.1629,-1.0,10,7,3,0,0
226.3937,-1.0,20,4,3,0,0
226.3937,-1.0,20,10,3,0,0
226.6244,-1.0,20,1,3,0,0
226.6244,-1.0,20,7,3,0,0
226.8552,-1.0,50,1,5,JumpScratch,-5
226.8552,-1.0,50,8,5,JumpScratch,5
227.3167,-1.0,50,1,6,JumpScratch,-6
227.3167,-1.0,50,7,6,JumpScratch,6
227.3167,228.2398,110,1,3,0,0
227.3167,228.2398,110,10,3,0,0
227.5475,-1.0,900,1,3,0,0
227.5475,-1.0,900,10,3,0,0
227.7783,-1.0,900,1,3,0,0
227.7783,-1.0,40,1,3,0,0
227.7783,-1.0,900,10,3,0,0
227.7783,-1.0,40,10,3,0,0
228.0091,-1.0,900,1,3,0,0
228.0091,-1.0,40,1,3,0,0
228.0091,-1.0,900,10,3,0,0
228.0091,-1.0,40,10,3,0,0
228.4706,-1.0,10,1,3,0,0
228.4706,-1.0,82,7,3,0,0
228.4706,228.7014,110,7,3,JumpScratch,6
228.7014,-1.0,83,4,3,0,0
228.7014,229.1629,110,4,3,JumpScratch,-6
228.9321,-1.0,900,4,3,0,0
228.9321,-1.0,10,10,3,0,0
229.1629,-1.0,20,7,6,0,0
229.3937,-1.0,10,1,3,0,0
229.3937,-1.0,82,7,3,0,0
229.3937,229.6244,110,7,3,JumpScratch,6
229.6244,-1.0,83,4,3,0,0
229.6244,230.0860,110,4,3,JumpScratch,-6
229.8552,-1.0,900,4,3,0,0
229.8552,-1.0,10,10,3,0,0
230.0860,-1.0,20,7,6,0,0
230.3167,-1.0,82,7,3,0,0
230.3167,230.5475,110,7,3,JumpScratch,6
230.5475,-1.0,80,1,3,0,0
230.5475,230.7783,100,1,3,0,0
230.7783,-1.0,10,7,3,0,0
231.0091,-1.0,82,4,3,0,0
231.0091,231.2398,110,4,3,JumpScratch,-6
231.0091,-1.0,10,10,3,0,0
231.2398,-1.0,80,7,3,0,0
231.2398,231.7014,100,7,3,0,0
231.4706,-1.0,900,7,3,0,0
231.7014,-1.0,20,1,4,0,0
231.9321,-1.0,20,5,4,0,0
232.1629,-1.0,20,9,4,0,0
232.3937,-1.0,10,7,6,0,0
232.5091,-1.0,10,5,4,0,0
232.7398,-1.0,10,5,4,0,0
232.8552,-1.0,10,7,6,0,0
233.0860,-1.0,10,1,3,0,0
233.3167,-1.0,80,4,3,0,0
233.3167,233.6629,100,4,3,0,0
233.3167,-1.0,83,10,3,0,0
233.3167,233.4321,110,10,3,JumpScratch,-6
233.4321,233.5475,110,7,3,JumpScratch,6
233.5475,-1.0,900,4,3,0,0
233.5475,233.6629,110,10,3,JumpScratch,-6
233.7783,-1.0,10,1,3,0,0
233.8937,-1.0,10,7,3,0,0
234.0091,-1.0,10,4,3,0,0
234.1244,-1.0,10,10,3,0,0
234.2398,-1.0,10,1,3,0,0
234.3552,-1.0,10,1,3,0,0
234.4706,-1.0,10,7,4,0,0
234.5860,-1.0,10,3,4,0,0
234.7014,-1.0,50,7,6,0,0
234.9321,-1.0,10,4,3,0,0
235.0475,-1.0,10,7,3,0,0
235.1629,-1.0,82,1,3,0,0
235.1629,235.6244,110,1,3,0,0
235.1629,-1.0,82,10,3,0,0
235.1629,235.6244,110,10,3,0,0
235.3937,-1.0,900,1,3,0,0
235.3937,-1.0,900,10,3,0,0
235.8552,-1.0,82,5,2,0,0
235.8552,236.0860,110,5,2,JumpScratch,-5
236.0860,237.0091,110,2,2,JumpScratch,4
236.0860,-1.0,20,10,2,0,0
236.3167,-1.0,900,2,2,0,0
236.3167,-1.0,20,8,2,0,0
236.5475,-1.0,900,2,2,0,0
236.5475,-1.0,81,11,2,0,0
236.5475,237.9321,101,11,2,0,0
236.7783,-1.0,900,2,2,0,0
236.7783,-1.0,900,11,2,0,0
237.0091,237.9321,110,4,2,JumpScratch,-5
237.0091,-1.0,900,11,2,0,0
237.2398,-1.0,900,4,2,0,0
237.2398,-1.0,900,11,2,0,0
237.4706,-1.0,900,4,2,0,0
237.4706,-1.0,900,11,2,0,0
237.7014,-1.0,900,4,2,0,0
237.7014,-1.0,900,11,2,0,0
237.9321,238.8552,110,1,2,JumpScratch,6
238.1629,-1.0,900,1,2,0,0
238.3937,-1.0,900,1,2,0,0
238.6244,-1.0,900,1,2,0,0
238.6244,-1.0,10,7,2,0,0
238.8552,-1.0,10,10,2,0,0
239.0860,-1.0,10,8,2,0,0
239.3167,-1.0,10,1,3,0,0
239.3167,-1.0,10,11,2,0,0
239.5475,-1.0,10,8,2,0,0
239.7783,-1.0,10,5,2,0,0
239.7783,-1.0,82,11,2,0,0
239.7783,240.7014,110,11,2,JumpScratch,-5
240.0091,-1.0,10,2,2,0,0
240.0091,-1.0,900,11,2,0,0
240.2398,-1.0,10,4,2,0,0
240.2398,-1.0,900,11,2,0,0
240.4706,-1.0,10,1,2,0,0
240.4706,-1.0,900,11,2,0,0
240.7014,241.1629,110,8,2,JumpScratch,5
240.9321,-1.0,900,8,2,0,0
241.6244,-1.0,10,1,3,0,0
241.6244,-1.0,10,11,2,0,0
241.8552,-1.0,10,9,2,0,0
242.0860,-1.0,10,1,3,0,0
242.0860,-1.0,10,7,2,0,0
242.3167,-1.0,10,5,2,0,0
242.5475,-1.0,20,1,4,0,0
242.5475,-1.0,50,7,6,0,0
243.0091,-1.0,50,1,6,0,0
243.0091,-1.0,20,9,4,0,0
243.4706,-1.0,20,9,4,0,0
243.5860,-1.0,10,1,4,0,0
243.7014,-1.0,10,4,6,0,0
243.8167,-1.0,10,1,4,0,0
243.9321,-1.0,83,10,3,0,0
243.9321,244.0475,110,10,3,JumpScratch,-7
244.0475,244.1629,110,6,3,JumpScratch,6
244.1629,244.2783,110,9,3,JumpScratch,-7
244.3937,-1.0,20,1,4,0,0
244.5091,-1.0,10,9,4,0,0
244.6244,-1.0,10,4,6,0,0
244.7398,-1.0,10,9,4,0,0
244.8552,-1.0,83,1,3,0,0
244.8552,244.9706,110,1,3,JumpScratch,7
244.9706,245.0860,110,5,3,JumpScratch,-6
245.0860,245.2014,110,2,3,JumpScratch,7
245.3167,-1.0,82,10,3,0,0
245.3167,245.6629,110,10,3,JumpScratch,-6
245.5475,-1.0,900,10,3,0,0
245.6629,-1.0,10,4,3,0,0
245.6629,246.0091,110,7,3,JumpScratch,6
245.8937,-1.0,900,7,3,0,0
246.0091,-1.0,82,1,3,0,0
246.0091,246.2398,110,1,3,JumpScratch,6
246.2398,-1.0,80,10,3,0,0
246.2398,246.7014,100,10,3,0,0
246.4706,-1.0,10,5,4,0,0
246.4706,-1.0,900,10,3,0,0
246.7014,-1.0,10,3,4,0,0
246.9321,-1.0,10,7,3,0,0
247.1629,-1.0,20,1,6,0,0
247.1629,-1.0,10,10,3,0,0
247.3937,-1.0,10,4,3,0,0
247.6244,-1.0,10,1,3,0,0
247.6244,-1.0,20,7,6,0,0
247.8552,-1.0,10,7,3,0,0
248.0860,-1.0,82,1,3,0,0
248.0860,248.2014,110,1,3,JumpScratch,6
248.0860,-1.0,10,10,3,0,0
248.2014,248.3167,110,4,3,JumpScratch,-6
248.3167,-1.0,10,7,3,0,0
248.5475,-1.0,50,1,6,0,0
248.5475,-1.0,80,10,3,0,0
248.5475,248.7783,100,10,3,0,0
248.7783,-1.0,10,4,3,0,0
249.0091,-1.0,50,7,6,0,0
249.1244,-1.0,10,5,4,0,0
249.3552,-1.0,10,5,4,0,0
249.4706,-1.0,50,7,6,0,0
249.7014,-1.0,10,3,3,0,0
249.7014,-1.0,10,8,3,0,0
249.9321,-1.0,10,1,3,0,0
249.9321,-1.0,20,7,6,0,0
250.1629,-1.0,10,7,3,0,0
250.3937,-1.0,20,1,6,0,0
250.3937,-1.0,10,10,3,0,0
250.6244,-1.0,10,4,3,0,0
250.8552,-1.0,81,1,3,0,0
250.8552,251.0860,101,1,3,0,0
250.8552,-1.0,10,9,4,0,0
251.0860,-1.0,10,7,3,0,0
251.2014,-1.0,10,4,3,0,0
251.3167,-1.0,50,9,4,0,0
251.5475,-1.0,80,7,3,0,0
251.5475,252.0091,100,7,3,0,0
251.7783,-1.0,10,1,4,0,0
251.7783,-1.0,900,7,3,0,0
252.0091,-1.0,10,4,3,0,0
252.1244,-1.0,10,7,3,0,0
252.2398,-1.0,50,1,4,0,0
252.4706,-1.0,10,4,3,0,0
252.7014,-1.0,81,1,3,0,0
252.7014,252.9321,101,1,3,0,0
252.7014,-1.0,10,9,4,0,0
252.9321,-1.0,10,7,3,0,0
253.0475,-1.0,10,4,3,0,0
253.1629,-1.0,50,9,4,0,0
253.3937,-1.0,10,7,3,0,0
253.6244,-1.0,10,4,3,0,0
253.7398,-1.0,50,7,6,0,0
253.8552,-1.0,50,1,6,0,0
253.9706,-1.0,50,7,6,0,0
254.0860,-1.0,20,1,4,0,0
254.2014,-1.0,20,7,4,0,0
254.3167,-1.0,20,3,4,0,0
254.4321,-1.0,20,9,4,0,0
255.0091,-1.0,20,1,6,0,0
255.0091,-1.0,20,7,6,0,0
255.1244,-1.0,50,1,6,0,0
255.1244,-1.0,50,7,6,0,0