0.0,-1.0,10,1,4,0,0
67.7308,67.7308,0,0,0,11,10170
3.0769,-1.0,10,9,4,0,0
80.0,90.7692,0,0,0,12,10170
6.1538,-1.0,10,3,4,0,0
130.2308,130.2308,0,0,0,11,1070
7.6923,-1.0,10,7,4,0,0
133.3077,133.3077,0,0,0,11,1060
9.2308,-1.0,80,1,4,0,0
9.2308,10.7692,100,1,4,0,0
136.3846,136.3846,0,0,0,11,1070
9.6154,-1.0,900,1,4,0,0
139.4615,139.4615,0,0,0,11,10170
10.0,-1.0,900,1,4,0,0
142.5385,142.5385,0,0,0,11,1070
10.3846,-1.0,900,1,4,0,0
144.0769,144.0769,0,0,0,11,1060
12.3077,-1.0,10,9,4,0,0
145.6154,145.6154,0,0,0,11,1070
13.8462,-1.0,10,3,4,0,0
147.1538,147.1538,0,0,0,11,1060
15.3846,-1.0,80,9,4,0,0
15.3846,16.9231,100,9,4,0,0
148.6923,148.6923,0,0,0,11,10170
15.7692,-1.0,900,9,4,0,0
161.0,161.0,0,0,0,11,10170
16.1538,-1.0,900,9,4,0,0
182.5385,184.6154,0,0,0,11,1070
16.5385,-1.0,900,9,4,0,0
188.6923,190.7692,0,0,0,11,1070
18.4615,-1.0,10,1,4,0,0
194.8462,194.8462,0,0,0,11,1060
20.0,-1.0,10,7,4,0,0
197.9231,197.9231,0,0,0,11,1060
21.5385,-1.0,80,1,4,0,0
21.5385,23.0769,100,1,4,0,0
201.0,201.0,0,0,0,11,1060
21.9231,-1.0,900,1,4,0,0
204.0769,204.0769,0,0,0,11,1060
22.3077,-1.0,900,1,4,0,0
206.3846,206.3846,0,0,0,11,10170
22.6923,-1.0,900,1,4,0,0
218.4615,229.2308,0,0,0,12,10170
24.6154,-1.0,10,9,4,0,0
26.1538,-1.0,10,3,4,0,0
27.6923,-1.0,10,7,4,0,0
29.2308,-1.0,10,1,4,0,0
30.7692,-1.0,80,9,4,0,0
30.7692,33.8462,100,9,4,0,0
31.1538,-1.0,900,9,4,0,0
31.5385,-1.0,900,9,4,0,0
31.9231,-1.0,900,9,4,0,0
32.3077,-1.0,900,9,4,0,0
32.3077,-1.0,30,9,4,0,0
32.6923,-1.0,900,9,4,0,0
33.0769,-1.0,900,9,4,0,0
33.4615,-1.0,900,9,4,0,0
36.9231,-1.0,10,9,4,0,0
38.4615,-1.0,10,3,4,0,0
40.0,-1.0,10,9,4,0,0
41.5385,-1.0,10,3,4,0,0
43.0769,-1.0,10,7,4,0,0
44.6154,-1.0,10,1,4,0,0
46.1538,-1.0,80,7,4,0,0
46.1538,47.6923,100,7,4,0,0
46.5385,-1.0,900,7,4,0,0
46.9231,-1.0,900,7,4,0,0
47.3077,-1.0,900,7,4,0,0
49.2308,-1.0,80,2,4,0,0
49.2308,50.7692,100,2,4,0,0
49.6154,-1.0,900,2,4,0,0
50.0,-1.0,900,2,4,0,0
50.3846,-1.0,900,2,4,0,0
52.3077,-1.0,80,8,4,0,0
52.3077,53.8462,100,8,4,0,0
52.6923,-1.0,900,8,4,0,0
53.0769,-1.0,900,8,4,0,0
53.4615,-1.0,900,8,4,0,0
55.3846,-1.0,20,1,5,0,0
56.9231,-1.0,20,8,5,0,0
58.4615,-1.0,80,3,4,0,0
58.4615,60.0,100,3,4,0,0
58.8462,-1.0,900,3,4,0,0
59.2308,-1.0,900,3,4,0,0
59.6154,-1.0,900,3,4,0,0
61.5385,-1.0,20,8,5,0,0
62.3077,-1.0,20,1,5,0,0
63.0769,-1.0,20,8,5,0,0
63.8462,-1.0,20,1,5,0,0
64.6154,-1.0,81,7,6,0,0
64.6154,66.1538,101,7,6,0,0
65.0,-1.0,900,7,6,0,0
65.0,-1.0,30,7,6,0,0
65.3846,-1.0,900,7,6,0,0
65.3846,-1.0,30,7,6,0,0
65.7692,-1.0,900,7,6,0,0
65.7692,-1.0,30,7,6,0,0
67.6923,-1.0,20,1,4,0,0
69.2308,-1.0,10,9,4,0,0
70.7692,-1.0,10,1,4,0,0
72.3077,-1.0,10,9,4,0,0
73.8462,-1.0,80,3,4,0,0
73.8462,75.3846,100,3,4,0,0
74.2308,-1.0,900,3,4,0,0
74.6154,-1.0,900,3,4,0,0
75.0,-1.0,900,3,4,0,0
76.9231,-1.0,80,7,4,0,0
76.9231,78.4615,100,7,4,0,0
77.3077,-1.0,900,7,4,0,0
77.6923,-1.0,900,7,4,0,0
78.0769,-1.0,900,7,4,0,0
80.0,-1.0,20,1,6,0,0
80.7692,-1.0,10,7,6,0,0
81.5385,-1.0,10,1,6,0,0
83.0769,-1.0,10,7,6,0,0
83.8462,-1.0,10,1,6,0,0
84.6154,-1.0,10,7,6,0,0
86.1538,-1.0,81,1,6,0,0
86.1538,87.6923,101,1,6,0,0
86.5385,-1.0,900,1,6,0,0
86.9231,-1.0,900,1,6,0,0
86.9231,-1.0,30,1,6,0,0
87.3077,-1.0,900,1,6,0,0
89.2308,-1.0,81,7,6,0,0
89.2308,90.7692,101,7,6,0,0
89.6154,-1.0,900,7,6,0,0
90.0,-1.0,900,7,6,0,0
90.0,-1.0,30,7,6,0,0
90.3846,-1.0,900,7,6,0,0
92.3077,-1.0,10,1,4,0,0
93.0769,-1.0,10,7,4,0,0
93.8462,-1.0,10,1,4,0,0
95.3846,-1.0,80,7,4,0,0
95.3846,96.9231,100,7,4,0,0
95.7692,-1.0,900,7,4,0,0
96.1538,-1.0,900,7,4,0,0
96.1538,-1.0,30,7,4,0,0
96.5385,-1.0,900,7,4,0,0
98.4615,-1.0,10,9,4,0,0
99.2308,-1.0,10,3,4,0,0
100.0,-1.0,10,9,4,0,0
101.5385,-1.0,80,3,4,0,0
101.5385,103.0769,100,3,4,0,0
101.9231,-1.0,900,3,4,0,0
102.3077,-1.0,900,3,4,0,0
102.3077,-1.0,30,3,4,0,0
102.6923,-1.0,900,3,4,0,0
104.6154,-1.0,10,1,4,0,0
106.1538,-1.0,10,7,4,0,0
107.6923,-1.0,80,1,4,0,0
107.6923,109.2308,100,1,4,0,0
108.0769,-1.0,900,1,4,0,0
108.4615,-1.0,900,1,4,0,0
108.8462,-1.0,900,1,4,0,0
110.7692,-1.0,10,9,4,0,0
112.3077,-1.0,10,3,4,0,0
113.8462,-1.0,80,9,4,0,0
113.8462,115.3846,100,9,4,0,0
114.2308,-1.0,900,9,4,0,0
114.6154,-1.0,900,9,4,0,0
115.0,-1.0,900,9,4,0,0
116.9231,-1.0,10,1,4,0,0
118.4615,-1.0,10,7,4,0,0
120.0,-1.0,10,3,4,0,0
121.5385,-1.0,20,9,4,0,0
123.0769,-1.0,81,1,4,0,0
123.0769,126.1538,101,1,4,0,0
123.4615,-1.0,900,1,4,0,0
123.8462,-1.0,900,1,4,0,0
124.2308,-1.0,900,1,4,0,0
124.6154,-1.0,900,1,4,0,0
124.6154,-1.0,30,1,4,0,0
125.0,-1.0,900,1,4,0,0
125.3846,-1.0,900,1,4,0,0
125.7692,-1.0,900,1,4,0,0
129.2308,-1.0,10,1,4,0,0
130.7692,-1.0,10,7,4,0,0
132.3077,-1.0,10,1,4,0,0
133.8462,-1.0,10,7,4,0,0
135.3846,-1.0,10,3,4,0,0
136.9231,-1.0,10,9,4,0,0
138.4615,-1.0,81,3,4,0,0
138.4615,140.0,101,3,4,0,0
138.8462,-1.0,900,3,4,0,0
139.2308,-1.0,900,3,4,0,0
139.2308,-1.0,30,3,4,0,0
139.6154,-1.0,900,3,4,0,0
141.5385,-1.0,80,8,4,0,0
141.5385,143.0769,100,8,4,0,0
141.9231,-1.0,900,8,4,0,0
142.3077,-1.0,900,8,4,0,0
142.6923,-1.0,900,8,4,0,0
144.6154,-1.0,80,2,4,0,0
144.6154,146.1538,100,2,4,0,0
145.0,-1.0,900,2,4,0,0
145.3846,-1.0,900,2,4,0,0
145.7692,-1.0,900,2,4,0,0
147.6923,-1.0,20,8,5,0,0
149.2308,-1.0,20,1,5,0,0
150.7692,-1.0,80,7,4,0,0
150.7692,152.3077,100,7,4,0,0
151.1538,-1.0,900,7,4,0,0
151.5385,-1.0,900,7,4,0,0
151.9231,-1.0,900,7,4,0,0
153.8462,-1.0,20,1,5,0,0
154.6154,-1.0,20,8,5,0,0
155.3846,-1.0,20,1,5,0,0
156.1538,-1.0,20,8,5,0,0
156.9231,-1.0,81,1,5,0,0
156.9231,157.6923,101,1,5,0,0
157.3077,-1.0,900,1,5,0,0
158.4615,-1.0,20,7,6,0,0
159.2308,-1.0,20,1,6,0,0
160.0,-1.0,81,7,6,0,0
160.0,163.0769,101,7,6,0,0
160.3846,-1.0,900,7,6,0,0
160.7692,-1.0,900,7,6,0,0
161.1538,-1.0,900,7,6,0,0
161.5385,-1.0,900,7,6,0,0
161.9231,-1.0,900,7,6,0,0
162.3077,-1.0,900,7,6,0,0
162.6923,-1.0,900,7,6,0,0
166.1538,-1.0,81,1,6,0,0
166.1538,170.0,101,1,6,0,0
166.5385,-1.0,900,1,6,0,0
166.9231,-1.0,900,1,6,0,0
167.3077,-1.0,900,1,6,0,0
167.6923,-1.0,900,1,6,0,0
167.6923,-1.0,30,1,6,0,0
168.0769,-1.0,900,1,6,0,0
168.4615,-1.0,900,1,6,0,0
168.8462,-1.0,900,1,6,0,0
169.2308,-1.0,900,1,6,0,0
169.6154,-1.0,900,1,6,0,0
172.3077,-1.0,10,7,4,0,0
173.0769,-1.0,10,1,4,0,0
173.8462,-1.0,10,7,4,0,0
175.3846,-1.0,80,1,4,0,0
175.3846,178.4615,100,1,4,0,0
175.7692,-1.0,900,1,4,0,0
176.1538,-1.0,900,1,4,0,0
176.1538,-1.0,30,1,4,0,0
176.5385,-1.0,900,1,4,0,0
176.9231,-1.0,900,1,4,0,0
176.9231,-1.0,30,1,4,0,0
177.3077,-1.0,900,1,4,0,0
177.6923,-1.0,900,1,4,0,0
178.0769,-1.0,900,1,4,0,0
178.0769,-1.0,30,1,4,0,0
193.8462,-1.0,10,9,4,0,0
196.9231,-1.0,10,3,4,0,0
200.0,-1.0,10,7,4,0,0
203.0769,-1.0,81,1,6,0,0
203.0769,204.6154,101,1,6,0,0
203.4615,-1.0,900,1,6,0,0
203.4615,-1.0,30,1,6,0,0
203.8462,-1.0,900,1,6,0,0
203.8462,-1.0,30,1,6,0,0
204.2308,-1.0,900,1,6,0,0
204.2308,-1.0,30,1,6,0,0
206.1538,-1.0,20,9,4,0,0
207.6923,-1.0,10,1,4,0,0
209.2308,-1.0,10,9,4,0,0
210.7692,-1.0,10,1,4,0,0
212.3077,-1.0,81,7,4,0,0
212.3077,213.8462,101,7,4,0,0
212.6923,-1.0,900,7,4,0,0
213.0769,-1.0,900,7,4,0,0
213.4615,-1.0,900,7,4,0,0
215.3846,-1.0,81,3,4,0,0
215.3846,216.9231,101,3,4,0,0
215.7692,-1.0,900,3,4,0,0
216.1538,-1.0,900,3,4,0,0
216.5385,-1.0,900,3,4,0,0
218.4615,-1.0,20,7,6,0,0
219.2308,-1.0,10,1,6,0,0
220.0,-1.0,10,7,6,0,0
221.5385,-1.0,10,1,6,0,0
222.3077,-1.0,10,7,6,0,0
223.0769,-1.0,10,1,6,0,0
224.6154,-1.0,81,7,6,0,0
224.6154,226.1538,101,7,6,0,0
225.0,-1.0,900,7,6,0,0
225.3846,-1.0,900,7,6,0,0
225.3846,-1.0,30,7,6,0,0
225.7692,-1.0,900,7,6,0,0
227.6923,-1.0,81,1,6,0,0
227.6923,229.2308,101,1,6,0,0
228.0769,-1.0,900,1,6,0,0
228.4615,-1.0,900,1,6,0,0
228.4615,-1.0,30,1,6,0,0
228.8462,-1.0,900,1,6,0,0
230.7692,-1.0,80,9,4,0,0
230.7692,232.6923,100,9,4,0,0
231.1538,-1.0,900,9,4,0,0
231.5385,-1.0,900,9,4,0,0
231.9231,-1.0,900,9,4,0,0
232.3077,-1.0,900,9,4,0,0
233.8462,-1.0,80,1,4,0,0
233.8462,236.5385,100,1,4,0,0
234.2308,-1.0,900,1,4,0,0
234.6154,-1.0,900,1,4,0,0
235.0,-1.0,900,1,4,0,0
235.3846,-1.0,900,1,4,0,0
235.7692,-1.0,900,1,4,0,0
236.1538,-1.0,900,1,4,0,0