0.0,-1.0,10,11,2,0,0
10.3264,10.3264,0,0,0,11,10030
0.1554,-1.0,10,8,2,0,0
78.0984,78.0984,0,0,0,11,10030
0.3109,-1.0,10,5,2,0,0
144.6269,144.6269,0,0,0,11,10030
0.4663,-1.0,10,2,2,0,0
155.1969,155.1969,0,0,0,14,3020
0.4663,-1.0,10,10,2,0,0
160.1710,160.1710,0,0,0,14,3010
0.6218,-1.0,10,7,2,0,0
166.6995,166.6995,0,0,0,11,10030
0.9326,-1.0,10,1,2,0,0
171.3627,187.7720,0,0,0,15,10030
1.0881,-1.0,10,4,2,0,0
190.2591,198.9637,0,0,0,14,10030
1.2435,-1.0,10,7,2,0,0
200.5855,200.5855,0,0,0,14,3010
1.3990,-1.0,10,2,2,0,0
201.8290,201.8290,0,0,0,14,3020
1.3990,-1.0,10,10,2,0,0
202.9171,202.9171,0,0,0,14,3010
1.5544,-1.0,10,5,2,0,0
204.1606,204.1606,0,0,0,14,3020
1.7098,-1.0,10,8,2,0,0
205.4041,205.4041,0,0,0,14,10030
1.8653,-1.0,10,11,2,0,0
208.6528,210.0777,0,0,0,14,10030
2.0207,-1.0,10,2,2,0,0
218.6166,218.6166,0,0,0,14,3010
2.1762,-1.0,10,5,2,0,0
219.5492,219.5492,0,0,0,14,3020
2.3316,-1.0,10,8,2,0,0
2.4870,-1.0,10,11,2,0,0
2.6425,-1.0,10,8,2,0,0
2.7979,-1.0,10,5,2,0,0
2.9534,-1.0,10,2,2,0,0
2.9534,-1.0,10,10,2,0,0
3.1088,-1.0,10,7,2,0,0
3.4197,-1.0,10,1,2,0,0
3.5751,-1.0,10,4,2,0,0
3.7306,-1.0,10,7,2,0,0
3.8860,-1.0,10,2,2,0,0
3.8860,-1.0,10,10,2,0,0
4.0415,-1.0,10,5,2,0,0
4.1969,-1.0,10,8,2,0,0
4.3523,-1.0,80,1,2,0,0
4.3523,4.8187,100,1,2,0,0
4.3523,-1.0,80,11,2,0,0
4.3523,4.8187,100,11,2,0,0
4.5078,-1.0,900,1,2,0,0
4.5078,-1.0,900,11,2,0,0
4.6632,-1.0,900,1,2,0,0
4.6632,-1.0,900,11,2,0,0
4.9741,-1.0,10,11,2,0,0
5.1295,-1.0,10,8,2,0,0
5.2850,-1.0,10,5,2,0,0
5.4404,-1.0,10,2,2,0,0
5.5181,-1.0,10,7,2,0,0
5.5959,-1.0,10,5,2,0,0
5.7513,-1.0,10,10,2,0,0
5.9067,-1.0,10,1,2,0,0
6.0622,-1.0,10,4,2,0,0
6.2176,-1.0,10,7,2,0,0
6.3731,-1.0,10,10,2,0,0
6.4508,-1.0,10,5,2,0,0
6.5285,-1.0,10,7,2,0,0
6.6839,-1.0,10,2,2,0,0
6.8394,-1.0,10,6,2,0,0
6.9948,-1.0,10,2,2,0,0
7.1503,-1.0,10,5,2,0,0
7.3057,-1.0,10,8,2,0,0
7.4611,-1.0,10,11,2,0,0
7.6166,-1.0,10,8,2,0,0
7.7720,-1.0,10,5,2,0,0
7.9275,-1.0,10,2,2,0,0
8.0052,-1.0,10,7,2,0,0
8.0829,-1.0,10,5,2,0,0
8.2383,-1.0,10,10,2,0,0
8.3938,-1.0,10,1,2,0,0
8.5492,-1.0,10,4,2,0,0
8.7047,-1.0,10,7,2,0,0
8.8601,-1.0,10,10,2,0,0
8.9378,-1.0,10,5,2,0,0
9.0155,-1.0,10,7,2,0,0
9.1710,-1.0,10,2,2,0,0
9.3264,-1.0,50,11,2,0,0
9.5596,-1.0,50,6,2,0,0
9.7927,-1.0,50,1,2,0,0
9.9482,-1.0,80,4,3,0,0
9.9482,10.2591,100,4,3,0,0
9.9482,-1.0,50,10,3,0,0
10.1036,-1.0,900,4,3,0,0
10.2591,-1.0,10,10,3,0,0
10.4145,-1.0,50,1,3,0,0
10.4145,-1.0,80,7,3,0,0
10.4145,10.7254,100,7,3,0,0
10.5699,-1.0,900,7,3,0,0
10.7254,-1.0,10,1,3,0,0
10.8808,-1.0,80,4,3,0,0
10.8808,11.5026,100,4,3,0,0
10.8808,-1.0,50,10,3,0,0
11.0363,-1.0,900,4,3,0,0
11.1917,-1.0,900,4,3,0,0
11.1917,-1.0,10,10,3,0,0
11.3472,-1.0,900,4,3,0,0
11.3472,-1.0,10,7,3,0,0
11.5026,-1.0,10,7,3,0,0
11.6580,-1.0,10,4,3,0,0
11.7358,-1.0,10,7,3,0,0
11.8135,-1.0,10,1,4,0,0
11.9689,-1.0,10,7,3,0,0
12.1244,-1.0,10,4,3,0,0
12.1244,-1.0,10,10,3,0,0
12.2798,-1.0,50,1,4,0,0
12.2798,-1.0,80,7,3,0,0
12.2798,12.7461,100,7,3,0,0
12.4352,-1.0,900,7,3,0,0
12.5907,-1.0,10,4,3,0,0
12.5907,-1.0,900,7,3,0,0
12.7461,-1.0,10,4,3,0,0
12.9016,-1.0,10,7,3,0,0
12.9793,-1.0,10,4,3,0,0
13.0570,-1.0,10,9,4,0,0
13.2124,-1.0,10,4,3,0,0
13.2902,-1.0,10,7,3,0,0
13.3679,-1.0,10,1,4,0,0
13.5233,-1.0,80,4,3,0,0
13.5233,13.9896,100,4,3,0,0
13.5233,-1.0,50,9,4,0,0
13.6788,-1.0,900,4,3,0,0
13.8342,-1.0,900,4,3,0,0
13.8342,-1.0,10,7,3,0,0
13.9896,-1.0,10,7,3,0,0
14.1451,-1.0,10,4,3,0,0
14.2228,-1.0,10,7,3,0,0
14.3005,-1.0,10,1,3,0,0
14.3782,-1.0,10,10,3,0,0
14.4560,-1.0,10,4,3,0,0
14.5337,-1.0,10,7,3,0,0
14.6114,-1.0,50,1,4,0,0
14.9223,-1.0,10,10,3,0,0
15.0777,-1.0,10,7,3,0,0
15.2332,-1.0,10,4,3,0,0
15.2332,-1.0,50,9,4,0,0
15.3886,-1.0,10,1,3,0,0
15.4663,-1.0,10,5,4,0,0
15.5440,-1.0,10,1,3,0,0
15.6995,-1.0,10,4,3,0,0
15.8549,-1.0,50,1,4,0,0
15.8549,-1.0,10,7,3,0,0
16.0104,-1.0,80,10,3,0,0
16.0104,16.3212,100,10,3,0,0
16.1658,-1.0,900,10,3,0,0
16.3212,-1.0,10,4,3,0,0
16.4767,-1.0,50,1,4,0,0
16.4767,-1.0,10,7,3,0,0
16.6321,-1.0,10,10,3,0,0
16.7098,-1.0,10,5,4,0,0
16.7876,-1.0,10,10,3,0,0
16.9430,-1.0,10,7,3,0,0
17.0984,-1.0,10,4,3,0,0
17.0984,-1.0,50,9,4,0,0
17.2539,-1.0,10,1,3,0,0
17.4093,-1.0,20,10,3,0,0
17.4870,-1.0,10,5,4,0,0
17.5648,-1.0,10,8,3,0,0
17.6425,-1.0,10,5,4,0,0
17.7202,-1.0,10,10,3,0,0
17.8756,-1.0,20,1,3,0,0
17.9534,-1.0,10,5,4,0,0
18.0311,-1.0,10,3,3,0,0
18.1088,-1.0,10,5,4,0,0
18.1865,-1.0,10,1,3,0,0
18.3420,-1.0,20,5,4,0,0
18.4197,-1.0,10,1,3,0,0
18.4974,-1.0,10,5,4,0,0
18.5751,-1.0,10,3,3,0,0
18.6528,-1.0,10,5,4,0,0
18.8083,-1.0,20,5,4,0,0
18.8860,-1.0,10,10,3,0,0
18.9637,-1.0,10,5,4,0,0
19.0415,-1.0,10,8,3,0,0
19.1192,-1.0,10,5,4,0,0
19.2746,-1.0,20,10,3,0,0
19.3523,-1.0,10,4,3,0,0
19.4301,-1.0,10,4,6,0,0
19.5078,-1.0,10,1,3,0,0
19.5855,-1.0,20,10,3,0,0
19.6632,-1.0,10,4,3,0,0
19.7409,-1.0,10,4,6,0,0
19.8187,-1.0,10,1,3,0,0
19.8964,-1.0,80,11,2,0,0
19.8964,20.8290,100,11,2,0,0
20.0518,-1.0,900,11,2,0,0
20.2073,-1.0,900,11,2,0,0
20.3627,-1.0,900,11,2,0,0
20.5181,-1.0,900,11,2,0,0
20.6736,-1.0,900,11,2,0,0
20.8290,-1.0,10,4,2,0,0
21.1399,-1.0,80,2,2,0,0
21.1399,21.4508,100,2,2,0,0
21.1399,-1.0,10,9,2,0,0
21.2953,-1.0,900,2,2,0,0
21.4508,-1.0,10,7,2,0,0
21.6062,-1.0,10,4,2,0,0
21.6062,-1.0,80,9,2,0,0
21.6062,22.0725,100,9,2,0,0
21.7617,-1.0,900,9,2,0,0
21.9171,-1.0,900,9,2,0,0
22.0725,-1.0,10,2,2,0,0
22.3834,-1.0,80,4,2,0,0
22.3834,23.3161,100,4,2,0,0
22.3834,-1.0,10,11,2,0,0
22.5389,-1.0,900,4,2,0,0
22.6943,-1.0,900,4,2,0,0
22.8497,-1.0,900,4,2,0,0
23.0052,-1.0,900,4,2,0,0
23.1606,-1.0,900,4,2,0,0
23.4715,-1.0,10,9,2,0,0
23.6269,-1.0,10,2,2,0,0
23.6269,-1.0,80,7,2,0,0
23.6269,23.9378,100,7,2,0,0
23.7824,-1.0,900,7,2,0,0
23.9378,-1.0,10,2,2,0,0
24.0933,-1.0,80,4,2,0,0
24.0933,24.4041,100,4,2,0,0
24.0933,-1.0,10,7,2,0,0
24.2487,-1.0,900,4,2,0,0
24.4041,-1.0,80,9,2,0,0
24.4041,24.7150,100,9,2,0,0
24.5596,-1.0,900,9,2,0,0
24.7150,-1.0,10,4,2,0,0
24.8705,-1.0,80,2,2,0,0
24.8705,25.1813,100,2,2,0,0
25.0259,-1.0,900,2,2,0,0
25.1813,-1.0,10,9,2,0,0
25.3368,-1.0,80,11,2,0,0
25.3368,26.1140,100,11,2,0,0
25.4922,-1.0,900,11,2,0,0
25.6477,-1.0,900,11,2,0,0
25.8031,-1.0,900,11,2,0,0
25.9585,-1.0,900,11,2,0,0
26.4249,-1.0,10,1,2,0,0
26.7358,-1.0,10,6,2,0,0
27.0466,-1.0,10,11,2,0,0
27.3575,-1.0,50,1,5,0,0
27.3575,-1.0,83,7,3,0,0
27.3575,27.8238,110,7,3,JumpScratch,6
27.5130,-1.0,900,7,3,0,0
27.6684,-1.0,900,7,3,0,0
27.8238,-1.0,83,4,3,0,0
27.8238,28.2902,110,4,3,JumpScratch,-6
27.8238,28.2902,110,10,3,JumpScratch,-5
27.9793,-1.0,900,4,3,0,0
27.9793,-1.0,900,10,3,0,0
28.1347,-1.0,900,4,3,0,0
28.1347,-1.0,900,10,3,0,0
28.2902,28.7565,110,1,3,JumpScratch,5
28.4456,-1.0,900,1,3,0,0
28.6010,-1.0,900,1,3,0,0
28.7565,-1.0,83,7,3,0,0
28.7565,29.2228,110,7,3,JumpScratch,6
28.9119,-1.0,900,7,3,0,0
29.0674,-1.0,900,7,3,0,0
29.2228,-1.0,83,4,3,0,0
29.2228,29.3782,110,4,3,JumpScratch,-6
29.2228,29.3782,110,10,3,JumpScratch,-6
29.6891,-1.0,81,4,3,0,0
29.6891,30.1554,101,4,3,0,0
29.6891,-1.0,50,8,5,0,0
29.8446,-1.0,900,4,3,0,0
30.0,-1.0,900,4,3,0,0
30.0,-1.0,10,7,3,0,0
30.1554,-1.0,20,10,3,0,0
30.3109,-1.0,10,7,2,0,0
30.3886,-1.0,10,4,2,0,0
30.4663,-1.0,10,9,3,0,0
30.6218,-1.0,10,1,3,0,0
30.6218,-1.0,10,7,2,0,0
30.7772,-1.0,10,5,2,0,0
30.7772,-1.0,20,10,3,0,0
30.9326,-1.0,10,2,3,0,0
30.9326,-1.0,10,8,2,0,0
31.0881,-1.0,80,4,3,0,0
31.0881,31.3990,100,4,3,0,0
31.2435,-1.0,900,4,3,0,0
31.3990,-1.0,20,10,3,0,0
31.5544,-1.0,10,7,3,0,0
31.6321,-1.0,10,4,2,0,0
31.7098,-1.0,10,9,3,0,0
31.8653,-1.0,10,1,3,0,0
31.8653,-1.0,10,7,2,0,0
32.0207,-1.0,10,5,2,0,0
32.0207,-1.0,20,10,3,0,0
32.1762,-1.0,50,1,5,0,0
32.1762,-1.0,81,7,3,0,0
32.1762,32.6425,101,7,3,0,0
32.3316,-1.0,900,7,3,0,0
32.4870,-1.0,10,4,3,0,0
32.4870,-1.0,900,7,3,0,0
32.6425,-1.0,20,1,3,0,0
32.7979,-1.0,10,5,2,0,0
32.8756,-1.0,10,8,2,0,0
32.9534,-1.0,10,2,3,0,0
33.1088,-1.0,10,5,2,0,0
33.1088,-1.0,10,10,3,0,0
33.2642,-1.0,20,1,3,0,0
33.2642,-1.0,10,7,2,0,0
33.4197,-1.0,10,4,2,0,0
33.4197,-1.0,10,9,3,0,0
33.5751,-1.0,80,7,3,0,0
33.5751,33.8860,100,7,3,0,0
33.7306,-1.0,900,7,3,0,0
33.8860,-1.0,20,1,3,0,0
34.0415,-1.0,20,4,3,0,0
34.0415,-1.0,50,10,3,0,0
34.3523,-1.0,50,1,4,0,0
34.3523,-1.0,20,7,3,0,0
34.6632,-1.0,81,4,3,0,0
34.6632,35.1295,101,4,3,0,0
34.6632,-1.0,50,8,5,0,0
34.8187,-1.0,900,4,3,0,0
34.9741,-1.0,900,4,3,0,0
34.9741,-1.0,10,7,3,0,0
35.1295,-1.0,20,10,3,0,0
35.2850,-1.0,10,7,2,0,0
35.3627,-1.0,10,4,2,0,0
35.4404,-1.0,10,9,3,0,0
35.5959,-1.0,10,1,3,0,0
35.5959,-1.0,10,7,2,0,0
35.7513,-1.0,10,5,2,0,0
35.7513,-1.0,20,10,3,0,0
35.9067,-1.0,10,2,3,0,0
35.9067,-1.0,10,8,2,0,0
36.0622,-1.0,80,4,3,0,0
36.0622,36.3731,100,4,3,0,0
36.2176,-1.0,900,4,3,0,0
36.3731,-1.0,20,10,3,0,0
36.5285,-1.0,10,1,2,0,0
36.5285,-1.0,80,7,3,0,0
36.5285,36.8394,100,7,3,0,0
36.6839,-1.0,900,7,3,0,0
36.8394,-1.0,10,2,2,0,0
36.9948,-1.0,10,5,2,0,0
36.9948,-1.0,20,10,3,0,0
37.1503,-1.0,10,2,3,0,0
37.1503,-1.0,10,8,2,0,0
37.3057,-1.0,20,4,3,0,0
37.3057,-1.0,50,9,4,0,0
37.4611,-1.0,10,3,3,0,0
37.5389,-1.0,10,7,3,0,0
37.6166,-1.0,10,4,3,0,0
37.7720,-1.0,50,1,4,0,0
37.7720,-1.0,20,7,3,0,0
37.9275,-1.0,10,8,3,0,0
38.0052,-1.0,10,4,3,0,0
38.0829,-1.0,10,7,3,0,0
38.2383,-1.0,20,3,3,0,0
38.2383,-1.0,50,9,4,0,0
38.3938,-1.0,10,4,3,0,0
38.4715,-1.0,10,8,3,0,0
38.5492,-1.0,10,5,3,0,0
38.7047,-1.0,50,1,4,0,0
38.7047,-1.0,20,8,3,0,0
38.8601,-1.0,10,7,3,0,0
38.9378,-1.0,10,3,3,0,0
39.0155,-1.0,10,6,3,0,0
39.1710,-1.0,20,9,4,0,0
39.2487,-1.0,10,1,4,0,0
39.3264,-1.0,10,8,3,0,0
39.4041,-1.0,10,3,3,0,0
39.4819,-1.0,50,5,4,0,0
39.7927,-1.0,20,1,3,0,0
39.7927,-1.0,20,7,3,0,0
39.9482,-1.0,20,1,3,0,0
39.9482,-1.0,20,7,3,0,0
40.4145,-1.0,83,4,3,0,0
40.4145,41.1917,110,4,3,JumpScratch,-6
40.4145,-1.0,83,10,3,0,0
40.4145,40.7254,110,10,3,JumpScratch,-6
40.5699,-1.0,900,4,3,0,0
40.5699,-1.0,900,10,3,0,0
40.7254,-1.0,900,4,3,0,0
40.7254,-1.0,31,4,3,0,0
40.7254,40.8808,110,7,3,JumpScratch,6
40.8808,-1.0,900,4,3,0,0
40.8808,-1.0,31,4,3,0,0
40.8808,41.1917,110,10,3,JumpScratch,-6
41.0363,-1.0,900,4,3,0,0
41.0363,-1.0,900,10,3,0,0
41.1917,41.3472,110,1,3,JumpScratch,6
41.1917,41.3472,110,7,3,JumpScratch,6
41.6580,-1.0,10,11,2,0,0
41.8135,-1.0,10,8,2,0,0
41.9689,-1.0,10,5,2,0,0
42.1244,-1.0,10,2,2,0,0
42.2798,-1.0,20,4,3,0,0
42.2798,-1.0,20,10,3,0,0
42.4352,-1.0,20,4,3,0,0
42.4352,-1.0,20,10,3,0,0
42.9016,-1.0,83,1,3,0,0
42.9016,43.2124,110,1,3,JumpScratch,6
42.9016,-1.0,83,7,3,0,0
42.9016,43.6788,110,7,3,JumpScratch,6
43.0570,-1.0,900,1,3,0,0
43.0570,-1.0,900,7,3,0,0
43.2124,43.3679,110,4,3,JumpScratch,-6
43.2124,-1.0,900,7,3,0,0
43.2124,-1.0,31,7,3,0,0
43.3679,43.6788,110,1,3,JumpScratch,6
43.3679,-1.0,900,7,3,0,0
43.3679,-1.0,31,7,3,0,0
43.5233,-1.0,900,1,3,0,0
43.5233,-1.0,900,7,3,0,0
43.6788,43.8342,110,4,3,JumpScratch,-6
43.6788,43.8342,110,10,3,JumpScratch,-6
43.9896,-1.0,10,7,2,0,0
44.0674,-1.0,10,4,2,0,0
44.1451,-1.0,10,10,2,0,0
44.3005,-1.0,10,7,2,0,0
44.4560,-1.0,10,4,2,0,0
44.6114,-1.0,10,1,2,0,0
44.7668,-1.0,20,1,3,0,0
44.7668,-1.0,20,7,3,0,0
44.9223,-1.0,20,1,3,0,0
44.9223,-1.0,20,7,3,0,0
45.3886,-1.0,83,4,3,0,0
45.3886,45.6995,110,4,3,JumpScratch,-6
45.3886,-1.0,83,10,3,0,0
45.3886,46.1658,110,10,3,JumpScratch,-6
45.5440,-1.0,900,4,3,0,0
45.5440,-1.0,900,10,3,0,0
45.6995,45.8549,110,1,3,JumpScratch,6
45.6995,-1.0,900,10,3,0,0
45.6995,-1.0,31,10,3,0,0
45.8549,46.1658,110,4,3,JumpScratch,-6
45.8549,-1.0,900,10,3,0,0
45.8549,-1.0,31,10,3,0,0
46.0104,-1.0,900,4,3,0,0
46.0104,-1.0,900,10,3,0,0
46.1658,46.3212,110,1,3,JumpScratch,6
46.1658,46.3212,110,7,3,JumpScratch,6
46.6321,-1.0,10,5,2,0,0
46.7098,-1.0,10,9,2,0,0
46.7876,-1.0,10,2,2,0,0
46.9430,-1.0,10,7,2,0,0
47.0207,-1.0,10,3,2,0,0
47.0984,-1.0,10,10,2,0,0
47.1762,-1.0,10,6,2,0,0
47.2539,-1.0,83,10,3,0,0
47.2539,47.4870,110,10,3,JumpScratch,-8
47.4093,-1.0,900,10,3,0,0
47.4870,-1.0,80,1,3,0,0
47.4870,47.7202,100,1,3,0,0
47.4870,47.7202,110,5,3,JumpScratch,6
47.6425,-1.0,900,1,3,0,0
47.6425,-1.0,900,5,3,0,0
47.7202,47.8756,110,8,3,0,0
47.8756,-1.0,83,1,3,0,0
47.8756,48.1088,110,1,3,JumpScratch,8
48.0311,-1.0,900,1,3,0,0
48.1088,48.3420,110,6,3,JumpScratch,-6
48.1088,-1.0,80,10,3,0,0
48.1088,48.3420,100,10,3,0,0
48.2642,-1.0,900,6,3,0,0
48.2642,-1.0,900,10,3,0,0
48.3420,48.4974,110,3,3,0,0
48.8083,-1.0,10,4,2,0,0
48.8083,-1.0,10,11,2,0,0
48.9637,-1.0,10,1,2,0,0
48.9637,-1.0,10,8,2,0,0
49.1192,-1.0,10,9,4,0,0
49.1969,-1.0,10,3,3,0,0
49.2746,-1.0,10,7,4,0,0
49.3523,-1.0,10,1,3,0,0
49.4301,-1.0,10,5,4,0,0
49.5855,-1.0,10,5,4,0,0
49.7409,-1.0,50,1,4,0,0
49.7409,-1.0,50,9,4,0,0
50.0518,-1.0,20,3,3,0,0
50.0518,-1.0,20,8,3,0,0
50.2073,-1.0,20,3,3,0,0
50.2073,-1.0,20,8,3,0,0
50.3627,-1.0,20,6,4,0,0
50.4404,-1.0,20,4,4,0,0
50.5181,-1.0,20,7,4,0,0
50.5959,-1.0,20,3,4,0,0
50.6736,-1.0,20,8,4,0,0
50.7513,-1.0,20,2,4,0,0
50.8290,-1.0,50,1,12,0,0
52.0725,-1.0,81,1,3,0,0
52.0725,52.3834,101,1,3,0,0
52.0725,-1.0,50,4,6,0,0
52.2280,-1.0,900,1,3,0,0
52.3834,-1.0,10,7,3,0,0
52.5389,-1.0,50,4,6,0,0
52.5389,-1.0,81,10,3,0,0
52.5389,52.8497,101,10,3,0,0
52.6943,-1.0,900,10,3,0,0
52.8497,-1.0,10,4,3,0,0
52.9275,-1.0,10,7,3,0,0
53.0052,-1.0,10,1,4,0,0
53.0829,-1.0,10,9,4,0,0
53.1606,-1.0,10,4,3,0,0
53.3161,-1.0,81,4,3,0,0
53.3161,53.6269,101,4,3,0,0
53.3161,-1.0,50,7,6,0,0
53.4715,-1.0,900,4,3,0,0
53.6269,-1.0,10,10,3,0,0
53.7824,-1.0,10,1,3,0,0
53.7824,-1.0,10,7,3,0,0
53.9378,-1.0,10,4,3,0,0
54.0155,-1.0,10,7,3,0,0
54.0933,-1.0,10,1,4,0,0
54.2487,-1.0,10,5,4,0,0
54.4041,-1.0,10,3,3,0,0
54.4041,-1.0,10,9,4,0,0
54.5596,-1.0,50,1,6,0,0
54.5596,-1.0,81,7,3,0,0
54.5596,54.8705,101,7,3,0,0
54.7150,-1.0,900,7,3,0,0
54.8705,-1.0,10,1,3,0,0
54.9482,-1.0,10,7,3,0,0
55.0259,-1.0,50,3,4,0,0
55.1813,-1.0,10,10,3,0,0
55.2591,-1.0,10,4,3,0,0
55.3368,-1.0,50,7,4,0,0
55.4922,-1.0,10,1,3,0,0
55.4922,-1.0,10,7,3,0,0
55.6477,-1.0,20,4,3,0,0
55.6477,-1.0,50,9,4,0,0
55.8031,-1.0,50,1,4,0,0
55.8031,-1.0,81,7,3,0,0
55.8031,56.1140,101,7,3,0,0
55.9585,-1.0,900,7,3,0,0
56.1140,-1.0,50,1,4,0,0
56.2694,-1.0,81,4,3,0,0
56.2694,56.5803,101,4,3,0,0
56.2694,-1.0,50,9,4,0,0
56.4249,-1.0,900,4,3,0,0
56.5803,-1.0,10,10,3,0,0
56.6580,-1.0,10,4,3,0,0
56.7358,-1.0,10,7,3,0,0
56.8135,-1.0,10,1,3,0,0
56.8912,-1.0,10,10,3,0,0
56.9689,-1.0,10,4,3,0,0
57.0466,-1.0,10,7,3,0,0
57.2021,-1.0,50,1,6,0,0
57.2021,-1.0,80,7,3,0,0
57.2021,57.5130,100,7,3,0,0
57.3575,-1.0,900,7,3,0,0
57.5130,-1.0,10,4,3,0,0
57.6684,-1.0,10,7,3,0,0
57.7461,-1.0,10,4,3,0,0
57.8238,-1.0,10,9,4,0,0
57.9793,-1.0,10,4,3,0,0
58.0570,-1.0,10,7,3,0,0
58.1347,-1.0,10,1,4,0,0
58.2902,-1.0,81,4,3,0,0
58.2902,58.6010,101,4,3,0,0
58.2902,-1.0,50,7,6,0,0
58.4456,-1.0,900,4,3,0,0
58.6010,-1.0,10,7,3,0,0
58.6788,-1.0,10,4,3,0,0
58.7565,-1.0,10,9,4,0,0
58.9119,-1.0,10,4,3,0,0
59.0674,-1.0,10,1,3,0,0
59.1451,-1.0,10,7,3,0,0
59.2228,-1.0,10,1,3,0,0
59.3005,-1.0,10,7,3,0,0
59.3782,-1.0,10,4,3,0,0
59.4560,-1.0,10,10,3,0,0
59.5337,-1.0,10,4,3,0,0
59.6114,-1.0,10,10,3,0,0
59.6891,-1.0,82,1,3,0,0
59.6891,60.0,110,1,3,JumpScratch,6
59.8446,-1.0,900,1,3,0,0
60.0,60.1554,110,4,3,0,0
60.0,-1.0,82,10,3,0,0
60.0,60.1554,110,10,3,0,0
60.6218,-1.0,82,10,3,0,0
60.6218,60.9326,110,10,3,JumpScratch,-6
60.7772,-1.0,900,10,3,0,0
60.9326,-1.0,82,1,3,0,0
60.9326,61.0881,110,1,3,0,0
60.9326,61.0881,110,7,3,0,0
61.5544,-1.0,10,10,3,0,0
61.6321,-1.0,10,1,3,0,0
61.7098,-1.0,10,7,3,0,0
61.7876,-1.0,10,4,3,0,0
61.8653,-1.0,10,10,3,0,0
61.9430,-1.0,10,1,3,0,0
62.0207,-1.0,10,7,3,0,0
62.0984,-1.0,10,4,3,0,0
62.1762,-1.0,82,10,3,0,0
62.1762,62.4870,110,10,3,0,0
62.3316,-1.0,10,5,4,0,0
62.3316,-1.0,900,10,3,0,0
62.4870,-1.0,10,1,3,0,0
62.6425,-1.0,10,4,3,0,0
62.7202,-1.0,10,7,3,0,0
62.7979,-1.0,82,1,3,0,0
62.7979,63.1088,110,1,3,0,0
62.9534,-1.0,900,1,3,0,0
62.9534,-1.0,10,5,4,0,0
63.1088,-1.0,10,10,3,0,0
63.2642,-1.0,10,7,3,0,0
63.4197,-1.0,82,10,3,0,0
63.4197,63.7306,110,10,3,0,0
63.5751,-1.0,10,5,4,0,0
63.5751,-1.0,900,10,3,0,0
63.7306,-1.0,10,1,3,0,0
63.8860,-1.0,10,4,3,0,0
63.9637,-1.0,10,7,3,0,0
64.0415,-1.0,82,1,3,0,0
64.0415,64.3523,110,1,3,0,0
64.1969,-1.0,900,1,3,0,0
64.1969,-1.0,10,5,4,0,0
64.3523,-1.0,10,10,3,0,0
64.5078,-1.0,10,7,3,0,0
64.6632,-1.0,10,10,3,0,0
64.8187,-1.0,10,4,3,0,0
64.8187,-1.0,10,8,3,0,0
64.9741,-1.0,50,1,4,0,0
65.1295,-1.0,10,4,3,0,0
65.2073,-1.0,10,8,3,0,0
65.2850,-1.0,10,1,3,0,0
65.4404,-1.0,10,7,3,0,0
65.5181,-1.0,10,3,3,0,0
65.5959,-1.0,50,9,4,0,0
65.7513,-1.0,50,1,4,0,0
65.7513,-1.0,10,7,3,0,0
66.0622,-1.0,10,7,3,0,0
66.1399,-1.0,10,3,3,0,0
66.2176,-1.0,50,9,4,0,0
66.3731,-1.0,10,4,3,0,0
66.4508,-1.0,10,8,3,0,0
66.5285,-1.0,20,1,6,0,0
66.6062,-1.0,10,7,3,0,0
66.6839,-1.0,10,1,3,0,0
66.7617,-1.0,10,7,3,0,0
66.8394,-1.0,20,1,6,0,0
66.9171,-1.0,10,10,3,0,0
66.9948,-1.0,10,4,3,0,0
67.0725,-1.0,10,10,3,0,0
67.1503,-1.0,20,5,4,0,0
67.3057,-1.0,20,1,4,0,0
67.3057,-1.0,20,9,4,0,0
67.4611,-1.0,20,5,4,0,0
67.6166,-1.0,50,1,4,0,0
67.6166,-1.0,50,9,4,0,0
68.0829,-1.0,20,5,4,0,0
68.2383,-1.0,20,1,4,0,0
68.2383,-1.0,20,9,4,0,0
68.3938,-1.0,20,5,4,0,0
68.5492,-1.0,50,1,4,0,0
68.5492,-1.0,50,9,4,0,0
69.0155,-1.0,20,7,6,0,0
69.0933,-1.0,10,4,3,0,0
69.1710,-1.0,10,10,3,0,0
69.2487,-1.0,10,4,3,0,0
69.3264,-1.0,20,7,6,0,0
69.4041,-1.0,10,1,3,0,0
69.4819,-1.0,10,7,3,0,0
69.5596,-1.0,10,1,3,0,0
69.6373,-1.0,10,7,3,0,0
69.7927,-1.0,10,4,3,0,0
69.9482,-1.0,50,1,4,0,0
69.9482,-1.0,10,10,3,0,0
70.1036,-1.0,10,7,3,0,0
70.1813,-1.0,10,4,3,0,0
70.2591,-1.0,10,7,3,0,0
70.4145,-1.0,10,4,3,0,0
70.5699,-1.0,10,1,3,0,0
70.5699,-1.0,50,9,4,0,0
70.7254,-1.0,80,4,3,0,0
70.7254,71.0363,100,4,3,0,0
70.8808,-1.0,900,4,3,0,0
71.0363,-1.0,10,10,3,0,0
71.1917,-1.0,10,3,3,0,0
71.1917,-1.0,10,8,3,0,0
71.3472,-1.0,10,1,3,0,0
71.5026,-1.0,83,5,2,0,0
71.5026,71.7358,110,5,2,JumpScratch,-4
71.5026,-1.0,83,7,2,0,0
71.5026,71.7358,110,7,2,JumpScratch,4
71.6580,-1.0,900,5,2,0,0
71.6580,-1.0,900,7,2,0,0
71.7358,71.9689,110,3,2,JumpScratch,-4
71.7358,71.9689,110,9,2,JumpScratch,4
71.8912,-1.0,900,3,2,0,0
71.8912,-1.0,900,9,2,0,0
72.1244,-1.0,20,1,4,0,0
72.1244,-1.0,50,9,4,0,0
72.2798,-1.0,10,4,3,0,0
72.4352,-1.0,20,1,4,0,0
72.4352,-1.0,50,9,4,0,0
72.5907,-1.0,10,4,3,0,0
72.7461,-1.0,50,1,4,0,0
72.7461,-1.0,20,9,4,0,0
72.9016,-1.0,10,7,3,0,0
73.0570,-1.0,50,1,4,0,0
73.0570,-1.0,20,9,4,0,0
73.2124,-1.0,10,7,3,0,0
73.3679,-1.0,20,10,3,0,0
73.4456,-1.0,10,1,3,0,0
73.5233,-1.0,10,10,3,0,0
73.6010,-1.0,10,4,3,0,0
73.6788,-1.0,20,10,3,0,0
73.7565,-1.0,10,1,3,0,0
73.8342,-1.0,10,7,3,0,0
73.9119,-1.0,10,1,3,0,0
73.9896,-1.0,20,10,3,0,0
74.0674,-1.0,10,5,3,0,0
74.1451,-1.0,10,8,3,0,0
74.2228,-1.0,10,3,3,0,0
74.3005,-1.0,20,6,3,0,0
74.3782,-1.0,20,1,3,0,0
74.4560,-1.0,20,8,3,0,0
74.5337,-1.0,20,3,3,0,0
74.6114,-1.0,50,10,3,0,0
77.0984,-1.0,50,1,3,0,0
77.0984,-1.0,80,7,3,0,0
77.0984,77.4093,100,7,3,0,0
77.2539,-1.0,900,7,3,0,0
77.4093,-1.0,10,1,3,0,0
77.5648,-1.0,80,4,3,0,0
77.5648,77.8756,100,4,3,0,0
77.5648,-1.0,50,10,3,0,0
77.7202,-1.0,900,4,3,0,0
77.8756,-1.0,10,10,3,0,0
78.0311,-1.0,50,1,3,0,0
78.0311,-1.0,80,7,3,0,0
78.0311,78.6528,100,7,3,0,0
78.1865,-1.0,900,7,3,0,0
78.3420,-1.0,10,1,3,0,0
78.3420,-1.0,900,7,3,0,0
78.4974,-1.0,10,4,3,0,0
78.4974,-1.0,900,7,3,0,0
78.6528,-1.0,10,4,3,0,0
78.8083,-1.0,10,7,3,0,0
78.8860,-1.0,10,4,3,0,0
78.9637,-1.0,10,9,4,0,0
79.1192,-1.0,10,4,3,0,0
79.2746,-1.0,10,1,3,0,0
79.2746,-1.0,10,7,3,0,0
79.4301,-1.0,80,4,3,0,0
79.4301,79.8964,100,4,3,0,0
79.4301,-1.0,50,9,4,0,0
79.5855,-1.0,900,4,3,0,0
79.7409,-1.0,900,4,3,0,0
79.7409,-1.0,10,7,3,0,0
79.8964,-1.0,10,7,3,0,0
80.0518,-1.0,10,4,3,0,0
80.1295,-1.0,10,7,3,0,0
80.2073,-1.0,10,1,4,0,0
80.3627,-1.0,10,7,3,0,0
80.4404,-1.0,10,4,3,0,0
80.5181,-1.0,10,9,4,0,0
80.6736,-1.0,50,1,4,0,0
80.6736,-1.0,80,7,3,0,0
80.6736,81.1399,100,7,3,0,0
80.8290,-1.0,900,7,3,0,0
80.9845,-1.0,10,4,3,0,0
80.9845,-1.0,900,7,3,0,0
81.1399,-1.0,10,4,3,0,0
81.2953,-1.0,10,7,3,0,0
81.3731,-1.0,10,4,3,0,0
81.4508,-1.0,10,10,3,0,0
81.5285,-1.0,10,1,3,0,0
81.6062,-1.0,10,7,3,0,0
81.6839,-1.0,10,4,3,0,0
81.7617,-1.0,50,9,4,0,0
82.0725,-1.0,10,1,3,0,0
82.2280,-1.0,10,4,3,0,0
82.3834,-1.0,50,1,4,0,0
82.3834,-1.0,10,7,3,0,0
82.5389,-1.0,10,10,3,0,0
82.6166,-1.0,10,5,4,0,0
82.6943,-1.0,10,10,3,0,0
82.8497,-1.0,10,7,3,0,0
83.0052,-1.0,10,4,3,0,0
83.0052,-1.0,50,9,4,0,0
83.1606,-1.0,80,1,3,0,0
83.1606,83.4715,100,1,3,0,0
83.3161,-1.0,900,1,3,0,0
83.4715,-1.0,10,7,3,0,0
83.6269,-1.0,10,4,3,0,0
83.6269,-1.0,50,9,4,0,0
83.7824,-1.0,10,1,3,0,0
83.8601,-1.0,10,5,4,0,0
83.9378,-1.0,10,1,3,0,0
84.0933,-1.0,10,4,3,0,0
84.2487,-1.0,50,1,4,0,0
84.2487,-1.0,10,7,3,0,0
84.4041,-1.0,10,10,3,0,0
84.5596,-1.0,20,1,3,0,0
84.6373,-1.0,10,5,4,0,0
84.7150,-1.0,10,3,3,0,0
84.7927,-1.0,10,5,4,0,0
84.8705,-1.0,10,1,3,0,0
85.0259,-1.0,20,10,3,0,0
85.1036,-1.0,10,5,4,0,0
85.1813,-1.0,10,8,3,0,0
85.2591,-1.0,10,5,4,0,0
85.3368,-1.0,10,10,3,0,0
85.4922,-1.0,20,5,4,0,0
85.5699,-1.0,10,10,3,0,0
85.6477,-1.0,10,5,4,0,0
85.7254,-1.0,10,8,3,0,0
85.8031,-1.0,10,5,4,0,0
85.9585,-1.0,20,5,4,0,0
86.0363,-1.0,10,1,3,0,0
86.1140,-1.0,10,5,4,0,0
86.1917,-1.0,10,3,3,0,0
86.2694,-1.0,10,5,4,0,0
86.4249,-1.0,20,1,3,0,0
86.5026,-1.0,10,7,3,0,0
86.5803,-1.0,10,4,6,0,0
86.6580,-1.0,10,10,3,0,0
86.7358,-1.0,20,1,3,0,0
86.8135,-1.0,10,7,3,0,0
86.8912,-1.0,10,4,6,0,0
86.9689,-1.0,10,10,3,0,0
87.0466,-1.0,80,1,2,0,0
87.0466,87.9793,100,1,2,0,0
87.2021,-1.0,900,1,2,0,0
87.3575,-1.0,900,1,2,0,0
87.3575,-1.0,10,10,3,0,0
87.5130,-1.0,900,1,2,0,0
87.6684,-1.0,900,1,2,0,0
87.6684,-1.0,10,10,3,0,0
87.8238,-1.0,900,1,2,0,0
87.9793,-1.0,10,10,3,0,0
88.2902,-1.0,10,1,2,0,0
88.2902,-1.0,10,10,3,0,0
88.4456,-1.0,10,4,2,0,0
88.6010,-1.0,10,1,2,0,0
88.6010,-1.0,10,10,3,0,0
88.7565,-1.0,80,4,2,0,0
88.7565,89.2228,100,4,2,0,0
88.9119,-1.0,900,4,2,0,0
88.9119,-1.0,10,10,3,0,0
89.0674,-1.0,900,4,2,0,0
89.2228,-1.0,10,10,3,0,0
89.5337,-1.0,10,1,3,0,0
89.5337,-1.0,80,8,2,0,0
89.5337,90.4663,100,8,2,0,0
89.6891,-1.0,900,8,2,0,0
89.8446,-1.0,10,1,3,0,0
89.8446,-1.0,900,8,2,0,0
90.0,-1.0,900,8,2,0,0
90.1554,-1.0,10,1,3,0,0
90.1554,-1.0,900,8,2,0,0
90.3109,-1.0,900,8,2,0,0
90.4663,-1.0,10,1,3,0,0
90.6218,-1.0,10,5,2,0,0
90.7772,-1.0,10,1,3,0,0
90.7772,-1.0,80,11,2,0,0
90.7772,91.0881,100,11,2,0,0
90.9326,-1.0,900,11,2,0,0
91.0881,-1.0,10,1,3,0,0
91.2435,-1.0,10,5,2,0,0
91.3990,-1.0,10,1,3,0,0
91.3990,-1.0,10,11,2,0,0
91.5544,-1.0,10,8,2,0,0
91.7098,-1.0,10,1,3,0,0
91.7098,-1.0,10,11,2,0,0
91.8653,-1.0,10,5,2,0,0
92.0207,-1.0,82,1,2,0,0
92.0207,92.3316,110,1,2,JumpScratch,5
92.0207,-1.0,10,10,3,0,0
92.1762,-1.0,900,1,2,0,0
92.3316,92.4870,110,4,2,JumpScratch,-5
92.3316,-1.0,10,10,3,0,0
92.4870,93.2642,110,1,2,0,0
92.6425,-1.0,900,1,2,0,0
92.6425,-1.0,10,10,3,0,0
92.7979,-1.0,900,1,2,0,0
92.9534,-1.0,900,1,2,0,0
92.9534,-1.0,10,10,3,0,0
93.1088,-1.0,900,1,2,0,0
93.2642,-1.0,10,10,3,0,0
93.5751,-1.0,10,1,2,0,0
93.5751,-1.0,10,10,3,0,0
93.8860,-1.0,10,3,2,0,0
93.8860,-1.0,10,10,3,0,0
94.1969,-1.0,10,5,2,0,0
94.1969,-1.0,10,10,3,0,0
94.5078,-1.0,83,1,3,0,0
94.5078,94.9741,110,1,3,JumpScratch,6
94.5078,-1.0,50,5,5,0,0
94.6632,-1.0,900,1,3,0,0
94.8187,-1.0,900,1,3,0,0
94.9741,95.4404,110,4,3,JumpScratch,-6
94.9741,-1.0,83,10,3,0,0
94.9741,95.4404,110,10,3,JumpScratch,-6
95.1295,-1.0,900,4,3,0,0
95.1295,-1.0,900,10,3,0,0
95.2850,-1.0,900,4,3,0,0
95.2850,-1.0,900,10,3,0,0
95.4404,95.9067,110,7,3,JumpScratch,6
95.5959,-1.0,900,7,3,0,0
95.7513,-1.0,900,7,3,0,0
95.9067,-1.0,83,1,3,0,0
95.9067,96.3731,110,1,3,JumpScratch,6
96.0622,-1.0,900,1,3,0,0
96.2176,-1.0,900,1,3,0,0
96.3731,96.5285,110,4,3,JumpScratch,-6
96.3731,-1.0,83,10,3,0,0
96.3731,96.5285,110,10,3,JumpScratch,-6
96.8394,-1.0,50,1,5,0,0
96.8394,-1.0,81,7,3,0,0
96.8394,97.3057,101,7,3,0,0
96.9948,-1.0,900,7,3,0,0
97.1503,-1.0,10,4,3,0,0
97.1503,-1.0,900,7,3,0,0
97.3057,-1.0,20,1,3,0,0
97.4611,-1.0,10,5,2,0,0
97.5389,-1.0,10,8,2,0,0
97.6166,-1.0,10,2,3,0,0
97.7720,-1.0,10,5,2,0,0
97.7720,-1.0,10,10,3,0,0
97.9275,-1.0,20,1,3,0,0
97.9275,-1.0,10,7,2,0,0
98.0829,-1.0,10,4,2,0,0
98.0829,-1.0,10,9,3,0,0
98.2383,-1.0,80,7,3,0,0
98.2383,98.5492,100,7,3,0,0
98.3938,-1.0,900,7,3,0,0
98.5492,-1.0,20,1,3,0,0
98.7047,-1.0,10,4,3,0,0
98.7824,-1.0,10,8,2,0,0
98.8601,-1.0,10,2,3,0,0
99.0155,-1.0,10,5,2,0,0
99.0155,-1.0,10,10,3,0,0
99.1710,-1.0,20,1,3,0,0
99.1710,-1.0,10,7,2,0,0
99.3264,-1.0,81,4,3,0,0
99.3264,99.7927,101,4,3,0,0
99.3264,-1.0,50,8,5,0,0
99.4819,-1.0,900,4,3,0,0
99.6373,-1.0,900,4,3,0,0
99.6373,-1.0,10,7,3,0,0
99.7927,-1.0,20,10,3,0,0
99.9482,-1.0,10,7,2,0,0
100.0259,-1.0,10,4,2,0,0
100.1036,-1.0,10,9,3,0,0
100.2591,-1.0,10,1,3,0,0
100.2591,-1.0,10,7,2,0,0
100.4145,-1.0,10,5,2,0,0
100.4145,-1.0,20,10,3,0,0
100.5699,-1.0,10,2,3,0,0
100.5699,-1.0,10,8,2,0,0
100.7254,-1.0,80,4,3,0,0
100.7254,101.0363,100,4,3,0,0
100.8808,-1.0,900,4,3,0,0
101.0363,-1.0,20,10,3,0,0
101.1917,-1.0,50,1,6,0,0
101.1917,-1.0,20,7,4,0,0
101.5026,-1.0,20,3,4,0,0
101.5026,-1.0,50,7,6,0,0
101.8135,-1.0,50,1,6,0,0
101.8135,-1.0,81,7,4,0,0
101.8135,102.2798,101,7,4,0,0
101.9689,-1.0,900,7,4,0,0
102.1244,-1.0,10,4,3,0,0
102.1244,-1.0,900,7,4,0,0
102.2798,-1.0,20,1,3,0,0
102.4352,-1.0,10,5,2,0,0
102.5130,-1.0,10,8,2,0,0
102.5907,-1.0,10,2,3,0,0
102.7461,-1.0,10,5,2,0,0
102.7461,-1.0,10,10,3,0,0
102.9016,-1.0,20,1,3,0,0
102.9016,-1.0,10,7,2,0,0
103.0570,-1.0,10,4,2,0,0
103.0570,-1.0,10,9,3,0,0
103.2124,-1.0,80,7,3,0,0
103.2124,103.5233,100,7,3,0,0
103.3679,-1.0,900,7,3,0,0
103.5233,-1.0,20,1,3,0,0
103.6788,-1.0,80,4,3,0,0
103.6788,103.9896,100,4,3,0,0
103.6788,-1.0,10,11,2,0,0
103.8342,-1.0,900,4,3,0,0
103.9896,-1.0,10,10,2,0,0
104.1451,-1.0,20,1,3,0,0
104.1451,-1.0,10,7,2,0,0
104.3005,-1.0,10,4,2,0,0
104.3005,-1.0,10,9,3,0,0
104.4560,-1.0,50,1,4,0,0
104.4560,-1.0,20,7,3,0,0
104.6114,-1.0,10,8,3,0,0
104.6891,-1.0,10,4,3,0,0
104.7668,-1.0,10,9,3,0,0
104.9223,-1.0,20,4,3,0,0
104.9223,-1.0,50,9,4,0,0
105.0777,-1.0,10,3,3,0,0
105.1554,-1.0,10,7,3,0,0
105.2332,-1.0,10,2,3,0,0
105.3886,-1.0,50,1,4,0,0
105.3886,-1.0,20,8,3,0,0
105.5440,-1.0,10,7,3,0,0
105.6218,-1.0,10,4,3,0,0
105.6995,-1.0,10,8,3,0,0
105.8549,-1.0,20,3,3,0,0
105.8549,-1.0,50,9,4,0,0
106.0104,-1.0,10,4,3,0,0
106.0881,-1.0,10,7,3,0,0
106.1658,-1.0,10,3,3,0,0
106.3212,-1.0,20,1,4,0,0
106.3990,-1.0,10,9,4,0,0
106.4767,-1.0,10,3,3,0,0
106.5544,-1.0,10,8,3,0,0
106.6321,-1.0,50,5,4,0,0
106.9430,-1.0,20,4,3,0,0
106.9430,-1.0,20,10,3,0,0
107.0984,-1.0,20,4,3,0,0
107.0984,-1.0,20,10,3,0,0
107.5648,-1.0,83,1,3,0,0
107.5648,107.8756,110,1,3,JumpScratch,6
107.5648,-1.0,83,7,3,0,0
107.5648,108.3420,110,7,3,JumpScratch,6
107.7202,-1.0,900,1,3,0,0
107.7202,-1.0,900,7,3,0,0
107.8756,108.0311,110,4,3,JumpScratch,-6
107.8756,-1.0,900,7,3,0,0
107.8756,-1.0,31,7,3,0,0
108.0311,108.3420,110,1,3,JumpScratch,6
108.0311,-1.0,900,7,3,0,0
108.0311,-1.0,31,7,3,0,0
108.1865,-1.0,900,1,3,0,0
108.1865,-1.0,900,7,3,0,0
108.3420,108.4974,110,4,3,JumpScratch,-6
108.3420,108.4974,110,10,3,JumpScratch,-6
108.8083,-1.0,10,1,2,0,0
108.9637,-1.0,10,4,2,0,0
109.1192,-1.0,10,7,2,0,0
109.2746,-1.0,10,10,2,0,0
109.4301,-1.0,20,1,3,0,0
109.4301,-1.0,20,7,3,0,0
109.5855,-1.0,20,1,3,0,0
109.5855,-1.0,20,7,3,0,0
110.0518,-1.0,83,4,3,0,0
110.0518,110.8290,110,4,3,JumpScratch,-6
110.0518,-1.0,83,10,3,0,0
110.0518,110.3627,110,10,3,JumpScratch,-6
110.2073,-1.0,900,4,3,0,0
110.2073,-1.0,900,10,3,0,0
110.3627,-1.0,900,4,3,0,0
110.3627,-1.0,31,4,3,0,0
110.3627,110.5181,110,7,3,JumpScratch,6
110.5181,-1.0,900,4,3,0,0
110.5181,-1.0,31,4,3,0,0
110.5181,110.8290,110,10,3,JumpScratch,-6
110.6736,-1.0,900,4,3,0,0
110.6736,-1.0,900,10,3,0,0
110.8290,110.9845,110,1,3,JumpScratch,6
110.8290,110.9845,110,7,3,JumpScratch,6
111.1399,-1.0,10,5,2,0,0
111.2176,-1.0,10,8,2,0,0
111.2953,-1.0,10,2,2,0,0
111.4508,-1.0,10,5,2,0,0
111.6062,-1.0,10,8,2,0,0
111.7617,-1.0,10,11,2,0,0
111.9171,-1.0,20,4,3,0,0
111.9171,-1.0,20,10,3,0,0
112.0725,-1.0,20,4,3,0,0
112.0725,-1.0,20,10,3,0,0
112.5389,-1.0,83,1,3,0,0
112.5389,113.3161,110,1,3,JumpScratch,6
112.5389,-1.0,83,7,3,0,0
112.5389,112.8497,110,7,3,JumpScratch,6
112.6943,-1.0,900,1,3,0,0
112.6943,-1.0,900,7,3,0,0
112.8497,-1.0,900,1,3,0,0
112.8497,-1.0,31,1,3,0,0
112.8497,113.0052,110,10,3,JumpScratch,-6
113.0052,-1.0,900,1,3,0,0
113.0052,-1.0,31,1,3,0,0
113.0052,113.3161,110,7,3,JumpScratch,6
113.1606,-1.0,900,1,3,0,0
113.1606,-1.0,900,7,3,0,0
113.3161,113.4715,110,4,3,JumpScratch,-6
113.3161,113.4715,110,10,3,JumpScratch,-6
113.7824,-1.0,10,7,2,0,0
113.8601,-1.0,10,3,2,0,0
113.9378,-1.0,10,10,2,0,0
114.0933,-1.0,10,2,2,0,0
114.1710,-1.0,10,7,2,0,0
114.2487,-1.0,10,4,2,0,0
114.3264,-1.0,10,9,2,0,0
114.4041,-1.0,83,5,3,0,0
114.4041,114.6373,110,5,3,JumpScratch,-7
114.5596,-1.0,900,5,3,0,0
114.6373,114.8705,110,1,3,JumpScratch,5
114.6373,-1.0,80,10,3,0,0
114.6373,114.8705,100,10,3,0,0
114.7927,-1.0,900,1,3,0,0
114.7927,-1.0,900,10,3,0,0
114.8705,115.0259,110,3,3,0,0
115.0259,-1.0,83,6,3,0,0
115.0259,115.2591,110,6,3,JumpScratch,7
115.1813,-1.0,900,6,3,0,0
115.2591,-1.0,80,1,3,0,0
115.2591,115.4922,100,1,3,0,0
115.2591,115.4922,110,10,3,JumpScratch,-5
115.4145,-1.0,900,1,3,0,0
115.4145,-1.0,900,10,3,0,0
115.4922,115.6477,110,8,3,0,0
115.9585,-1.0,10,1,2,0,0
115.9585,-1.0,10,8,2,0,0
116.1140,-1.0,10,4,2,0,0
116.1140,-1.0,10,11,2,0,0
116.2694,-1.0,10,1,4,0,0
116.3472,-1.0,10,8,3,0,0
116.4249,-1.0,10,3,4,0,0
116.5026,-1.0,10,10,3,0,0
116.5803,-1.0,10,5,4,0,0
116.7358,-1.0,10,5,4,0,0
116.8912,-1.0,50,1,4,0,0
116.8912,-1.0,50,9,4,0,0
117.2021,-1.0,20,3,3,0,0
117.2021,-1.0,20,8,3,0,0
117.3575,-1.0,20,3,3,0,0
117.3575,-1.0,20,8,3,0,0
117.5130,-1.0,20,1,4,0,0
117.5907,-1.0,20,9,4,0,0
117.6684,-1.0,20,2,4,0,0
117.7461,-1.0,20,8,4,0,0
117.8238,-1.0,20,3,4,0,0
117.9016,-1.0,20,7,4,0,0
117.9793,-1.0,50,1,12,0,0
119.2228,-1.0,50,4,6,0,0
119.2228,-1.0,81,10,3,0,0
119.2228,119.5337,101,10,3,0,0
119.3782,-1.0,900,10,3,0,0
119.5337,-1.0,10,4,3,0,0
119.6891,-1.0,81,1,3,0,0
119.6891,120.0,101,1,3,0,0
119.6891,-1.0,50,4,6,0,0
119.8446,-1.0,900,1,3,0,0
120.0,-1.0,10,10,3,0,0
120.0777,-1.0,10,1,3,0,0
120.1554,-1.0,10,7,4,0,0
120.2332,-1.0,10,3,4,0,0
120.3109,-1.0,10,10,3,0,0
120.4663,-1.0,50,1,6,0,0
120.4663,-1.0,81,7,3,0,0
120.4663,120.7772,101,7,3,0,0
120.6218,-1.0,900,7,3,0,0
120.7772,-1.0,10,1,3,0,0
120.9326,-1.0,10,4,3,0,0
120.9326,-1.0,10,10,3,0,0
121.0881,-1.0,10,7,3,0,0
121.1658,-1.0,10,4,3,0,0
121.2435,-1.0,10,9,4,0,0
121.3990,-1.0,10,5,4,0,0
121.5544,-1.0,10,1,4,0,0
121.5544,-1.0,10,8,3,0,0
121.7098,-1.0,81,4,3,0,0
121.7098,122.0207,101,4,3,0,0
121.7098,-1.0,50,7,6,0,0
121.8653,-1.0,900,4,3,0,0
122.0207,-1.0,10,7,3,0,0
122.0984,-1.0,10,4,3,0,0
122.1762,-1.0,50,9,4,0,0
122.3316,-1.0,10,4,3,0,0
122.4093,-1.0,10,7,3,0,0
122.4870,-1.0,50,1,4,0,0
122.6425,-1.0,10,4,3,0,0
122.6425,-1.0,10,10,3,0,0
122.7979,-1.0,50,1,4,0,0
122.7979,-1.0,20,7,3,0,0
122.9534,-1.0,81,4,3,0,0
122.9534,123.2642,101,4,3,0,0
122.9534,-1.0,50,9,4,0,0
123.1088,-1.0,900,4,3,0,0
123.2642,-1.0,50,9,4,0,0
123.4197,-1.0,50,1,4,0,0
123.4197,-1.0,81,7,3,0,0
123.4197,123.7306,101,7,3,0,0
123.5751,-1.0,900,7,3,0,0
123.7306,-1.0,10,4,3,0,0
123.8083,-1.0,10,10,3,0,0
123.8860,-1.0,10,1,3,0,0
123.9637,-1.0,10,7,3,0,0
124.0415,-1.0,10,4,3,0,0
124.1192,-1.0,10,10,3,0,0
124.1969,-1.0,10,1,3,0,0
124.3523,-1.0,80,4,3,0,0
124.3523,124.6632,100,4,3,0,0
124.3523,-1.0,50,7,6,0,0
124.5078,-1.0,900,4,3,0,0
124.6632,-1.0,10,7,3,0,0
124.8187,-1.0,10,1,3,0,0
124.8964,-1.0,10,7,3,0,0
124.9741,-1.0,10,3,4,0,0
125.1295,-1.0,10,10,3,0,0
125.2073,-1.0,10,4,3,0,0
125.2850,-1.0,10,7,4,0,0
125.4404,-1.0,50,1,6,0,0
125.4404,-1.0,81,7,3,0,0
125.4404,125.7513,101,7,3,0,0
125.5959,-1.0,900,7,3,0,0
125.7513,-1.0,10,1,3,0,0
125.8290,-1.0,10,7,3,0,0
125.9067,-1.0,10,3,4,0,0
126.0622,-1.0,10,10,3,0,0
126.2176,-1.0,10,4,3,0,0
126.2953,-1.0,10,10,3,0,0
126.3731,-1.0,10,4,3,0,0
126.4508,-1.0,10,10,3,0,0
126.5285,-1.0,10,1,3,0,0
126.6062,-1.0,10,7,3,0,0
126.6839,-1.0,10,1,3,0,0
126.7617,-1.0,10,7,3,0,0
126.8394,-1.0,82,4,3,0,0
126.8394,127.1503,110,4,3,JumpScratch,-6
126.9948,-1.0,900,4,3,0,0
127.1503,127.3057,110,1,3,0,0
127.1503,-1.0,82,7,3,0,0
127.1503,127.3057,110,7,3,0,0
127.7720,-1.0,82,7,3,0,0
127.7720,128.0829,110,7,3,JumpScratch,6
127.9275,-1.0,900,7,3,0,0
128.0829,-1.0,82,4,3,0,0
128.0829,128.2383,110,4,3,0,0
128.0829,128.2383,110,10,3,0,0
128.7047,-1.0,10,1,3,0,0
128.7824,-1.0,10,10,3,0,0
128.8601,-1.0,10,4,3,0,0
128.9378,-1.0,10,7,3,0,0
129.0155,-1.0,10,1,3,0,0
129.0933,-1.0,10,10,3,0,0
129.1710,-1.0,10,4,3,0,0
129.2487,-1.0,10,7,3,0,0
129.3264,-1.0,82,1,3,0,0
129.3264,129.6373,110,1,3,0,0
129.4819,-1.0,900,1,3,0,0
129.4819,-1.0,10,5,4,0,0
129.6373,-1.0,10,10,3,0,0
129.7927,-1.0,10,7,3,0,0
129.8705,-1.0,10,4,3,0,0
129.9482,-1.0,82,10,3,0,0
129.9482,130.2591,110,10,3,0,0
130.1036,-1.0,10,5,4,0,0
130.1036,-1.0,900,10,3,0,0
130.2591,-1.0,10,1,3,0,0
130.4145,-1.0,10,4,3,0,0
130.5699,-1.0,82,1,3,0,0
130.5699,130.8808,110,1,3,0,0
130.7254,-1.0,900,1,3,0,0
130.7254,-1.0,10,5,4,0,0
130.8808,-1.0,10,10,3,0,0
131.0363,-1.0,10,7,3,0,0
131.1140,-1.0,10,4,3,0,0
131.1917,-1.0,82,10,3,0,0
131.1917,131.5026,110,10,3,0,0
131.3472,-1.0,10,5,4,0,0
131.3472,-1.0,900,10,3,0,0
131.5026,-1.0,10,1,3,0,0
131.6580,-1.0,10,4,3,0,0
131.8135,-1.0,10,1,3,0,0
131.9689,-1.0,10,3,3,0,0
131.9689,-1.0,10,7,3,0,0
132.1244,-1.0,50,9,4,0,0
132.2798,-1.0,10,7,3,0,0
132.3575,-1.0,10,3,3,0,0
132.4352,-1.0,10,10,3,0,0
132.5907,-1.0,10,4,3,0,0
132.6684,-1.0,10,8,3,0,0
132.7461,-1.0,50,1,4,0,0
132.9016,-1.0,10,4,3,0,0
132.9016,-1.0,50,9,4,0,0
133.2124,-1.0,10,4,3,0,0
133.2902,-1.0,10,8,3,0,0
133.3679,-1.0,50,1,4,0,0
133.5233,-1.0,10,10,3,0,0
133.6010,-1.0,10,4,3,0,0
133.6788,-1.0,20,7,6,0,0
133.7565,-1.0,10,1,3,0,0
133.8342,-1.0,10,7,3,0,0
133.9119,-1.0,10,1,3,0,0
133.9896,-1.0,20,7,6,0,0
134.0674,-1.0,10,4,3,0,0
134.1451,-1.0,10,10,3,0,0
134.2228,-1.0,10,4,3,0,0
134.3005,-1.0,20,4,6,0,0
134.4560,-1.0,20,1,4,0,0
134.4560,-1.0,20,9,4,0,0
134.6114,-1.0,20,4,6,0,0
134.7668,-1.0,50,1,4,0,0
134.7668,-1.0,50,9,4,0,0
135.2332,-1.0,20,4,6,0,0
135.3886,-1.0,20,1,4,0,0
135.3886,-1.0,20,9,4,0,0
135.5440,-1.0,20,4,6,0,0
135.6995,-1.0,50,1,4,0,0
135.6995,-1.0,50,9,4,0,0
136.1658,-1.0,20,1,6,0,0
136.2435,-1.0,10,10,3,0,0
136.3212,-1.0,10,4,3,0,0
136.3990,-1.0,10,10,3,0,0
136.4767,-1.0,20,1,6,0,0
136.5544,-1.0,10,7,3,0,0
136.6321,-1.0,10,1,3,0,0
136.7098,-1.0,10,7,3,0,0
136.7876,-1.0,10,1,3,0,0
136.9430,-1.0,10,7,3,0,0
137.0984,-1.0,10,1,3,0,0
137.0984,-1.0,50,9,4,0,0
137.2539,-1.0,10,4,3,0,0
137.3316,-1.0,10,7,3,0,0
137.4093,-1.0,10,4,3,0,0
137.5648,-1.0,10,7,3,0,0
137.7202,-1.0,50,1,4,0,0
137.7202,-1.0,10,10,3,0,0
137.8756,-1.0,80,7,3,0,0
137.8756,138.1865,100,7,3,0,0
138.0311,-1.0,900,7,3,0,0
138.1865,-1.0,10,1,3,0,0
138.3420,-1.0,10,3,3,0,0
138.3420,-1.0,10,8,3,0,0
138.4974,-1.0,10,10,3,0,0
138.6528,-1.0,83,5,2,0,0
138.6528,138.8860,110,5,2,JumpScratch,-4
138.6528,-1.0,83,7,2,0,0
138.6528,138.8860,110,7,2,JumpScratch,4
138.8083,-1.0,900,5,2,0,0
138.8083,-1.0,900,7,2,0,0
138.8860,139.1192,110,3,2,JumpScratch,-4
138.8860,139.1192,110,9,2,JumpScratch,4
139.0415,-1.0,900,3,2,0,0
139.0415,-1.0,900,9,2,0,0
139.1192,139.2746,110,1,2,JumpScratch,5
139.1192,139.2746,110,11,2,JumpScratch,-5
139.2746,140.2073,110,4,2,JumpScratch,-5
139.2746,140.2073,110,8,2,JumpScratch,5
139.4301,-1.0,900,4,2,0,0
139.4301,-1.0,900,8,2,0,0
139.5855,-1.0,900,4,2,0,0
139.5855,-1.0,900,8,2,0,0
139.7409,-1.0,900,4,2,0,0
139.7409,-1.0,900,8,2,0,0
139.8964,-1.0,900,4,2,0,0
139.8964,-1.0,900,8,2,0,0
140.0518,-1.0,900,4,2,0,0
140.0518,-1.0,900,8,2,0,0
140.2073,140.3627,110,1,2,JumpScratch,5
140.2073,140.3627,110,11,2,JumpScratch,-5
140.3627,141.7617,110,4,2,JumpScratch,-5
140.3627,141.7617,110,8,2,JumpScratch,5
140.5181,-1.0,900,4,2,0,0
140.5181,-1.0,900,8,2,0,0
140.6736,-1.0,900,4,2,0,0
140.6736,-1.0,900,8,2,0,0
140.8290,-1.0,900,4,2,0,0
140.8290,-1.0,900,8,2,0,0
140.9845,-1.0,900,4,2,0,0
140.9845,-1.0,900,8,2,0,0
141.1399,-1.0,900,4,2,0,0
141.1399,-1.0,900,8,2,0,0
141.2953,-1.0,900,4,2,0,0
141.2953,-1.0,900,8,2,0,0
141.4508,-1.0,900,4,2,0,0
141.4508,-1.0,900,8,2,0,0
141.6062,-1.0,900,4,2,0,0
141.6062,-1.0,900,8,2,0,0
143.6269,-1.0,50,1,2,0,0
143.8601,-1.0,50,6,2,0,0
144.0933,-1.0,50,11,2,0,0
144.2487,-1.0,50,1,3,0,0
144.2487,-1.0,80,7,3,0,0
144.2487,144.5596,100,7,3,0,0
144.4041,-1.0,900,7,3,0,0
144.5596,-1.0,10,1,3,0,0
144.7150,-1.0,10,5,4,0,0
144.8705,-1.0,50,4,3,0,0
144.8705,-1.0,80,10,3,0,0
144.8705,145.1813,100,10,3,0,0
145.0259,-1.0,900,10,3,0,0
145.1813,-1.0,10,1,3,0,0
145.3368,-1.0,10,5,4,0,0
145.4922,-1.0,50,1,3,0,0
145.4922,-1.0,80,7,3,0,0
145.4922,145.8031,100,7,3,0,0
145.6477,-1.0,900,7,3,0,0
145.8031,-1.0,10,1,3,0,0
145.9585,-1.0,10,5,4,0,0
146.1140,-1.0,50,4,3,0,0
146.1140,-1.0,80,10,3,0,0
146.1140,146.4249,100,10,3,0,0
146.2694,-1.0,900,10,3,0,0
146.4249,-1.0,10,1,3,0,0
146.5803,-1.0,80,4,3,0,0
146.5803,146.8912,100,4,3,0,0
146.5803,-1.0,50,9,4,0,0
146.7358,-1.0,900,4,3,0,0
146.8912,-1.0,10,10,3,0,0
147.0466,-1.0,50,1,4,0,0
147.0466,-1.0,10,7,3,0,0
147.2021,-1.0,10,10,3,0,0
147.2798,-1.0,10,5,4,0,0
147.3575,-1.0,10,8,3,0,0
147.5130,-1.0,10,4,3,0,0
147.6684,-1.0,10,1,3,0,0
147.6684,-1.0,50,9,4,0,0
147.8238,-1.0,10,3,3,0,0
147.9016,-1.0,10,5,4,0,0
147.9793,-1.0,10,1,3,0,0
148.1347,-1.0,10,7,3,0,0
148.2902,-1.0,10,4,3,0,0
148.2902,-1.0,50,9,4,0,0
148.4456,-1.0,10,1,3,0,0
148.5233,-1.0,10,5,4,0,0
148.6010,-1.0,10,3,3,0,0
148.7565,-1.0,10,7,3,0,0
148.9119,-1.0,50,1,4,0,0
148.9119,-1.0,50,9,4,0,0
149.2228,-1.0,50,1,4,0,0
149.2228,-1.0,80,7,3,0,0
149.2228,149.5337,100,7,3,0,0
149.3782,-1.0,900,7,3,0,0
149.5337,-1.0,10,1,3,0,0
149.6891,-1.0,10,4,3,0,0
149.8446,-1.0,10,7,3,0,0
149.9223,-1.0,10,4,3,0,0
150.0,-1.0,10,9,4,0,0
150.1554,-1.0,10,1,3,0,0
150.1554,-1.0,10,7,3,0,0
150.3109,-1.0,80,4,3,0,0
150.3109,150.7772,100,4,3,0,0
150.3109,-1.0,50,9,4,0,0
150.4663,-1.0,900,4,3,0,0
150.6218,-1.0,900,4,3,0,0
150.6218,-1.0,10,7,3,0,0
150.7772,-1.0,10,7,3,0,0
150.9326,-1.0,10,10,3,0,0
151.0104,-1.0,10,4,3,0,0
151.0881,-1.0,10,7,4,0,0
151.2435,-1.0,10,1,3,0,0
151.3212,-1.0,10,7,3,0,0
151.3990,-1.0,10,3,4,0,0
151.5544,-1.0,10,4,3,0,0
151.5544,-1.0,10,10,3,0,0
151.7098,-1.0,20,8,3,0,0
151.7876,-1.0,10,5,4,0,0
151.8653,-1.0,10,10,3,0,0
151.9430,-1.0,10,5,4,0,0
152.0207,-1.0,10,8,3,0,0
152.1762,-1.0,20,3,3,0,0
152.2539,-1.0,10,5,4,0,0
152.3316,-1.0,10,1,3,0,0
152.4093,-1.0,10,5,4,0,0
152.4870,-1.0,10,3,3,0,0
152.6425,-1.0,20,5,4,0,0
152.7202,-1.0,10,3,3,0,0
152.7979,-1.0,10,5,4,0,0
152.8756,-1.0,10,1,3,0,0
152.9534,-1.0,10,5,4,0,0
153.1088,-1.0,20,5,4,0,0
153.1865,-1.0,10,8,3,0,0
153.2642,-1.0,10,5,4,0,0
153.3420,-1.0,10,10,3,0,0
153.4197,-1.0,10,5,4,0,0
153.5751,-1.0,50,9,4,0,0
153.7306,-1.0,50,1,4,0,0
153.8860,-1.0,20,10,3,0,0
153.9637,-1.0,10,4,3,0,0
154.0415,-1.0,10,4,6,0,0
154.1192,-1.0,10,1,3,0,0
154.1969,-1.0,50,10,3,0,0
154.5078,-1.0,50,1,3,0,0
154.5078,-1.0,81,10,3,0,0
154.5078,156.3731,101,10,3,0,0
154.6632,-1.0,900,10,3,0,0
154.8187,-1.0,10,4,3,0,0
154.8187,-1.0,900,10,3,0,0
154.9741,-1.0,10,4,3,0,0
154.9741,-1.0,900,10,3,0,0
155.1295,-1.0,20,1,3,0,0
155.1295,-1.0,900,10,3,0,0
155.1295,-1.0,30,10,3,0,0
155.2850,-1.0,10,1,3,0,0
155.2850,-1.0,900,10,3,0,0
155.4404,-1.0,10,4,3,0,0
155.4404,-1.0,900,10,3,0,0
155.5959,-1.0,10,4,3,0,0
155.5959,-1.0,900,10,3,0,0
155.7513,-1.0,20,1,3,0,0
155.7513,-1.0,900,10,3,0,0
155.7513,-1.0,30,10,3,0,0
155.9067,-1.0,10,1,3,0,0
155.9067,-1.0,900,10,3,0,0
156.0622,-1.0,10,4,3,0,0
156.0622,-1.0,900,10,3,0,0
156.2176,-1.0,10,4,3,0,0
156.2176,-1.0,900,10,3,0,0
156.3731,-1.0,20,1,3,0,0
156.5285,-1.0,10,4,3,0,0
156.5285,-1.0,10,7,3,0,0
156.6839,-1.0,50,1,6,0,0
156.6839,-1.0,50,7,6,0,0
156.9948,-1.0,10,1,3,0,0
156.9948,-1.0,50,7,6,0,0
157.1503,-1.0,10,3,3,0,0
157.3057,-1.0,10,7,3,0,0
157.3834,-1.0,10,4,3,0,0
157.4611,-1.0,10,8,3,0,0
157.6166,-1.0,50,1,6,0,0
157.6166,-1.0,10,10,3,0,0
157.7720,-1.0,10,7,3,0,0
157.9275,-1.0,10,1,4,0,0
157.9275,-1.0,10,9,4,0,0
158.0829,-1.0,10,4,3,0,0
158.2383,-1.0,50,1,6,0,0
158.2383,-1.0,10,10,3,0,0
158.3938,-1.0,10,8,3,0,0
158.5492,-1.0,20,1,6,0,0
158.6269,-1.0,10,7,3,0,0
158.7047,-1.0,10,4,6,0,0
158.7824,-1.0,10,10,3,0,0
158.8601,-1.0,20,1,6,0,0
158.9378,-1.0,10,7,3,0,0
159.0155,-1.0,10,4,6,0,0
159.0933,-1.0,10,10,3,0,0
159.1710,-1.0,50,1,3,0,0
159.4819,-1.0,81,1,3,0,0
159.4819,161.3472,101,1,3,0,0
159.4819,-1.0,50,10,3,0,0
159.6373,-1.0,900,1,3,0,0
159.6373,-1.0,10,7,3,0,0
159.7927,-1.0,900,1,3,0,0
159.7927,-1.0,30,1,3,0,0
159.7927,-1.0,20,10,3,0,0
159.9482,-1.0,900,1,3,0,0
159.9482,-1.0,10,7,3,0,0
160.1036,-1.0,900,1,3,0,0
160.1036,-1.0,30,1,3,0,0
160.1036,-1.0,20,10,3,0,0
160.2591,-1.0,900,1,3,0,0
160.2591,-1.0,10,7,3,0,0
160.4145,-1.0,900,1,3,0,0
160.4145,-1.0,30,1,3,0,0
160.4145,-1.0,20,10,3,0,0
160.5699,-1.0,900,1,3,0,0
160.5699,-1.0,10,7,3,0,0
160.7254,-1.0,900,1,3,0,0
160.7254,-1.0,30,1,3,0,0
160.7254,-1.0,20,10,3,0,0
160.8808,-1.0,900,1,3,0,0
160.8808,-1.0,10,7,3,0,0
161.0363,-1.0,900,1,3,0,0
161.0363,-1.0,30,1,3,0,0
161.0363,-1.0,20,10,3,0,0
161.1917,-1.0,900,1,3,0,0
161.1917,-1.0,10,7,3,0,0
161.3472,-1.0,20,10,3,0,0
161.4249,-1.0,10,4,3,0,0
161.5026,-1.0,10,7,3,0,0
161.6580,-1.0,50,1,6,0,0
161.6580,-1.0,50,7,6,0,0
161.9689,-1.0,50,1,6,0,0
161.9689,-1.0,10,10,3,0,0
162.1244,-1.0,10,8,3,0,0
162.2798,-1.0,20,1,6,0,0
162.3575,-1.0,10,7,3,0,0
162.4352,-1.0,10,1,3,0,0
162.5130,-1.0,10,7,3,0,0
162.5907,-1.0,20,4,6,0,0
162.6684,-1.0,10,10,3,0,0
162.7461,-1.0,10,4,3,0,0
162.8238,-1.0,10,10,3,0,0
162.9016,-1.0,50,1,6,0,0
163.1347,-1.0,50,2,6,0,0
163.1347,-1.0,20,8,4,0,0
163.3679,-1.0,50,3,6,0,0
163.3679,-1.0,20,9,4,0,0
163.5233,-1.0,20,1,4,0,0
163.5233,-1.0,50,5,6,0,0
163.7565,-1.0,20,2,4,0,0
163.7565,-1.0,50,6,6,0,0
163.9896,-1.0,20,3,4,0,0
163.9896,-1.0,50,7,6,0,0
165.6995,-1.0,50,1,12,0,0
166.4767,-1.0,10,4,3,0,0
166.5544,-1.0,10,7,3,0,0
166.6321,-1.0,10,1,4,0,0
166.7098,-1.0,10,9,4,0,0
166.7876,-1.0,10,4,3,0,0
166.8653,-1.0,10,7,3,0,0
166.9430,-1.0,10,1,4,0,0
167.0207,-1.0,10,9,4,0,0
167.0984,-1.0,50,1,6,0,0
167.4093,-1.0,20,4,3,0,0
167.4093,-1.0,50,7,6,0,0
167.7202,-1.0,50,1,6,0,0
167.7202,-1.0,20,7,3,0,0
167.8756,-1.0,10,10,3,0,0
168.0311,-1.0,10,10,3,0,0
168.1865,-1.0,10,4,3,0,0
168.3420,-1.0,10,4,3,0,0
168.4974,-1.0,10,7,3,0,0
168.6528,-1.0,10,7,3,0,0
168.8083,-1.0,10,1,3,0,0
168.9637,-1.0,10,1,3,0,0
169.1192,-1.0,10,7,3,0,0
169.1969,-1.0,10,4,3,0,0
169.2746,-1.0,10,7,3,0,0
169.3523,-1.0,10,4,3,0,0
169.4301,-1.0,83,10,3,0,0
169.4301,169.4819,110,10,3,JumpScratch,-4
169.4819,169.5337,110,9,3,JumpScratch,-4
169.5337,169.5855,110,8,3,JumpScratch,-4
169.5855,169.6373,110,7,3,JumpScratch,-4
169.6373,169.6891,110,6,3,JumpScratch,-4
169.7409,-1.0,83,1,3,0,0
169.7409,169.7927,110,1,3,JumpScratch,4
169.7927,169.8446,110,2,3,JumpScratch,4
169.8446,169.8964,110,3,3,JumpScratch,6
169.8964,169.9482,110,5,4,JumpScratch,6
169.9482,170.0,110,7,4,JumpScratch,6
170.0,170.0518,110,9,4,JumpScratch,-12
170.3627,-1.0,81,6,2,0,0
170.3627,170.6736,101,6,2,0,0
170.3627,-1.0,50,10,3,0,0
170.5181,-1.0,900,6,2,0,0
170.6736,-1.0,10,8,2,0,0
170.8290,-1.0,10,4,2,0,0
170.9067,-1.0,10,6,2,0,0
170.9845,-1.0,10,1,3,0,0
171.1399,-1.0,10,8,2,0,0
171.2176,-1.0,10,6,2,0,0
171.2953,-1.0,10,10,3,0,0
171.4508,-1.0,50,1,3,0,0
171.4508,-1.0,81,6,2,0,0
171.4508,171.7617,101,6,2,0,0
171.6062,-1.0,900,6,2,0,0
171.7617,-1.0,10,4,2,0,0
171.8394,-1.0,10,6,2,0,0
171.9171,-1.0,10,1,3,0,0
172.0725,-1.0,10,8,2,0,0
172.2280,-1.0,10,1,3,0,0
172.3057,-1.0,10,6,2,0,0
172.3834,-1.0,10,1,3,0,0
172.4611,-1.0,10,6,2,0,0
172.5389,-1.0,10,4,2,0,0
172.6166,-1.0,10,8,2,0,0
172.6943,-1.0,10,4,2,0,0
172.7720,-1.0,10,8,2,0,0
172.8497,-1.0,82,6,2,0,0
172.8497,173.0052,110,6,2,0,0
173.0052,-1.0,10,8,2,0,0
173.1606,-1.0,10,10,3,0,0
173.3161,-1.0,82,6,2,0,0
173.3161,173.4715,110,6,2,0,0
173.3161,-1.0,10,8,2,0,0
173.4715,-1.0,50,10,3,0,0
173.7824,-1.0,10,1,3,0,0
173.7824,-1.0,82,6,2,0,0
173.7824,173.9378,110,6,2,0,0
173.9378,-1.0,10,4,2,0,0
174.0933,-1.0,10,1,3,0,0
174.2487,-1.0,10,4,2,0,0
174.2487,-1.0,82,6,2,0,0
174.2487,174.4041,110,6,2,0,0
174.4041,-1.0,50,1,3,0,0
174.7150,-1.0,10,8,2,0,0
174.7927,-1.0,10,1,3,0,0
174.8705,-1.0,10,6,2,0,0
174.9482,-1.0,10,4,2,0,0
175.0259,-1.0,10,10,3,0,0
175.1036,-1.0,10,4,2,0,0
175.1813,-1.0,10,8,2,0,0
175.2591,-1.0,10,6,2,0,0
175.3368,-1.0,82,10,3,0,0
175.3368,175.6477,110,10,3,0,0
175.4922,-1.0,10,6,2,0,0
175.4922,-1.0,900,10,3,0,0
175.6477,-1.0,10,1,3,0,0
175.8031,-1.0,10,4,2,0,0
175.8808,-1.0,10,6,2,0,0
175.9585,-1.0,82,1,3,0,0
175.9585,176.2694,110,1,3,0,0
176.1140,-1.0,900,1,3,0,0
176.1140,-1.0,10,6,2,0,0
176.2694,-1.0,10,10,3,0,0
176.4249,-1.0,10,8,2,0,0
176.5803,-1.0,82,10,3,0,0
176.5803,176.8912,110,10,3,0,0
176.7358,-1.0,10,6,2,0,0
176.7358,-1.0,900,10,3,0,0
176.8912,-1.0,10,1,3,0,0
177.0466,-1.0,10,4,2,0,0
177.1244,-1.0,10,6,2,0,0
177.2021,-1.0,82,1,3,0,0
177.2021,177.5130,110,1,3,0,0
177.3575,-1.0,900,1,3,0,0
177.3575,-1.0,10,6,2,0,0
177.5130,-1.0,10,10,3,0,0
177.6684,-1.0,10,8,2,0,0
177.8238,-1.0,10,10,3,0,0
177.9793,-1.0,10,4,2,0,0
177.9793,-1.0,10,8,2,0,0
178.1347,-1.0,50,1,3,0,0
178.2902,-1.0,10,4,2,0,0
178.3679,-1.0,10,8,2,0,0
178.4456,-1.0,10,1,3,0,0
178.6010,-1.0,10,8,2,0,0
178.6788,-1.0,10,4,2,0,0
178.7565,-1.0,50,10,3,0,0
178.9119,-1.0,50,1,3,0,0
178.9119,-1.0,10,6,2,0,0
179.2228,-1.0,10,8,2,0,0
179.3005,-1.0,10,4,2,0,0
179.3782,-1.0,50,10,3,0,0
179.5337,-1.0,10,4,2,0,0
179.6114,-1.0,10,8,2,0,0
179.6891,-1.0,20,1,3,0,0
179.7668,-1.0,10,6,2,0,0
179.8446,-1.0,10,1,3,0,0
179.9223,-1.0,10,6,2,0,0
180.0,-1.0,20,4,2,0,0
180.0777,-1.0,10,8,2,0,0
180.1554,-1.0,10,4,2,0,0
180.2332,-1.0,10,8,2,0,0
180.3109,-1.0,20,6,2,0,0
180.4663,-1.0,20,1,3,0,0
180.4663,-1.0,20,10,3,0,0
180.6218,-1.0,20,6,2,0,0
180.7772,-1.0,50,1,3,0,0
180.7772,-1.0,50,10,3,0,0
181.2435,-1.0,20,6,2,0,0
181.3990,-1.0,20,1,3,0,0
181.3990,-1.0,20,10,3,0,0
181.5544,-1.0,20,6,2,0,0
181.7098,-1.0,50,1,3,0,0
181.7098,-1.0,50,10,3,0,0
182.1762,-1.0,20,10,3,0,0
182.2539,-1.0,10,6,2,0,0
182.3316,-1.0,10,10,3,0,0
182.4093,-1.0,10,6,2,0,0
182.4870,-1.0,20,8,2,0,0
182.5648,-1.0,10,4,2,0,0
182.6425,-1.0,10,8,2,0,0
182.7202,-1.0,10,4,2,0,0
182.7979,-1.0,10,10,3,0,0
182.9534,-1.0,10,6,2,0,0
183.1088,-1.0,50,1,3,0,0
183.1088,-1.0,10,10,3,0,0
183.2642,-1.0,10,8,2,0,0
183.3420,-1.0,10,4,2,0,0
183.4197,-1.0,10,8,2,0,0
183.5751,-1.0,10,6,2,0,0
183.7306,-1.0,10,1,3,0,0
183.7306,-1.0,50,10,3,0,0
183.8860,-1.0,80,4,2,0,0
183.8860,184.1969,100,4,2,0,0
184.0415,-1.0,900,4,2,0,0
184.1969,-1.0,10,10,3,0,0
184.3523,-1.0,10,4,2,0,0
184.3523,-1.0,10,8,2,0,0
184.5078,-1.0,10,1,3,0,0
184.6632,-1.0,83,6,2,0,0
184.6632,184.8964,110,6,2,0,0
184.8187,-1.0,900,6,2,0,0
185.1295,-1.0,50,4,2,0,0
185.1295,-1.0,50,8,2,0,0
185.2850,-1.0,20,1,3,0,0
185.2850,-1.0,50,10,3,0,0
185.4404,-1.0,10,4,2,0,0
185.5959,-1.0,20,1,3,0,0
185.5959,-1.0,50,10,3,0,0
185.7513,-1.0,10,6,2,0,0
185.9067,-1.0,50,1,3,0,0
185.9067,-1.0,20,10,3,0,0
186.0622,-1.0,10,8,2,0,0
186.2176,-1.0,50,1,3,0,0
186.2176,-1.0,20,10,3,0,0
186.3731,-1.0,10,6,2,0,0
186.5285,-1.0,20,10,3,0,0
186.6062,-1.0,10,1,3,0,0
186.6839,-1.0,10,10,3,0,0
186.7617,-1.0,10,4,2,0,0
186.8394,-1.0,20,10,3,0,0
186.9171,-1.0,10,1,3,0,0
186.9948,-1.0,10,6,2,0,0
187.0725,-1.0,10,1,3,0,0
187.1503,-1.0,20,10,3,0,0
187.2280,-1.0,10,6,2,0,0
187.3057,-1.0,10,8,2,0,0
187.3834,-1.0,10,4,2,0,0
187.4611,-1.0,20,6,2,0,0
187.5389,-1.0,20,1,3,0,0
187.6166,-1.0,20,8,2,0,0
187.6943,-1.0,20,4,2,0,0
187.7720,-1.0,50,10,3,0,0
190.2591,-1.0,80,4,3,0,0
190.2591,191.3472,100,4,3,0,0
190.2591,-1.0,50,10,3,0,0
190.4145,-1.0,900,4,3,0,0
190.5699,-1.0,900,4,3,0,0
190.5699,-1.0,20,10,3,0,0
190.7254,-1.0,900,4,3,0,0
190.7254,-1.0,10,7,3,0,0
190.8808,-1.0,900,4,3,0,0
190.8808,-1.0,10,7,3,0,0
191.0363,-1.0,900,4,3,0,0
191.0363,-1.0,10,7,3,0,0
191.1917,-1.0,900,4,3,0,0
191.1917,-1.0,20,10,3,0,0
191.3472,-1.0,10,7,3,0,0
191.5026,-1.0,10,4,3,0,0
191.6580,-1.0,10,7,3,0,0
191.8135,-1.0,10,1,3,0,0
191.8135,-1.0,20,10,3,0,0
191.9689,-1.0,10,4,3,0,0
192.0466,-1.0,10,7,3,0,0
192.1244,-1.0,10,1,3,0,0
192.2798,-1.0,10,7,3,0,0
192.3575,-1.0,10,4,3,0,0
192.4352,-1.0,20,10,3,0,0
192.5907,-1.0,50,1,3,0,0
192.5907,-1.0,80,7,3,0,0
192.5907,193.8342,100,7,3,0,0
192.7461,-1.0,900,7,3,0,0
192.9016,-1.0,10,4,3,0,0
192.9016,-1.0,900,7,3,0,0
193.0570,-1.0,20,1,3,0,0
193.0570,-1.0,900,7,3,0,0
193.2124,-1.0,10,4,3,0,0
193.2124,-1.0,900,7,3,0,0
193.3679,-1.0,10,4,3,0,0
193.3679,-1.0,900,7,3,0,0
193.5233,-1.0,10,4,3,0,0
193.5233,-1.0,900,7,3,0,0
193.6788,-1.0,20,1,3,0,0
193.6788,-1.0,900,7,3,0,0
193.8342,-1.0,10,4,3,0,0
193.9896,-1.0,10,7,3,0,0
194.1451,-1.0,10,4,3,0,0
194.3005,-1.0,20,1,3,0,0
194.3005,-1.0,10,10,3,0,0
194.4560,-1.0,10,7,3,0,0
194.5337,-1.0,10,4,3,0,0
194.6114,-1.0,10,10,3,0,0
194.7668,-1.0,10,4,3,0,0
194.8446,-1.0,10,7,3,0,0
194.9223,-1.0,20,1,3,0,0
195.0777,-1.0,80,4,3,0,0
195.0777,195.5440,100,4,3,0,0
195.0777,-1.0,50,10,3,0,0
195.2332,-1.0,900,4,3,0,0
195.3886,-1.0,900,4,3,0,0
195.3886,-1.0,10,7,3,0,0
195.5440,-1.0,20,10,3,0,0
195.6995,-1.0,10,4,3,0,0
195.8549,-1.0,10,4,3,0,0
195.8549,-1.0,80,7,3,0,0
195.8549,196.1658,100,7,3,0,0
196.0104,-1.0,10,4,3,0,0
196.0104,-1.0,900,7,3,0,0
196.1658,-1.0,20,1,3,0,0
196.3212,-1.0,10,7,3,0,0
196.4767,-1.0,80,1,3,0,0
196.4767,196.7876,100,1,3,0,0
196.4767,-1.0,10,7,3,0,0
196.6321,-1.0,900,1,3,0,0
196.6321,-1.0,10,7,3,0,0
196.7876,-1.0,20,10,3,0,0
196.9430,-1.0,10,4,3,0,0
197.0984,-1.0,10,4,3,0,0
197.0984,-1.0,80,10,3,0,0
197.0984,197.4093,100,10,3,0,0
197.2539,-1.0,10,4,3,0,0
197.2539,-1.0,900,10,3,0,0
197.4093,-1.0,20,1,3,0,0
197.5648,-1.0,10,7,3,0,0
197.7202,-1.0,20,1,3,0,0
197.7979,-1.0,10,7,3,0,0
197.8756,-1.0,10,4,3,0,0
197.9534,-1.0,10,7,3,0,0
198.0311,-1.0,10,1,3,0,0
198.1865,-1.0,20,10,3,0,0
198.2642,-1.0,10,4,3,0,0
198.3420,-1.0,10,7,3,0,0
198.4197,-1.0,10,4,3,0,0
198.4974,-1.0,10,10,3,0,0
198.6528,-1.0,20,4,3,0,0
198.7306,-1.0,10,7,3,0,0
198.8083,-1.0,10,1,3,0,0
198.8860,-1.0,10,7,3,0,0
198.9637,-1.0,10,4,3,0,0
199.1192,-1.0,20,7,3,0,0
199.1969,-1.0,10,4,3,0,0
199.2746,-1.0,10,10,3,0,0
199.3523,-1.0,10,4,3,0,0
199.4301,-1.0,10,7,3,0,0
199.5855,-1.0,20,1,3,0,0
199.6632,-1.0,10,7,3,0,0
199.7409,-1.0,10,4,3,0,0
199.8187,-1.0,10,10,3,0,0
199.8964,-1.0,20,1,3,0,0
199.9741,-1.0,10,7,3,0,0
200.0518,-1.0,10,4,3,0,0
200.1295,-1.0,10,10,3,0,0
200.2073,-1.0,82,1,3,0,0
200.2073,200.5181,110,1,3,0,0
200.3627,-1.0,900,1,3,0,0
200.3627,-1.0,10,7,3,0,0
200.5181,-1.0,10,10,3,0,0
200.6736,-1.0,10,7,3,0,0
200.8290,-1.0,10,1,3,0,0
200.8290,-1.0,82,10,3,0,0
200.8290,201.1399,110,10,3,0,0
200.9845,-1.0,10,4,3,0,0
200.9845,-1.0,900,10,3,0,0
201.1399,-1.0,10,1,3,0,0
201.2953,-1.0,10,4,3,0,0
201.3731,-1.0,10,7,3,0,0
201.4508,-1.0,82,1,3,0,0
201.4508,201.7617,110,1,3,0,0
201.6062,-1.0,900,1,3,0,0
201.6062,-1.0,10,7,3,0,0
201.7617,-1.0,10,10,3,0,0
201.9171,-1.0,10,7,3,0,0
202.0725,-1.0,10,1,3,0,0
202.0725,-1.0,82,10,3,0,0
202.0725,202.3834,110,10,3,0,0
202.2280,-1.0,10,4,3,0,0
202.2280,-1.0,900,10,3,0,0
202.3834,-1.0,10,1,3,0,0
202.5389,-1.0,10,4,3,0,0
202.6166,-1.0,10,7,3,0,0
202.6943,-1.0,82,4,3,0,0
202.6943,203.0052,110,4,3,0,0
202.8497,-1.0,900,4,3,0,0
202.8497,-1.0,10,10,3,0,0
203.0052,-1.0,10,7,3,0,0
203.1606,-1.0,10,10,3,0,0
203.3161,-1.0,10,4,3,0,0
203.3161,-1.0,82,7,3,0,0
203.3161,203.6269,110,7,3,0,0
203.4715,-1.0,10,1,3,0,0
203.4715,-1.0,900,7,3,0,0
203.6269,-1.0,10,4,3,0,0
203.7824,-1.0,10,1,3,0,0
203.8601,-1.0,10,7,3,0,0
203.9378,-1.0,82,4,3,0,0
203.9378,204.2487,110,4,3,0,0
204.0933,-1.0,900,4,3,0,0
204.0933,-1.0,10,10,3,0,0
204.2487,-1.0,10,7,3,0,0
204.4041,-1.0,10,10,3,0,0
204.5596,-1.0,10,4,3,0,0
204.5596,-1.0,82,7,3,0,0
204.5596,204.8705,110,7,3,0,0
204.7150,-1.0,10,1,3,0,0
204.7150,-1.0,900,7,3,0,0
204.8705,-1.0,10,4,3,0,0
205.0259,-1.0,10,1,3,0,0
205.1036,-1.0,10,7,3,0,0
205.1813,-1.0,83,1,3,0,0
205.1813,206.1140,110,1,3,0,0
205.3368,-1.0,900,1,3,0,0
205.3368,-1.0,10,7,3,0,0
205.4922,-1.0,900,1,3,0,0
205.4922,-1.0,40,1,3,0,0
205.4922,-1.0,20,10,3,0,0
205.6477,-1.0,900,1,3,0,0
205.6477,-1.0,10,7,3,0,0
205.8031,-1.0,900,1,3,0,0
205.8031,-1.0,40,1,3,0,0
205.8031,-1.0,20,10,3,0,0
205.9585,-1.0,900,1,3,0,0
205.9585,-1.0,10,7,3,0,0
206.1140,-1.0,20,10,3,0,0
206.2694,-1.0,10,7,3,0,0
206.4249,-1.0,20,1,3,0,0
206.4249,-1.0,83,10,3,0,0
206.4249,207.3575,110,10,3,0,0
206.5803,-1.0,10,4,3,0,0
206.5803,-1.0,900,10,3,0,0
206.7358,-1.0,20,1,3,0,0
206.7358,-1.0,900,10,3,0,0
206.7358,-1.0,40,10,3,0,0
206.8912,-1.0,10,4,3,0,0
206.8912,-1.0,900,10,3,0,0
207.0466,-1.0,20,1,3,0,0
207.0466,-1.0,900,10,3,0,0
207.0466,-1.0,40,10,3,0,0
207.2021,-1.0,10,4,3,0,0
207.2021,-1.0,900,10,3,0,0
207.3575,-1.0,20,1,3,0,0
207.5130,-1.0,10,4,3,0,0
207.6684,-1.0,83,1,3,0,0
207.6684,207.9793,110,1,3,0,0
207.6684,-1.0,10,10,3,0,0
207.8238,-1.0,900,1,3,0,0
207.8238,-1.0,10,7,3,0,0
207.9793,-1.0,10,10,3,0,0
208.1347,-1.0,10,7,3,0,0
208.2124,-1.0,10,4,3,0,0
208.2902,-1.0,83,10,3,0,0
208.2902,208.6010,110,10,3,0,0
208.4456,-1.0,10,4,3,0,0
208.4456,-1.0,900,10,3,0,0
208.6010,-1.0,10,1,3,0,0
208.7565,-1.0,10,4,3,0,0
208.8342,-1.0,10,7,3,0,0
208.9119,-1.0,20,1,3,0,0
208.9896,-1.0,10,7,3,0,0
209.0674,-1.0,10,1,3,0,0
209.1451,-1.0,10,7,3,0,0
209.2228,-1.0,20,4,3,0,0
209.3005,-1.0,10,10,3,0,0
209.3782,-1.0,10,4,3,0,0
209.4560,-1.0,10,10,3,0,0
209.5337,-1.0,20,1,3,0,0
209.6114,-1.0,20,7,3,0,0
209.6891,-1.0,20,4,3,0,0
209.7668,-1.0,20,10,3,0,0
209.8446,-1.0,20,1,3,0,0
209.9223,-1.0,20,7,3,0,0
210.0,-1.0,20,4,3,0,0
210.0777,-1.0,20,10,3,0,0
210.1554,-1.0,81,4,3,0,0
210.1554,210.4663,101,4,3,0,0
210.1554,-1.0,50,10,3,0,0
210.3109,-1.0,900,4,3,0,0
210.4663,-1.0,10,10,3,0,0
210.6218,-1.0,50,1,3,0,0
210.6218,-1.0,80,7,3,0,0
210.6218,210.9326,100,7,3,0,0
210.7772,-1.0,900,7,3,0,0
210.9326,-1.0,10,1,3,0,0
211.0881,-1.0,80,4,3,0,0
211.0881,211.7098,100,4,3,0,0
211.0881,-1.0,50,10,3,0,0
211.2435,-1.0,900,4,3,0,0
211.3990,-1.0,900,4,3,0,0
211.3990,-1.0,10,10,3,0,0
211.5544,-1.0,900,4,3,0,0
211.5544,-1.0,10,7,3,0,0
211.7098,-1.0,10,10,3,0,0
211.7876,-1.0,10,4,3,0,0
211.8653,-1.0,10,7,3,0,0
211.9430,-1.0,10,1,3,0,0
212.0207,-1.0,10,10,3,0,0
212.1762,-1.0,10,1,3,0,0
212.2539,-1.0,10,7,3,0,0
212.3316,-1.0,10,4,3,0,0
212.4870,-1.0,50,1,4,0,0
212.4870,-1.0,80,7,3,0,0
212.4870,212.9534,100,7,3,0,0
212.6425,-1.0,900,7,3,0,0
212.7979,-1.0,10,1,3,0,0
212.7979,-1.0,900,7,3,0,0
212.9534,-1.0,10,4,3,0,0
213.1088,-1.0,10,7,3,0,0
213.1865,-1.0,10,4,3,0,0
213.2642,-1.0,10,9,4,0,0
213.4197,-1.0,10,4,3,0,0
213.4974,-1.0,10,7,3,0,0
213.5751,-1.0,10,1,4,0,0
213.7306,-1.0,80,4,3,0,0
213.7306,214.1969,100,4,3,0,0
213.7306,-1.0,50,9,4,0,0
213.8860,-1.0,900,4,3,0,0
214.0415,-1.0,900,4,3,0,0
214.0415,-1.0,10,10,3,0,0
214.1969,-1.0,10,7,3,0,0
214.3523,-1.0,10,4,3,0,0
214.4301,-1.0,10,7,3,0,0
214.5078,-1.0,10,1,3,0,0
214.5855,-1.0,10,10,3,0,0
214.6632,-1.0,10,4,3,0,0
214.7409,-1.0,10,7,3,0,0
214.8187,-1.0,50,1,4,0,0
215.1295,-1.0,10,4,3,0,0
215.1295,-1.0,10,10,3,0,0
215.2850,-1.0,10,1,3,0,0
215.2850,-1.0,10,7,3,0,0
215.4404,-1.0,10,4,3,0,0
215.4404,-1.0,50,9,4,0,0
215.5959,-1.0,10,1,3,0,0
215.6736,-1.0,10,5,4,0,0
215.7513,-1.0,10,1,3,0,0
215.9067,-1.0,10,4,3,0,0
215.9067,-1.0,10,10,3,0,0
216.0622,-1.0,50,1,4,0,0
216.0622,-1.0,10,7,3,0,0
216.2176,-1.0,10,4,3,0,0
216.2176,-1.0,80,10,3,0,0
216.2176,216.5285,100,10,3,0,0
216.3731,-1.0,900,10,3,0,0
216.5285,-1.0,10,4,3,0,0
216.6839,-1.0,50,1,4,0,0
216.6839,-1.0,10,7,3,0,0
216.8394,-1.0,10,4,3,0,0
216.9948,-1.0,10,10,3,0,0
217.0725,-1.0,10,1,3,0,0
217.1503,-1.0,10,7,3,0,0
217.2280,-1.0,10,4,3,0,0
217.3057,-1.0,50,9,4,0,0
217.3834,-1.0,10,1,3,0,0
217.4611,-1.0,10,7,3,0,0
217.6166,-1.0,20,1,3,0,0
217.6166,-1.0,20,7,3,0,0
217.7720,-1.0,20,1,3,0,0
217.7720,-1.0,20,7,3,0,0
217.9275,-1.0,20,1,3,0,0
217.9275,-1.0,20,7,3,0,0
218.0829,-1.0,50,1,3,0,0
218.0829,-1.0,50,7,3,0,0
218.5492,-1.0,20,4,3,0,0
218.5492,-1.0,20,10,3,0,0
218.7047,-1.0,20,4,3,0,0
218.7047,-1.0,20,10,3,0,0
218.8601,-1.0,20,4,3,0,0
218.8601,-1.0,20,10,3,0,0
219.0155,-1.0,50,4,3,0,0
219.0155,-1.0,50,10,3,0,0