0.0,-1.0,10,1,2,0,0
41.0,41.0,0,0,0,15,1030
0.0,-1.0,10,4,2,0,0
58.0,60.7500,0,0,0,15,11100
0.0,-1.0,82,10,3,0,0
0.0,7.0,110,10,3,JumpScratch,-7
66.0,68.7500,0,0,0,15,11100
0.1667,-1.0,10,2,2,0,0
109.0,109.0,0,0,0,11,10320
0.1667,-1.0,10,5,2,0,0
142.0,144.7500,0,0,0,15,11100
0.2500,-1.0,900,10,3,0,0
150.0,152.7500,0,0,0,15,11100
0.4167,-1.0,10,3,2,0,0
159.0,159.0,0,0,0,54,10320
0.4167,-1.0,10,6,2,0,0
161.0,161.0,0,0,0,53,10320
0.5000,-1.0,900,10,3,0,0
162.0,162.0,0,0,0,52,10320
0.5000,-1.0,31,10,3,0,0
0.6667,-1.0,10,2,2,0,0
0.6667,-1.0,10,5,2,0,0
0.7500,-1.0,900,10,3,0,0
0.9167,-1.0,10,4,2,0,0
1.0,-1.0,10,1,2,0,0
1.0,-1.0,900,10,3,0,0
1.2500,-1.0,10,1,2,0,0
1.2500,-1.0,10,4,2,0,0
1.2500,-1.0,900,10,3,0,0
1.5000,-1.0,10,2,2,0,0
1.5000,-1.0,10,5,2,0,0
1.5000,-1.0,900,10,3,0,0
1.5000,-1.0,31,10,3,0,0
1.7500,-1.0,900,10,3,0,0
2.0,-1.0,10,1,2,0,0
2.0,-1.0,10,5,2,0,0
2.0,-1.0,900,10,3,0,0
2.2500,-1.0,900,10,3,0,0
2.4167,-1.0,10,2,2,0,0
2.4167,-1.0,10,5,2,0,0
2.5000,-1.0,900,10,3,0,0
2.5000,-1.0,31,10,3,0,0
2.7500,-1.0,10,3,2,0,0
2.7500,-1.0,10,5,2,0,0
2.7500,-1.0,900,10,3,0,0
3.0,-1.0,10,4,2,0,0
3.0,-1.0,10,6,2,0,0
3.0,-1.0,900,10,3,0,0
3.2500,-1.0,10,3,2,0,0
3.2500,-1.0,10,5,2,0,0
3.2500,-1.0,900,10,3,0,0
3.5000,-1.0,10,2,2,0,0
3.5000,-1.0,10,4,2,0,0
3.5000,-1.0,900,10,3,0,0
3.5000,-1.0,31,10,3,0,0
3.7500,-1.0,900,10,3,0,0
4.0,-1.0,10,1,2,0,0
4.0,-1.0,10,4,2,0,0
4.0,-1.0,900,10,3,0,0
4.0,-1.0,40,10,3,0,0
4.1667,-1.0,10,2,2,0,0
4.1667,-1.0,10,5,2,0,0
4.2500,-1.0,900,10,3,0,0
4.4167,-1.0,10,3,2,0,0
4.4167,-1.0,10,6,2,0,0
4.5000,-1.0,900,10,3,0,0
4.5000,-1.0,31,10,3,0,0
4.6667,-1.0,10,2,2,0,0
4.6667,-1.0,10,5,2,0,0
4.7500,-1.0,900,10,3,0,0
4.9167,-1.0,10,4,2,0,0
5.0,-1.0,10,1,2,0,0
5.0,-1.0,900,10,3,0,0
5.0,-1.0,40,10,3,0,0
5.2500,-1.0,10,1,2,0,0
5.2500,-1.0,10,4,2,0,0
5.2500,-1.0,900,10,3,0,0
5.5000,-1.0,10,2,2,0,0
5.5000,-1.0,10,5,2,0,0
5.5000,-1.0,900,10,3,0,0
5.5000,-1.0,31,10,3,0,0
5.7500,-1.0,900,10,3,0,0
6.0,-1.0,10,1,2,0,0
6.0,-1.0,10,5,2,0,0
6.0,-1.0,900,10,3,0,0
6.0,-1.0,40,10,3,0,0
6.2500,-1.0,900,10,3,0,0
6.4167,-1.0,10,2,2,0,0
6.4167,-1.0,10,5,2,0,0
6.5000,-1.0,900,10,3,0,0
6.7500,-1.0,10,3,2,0,0
6.7500,-1.0,10,5,2,0,0
6.7500,-1.0,900,10,3,0,0
7.0,-1.0,20,1,5,0,0
7.0,7.5000,110,1,12,0,0
7.0625,-1.0,31,1,12,0,0
7.1250,-1.0,31,1,12,0,0
7.1875,-1.0,31,1,12,0,0
7.2500,-1.0,900,1,12,0,0
7.2500,-1.0,31,1,12,0,0
7.3125,-1.0,31,1,12,0,0
7.3750,-1.0,31,1,12,0,0
7.4375,-1.0,31,1,12,0,0
8.0,-1.0,20,1,4,0,0
8.0,-1.0,20,7,3,0,0
8.0,-1.0,81,10,3,0,0
8.0,8.2500,101,10,3,0,0
8.4167,-1.0,10,7,3,0,0
8.5000,-1.0,50,4,4,0,0
8.5000,-1.0,10,10,3,0,0
8.7500,-1.0,50,2,4,0,0
8.7500,-1.0,10,6,3,0,0
8.7500,-1.0,10,10,3,0,0
9.0,-1.0,80,1,3,0,0
9.0,9.2500,100,1,3,0,0
9.0,-1.0,10,4,3,0,0
9.0,-1.0,50,9,4,0,0
9.4167,-1.0,10,4,3,0,0
9.5000,-1.0,10,1,3,0,0
9.5000,-1.0,50,6,4,0,0
9.6667,-1.0,10,3,3,0,0
9.7500,-1.0,10,7,2,0,0
9.7500,-1.0,10,10,2,0,0
9.9167,-1.0,80,5,2,0,0
9.9167,10.2500,100,5,2,0,0
9.9167,-1.0,50,9,4,0,0
10.1667,-1.0,900,5,2,0,0
10.1667,-1.0,10,8,2,0,0
10.1667,-1.0,10,11,2,0,0
10.2500,-1.0,80,1,2,0,0
10.2500,10.5000,100,1,2,0,0
10.4167,-1.0,10,7,2,0,0
10.4167,-1.0,10,10,2,0,0
10.5000,-1.0,80,4,2,0,0
10.5000,10.7500,100,4,2,0,0
10.6667,-1.0,10,6,2,0,0
10.6667,-1.0,10,9,2,0,0
10.7500,-1.0,80,1,2,0,0
10.7500,11.0,100,1,2,0,0
11.0,-1.0,50,5,3,0,0
11.0,-1.0,50,9,3,0,0
11.5000,-1.0,10,1,3,0,0
11.5000,-1.0,10,5,2,0,0
11.5000,-1.0,10,8,2,0,0
11.6667,-1.0,10,10,3,0,0
11.7500,-1.0,10,4,3,0,0
11.7500,-1.0,10,8,2,0,0
12.0,-1.0,10,1,2,0,0
12.0,-1.0,10,4,2,0,0
12.0,-1.0,50,7,3,0,0
12.2500,-1.0,50,4,3,0,0
12.2500,-1.0,10,8,2,0,0
12.2500,-1.0,10,11,2,0,0
12.5000,-1.0,10,1,2,0,0
12.5000,-1.0,10,4,2,0,0
12.5000,-1.0,50,7,4,0,0
12.7500,-1.0,50,2,4,0,0
12.7500,-1.0,10,7,2,0,0
12.7500,-1.0,10,10,2,0,0
13.0,-1.0,10,3,2,0,0
13.0,-1.0,10,6,2,0,0
13.0,-1.0,50,9,4,0,0
13.1667,-1.0,10,4,2,0,0
13.2500,-1.0,10,1,2,0,0
13.5000,-1.0,50,4,2,0,0
13.5000,-1.0,50,8,2,0,0
13.7500,-1.0,80,7,2,0,0
13.7500,13.9167,100,7,2,0,0
13.9167,-1.0,50,3,3,0,0
13.9167,-1.0,10,10,3,0,0
14.1667,-1.0,10,8,2,0,0
14.2500,-1.0,10,1,3,0,0
14.2500,-1.0,80,5,2,0,0
14.2500,14.4167,100,5,2,0,0
14.4167,-1.0,50,8,3,0,0
14.6667,-1.0,10,4,2,0,0
14.7500,-1.0,82,7,2,0,0
14.7500,15.0,110,7,2,0,0
14.7500,-1.0,10,10,3,0,0
15.0,-1.0,50,1,2,0,0
15.0,-1.0,50,4,2,0,0
15.2500,-1.0,10,1,3,0,0
15.2500,-1.0,10,10,3,0,0
15.4167,-1.0,10,8,2,0,0
15.5000,-1.0,10,5,3,0,0
15.5000,-1.0,10,11,2,0,0
15.6667,-1.0,10,1,2,0,0
15.7500,-1.0,10,4,3,0,0
15.7500,-1.0,10,8,2,0,0
16.0,-1.0,50,1,4,0,0
16.0,-1.0,83,5,8,0,0
16.0,16.0313,110,5,8,JumpScratch,8
16.0313,16.0625,110,8,5,JumpScratch,5
16.0625,16.4167,110,10,3,0,0
16.4167,-1.0,10,3,3,0,0
16.4167,-1.0,10,7,3,0,0
16.6667,-1.0,10,8,3,0,0
16.7500,-1.0,10,2,2,0,0
16.7500,-1.0,10,5,2,0,0
16.9167,-1.0,10,7,3,0,0
17.0,-1.0,83,1,8,0,0
17.0,17.0313,110,1,8,JumpScratch,-8
17.0,-1.0,50,9,4,0,0
17.0313,17.0625,110,1,5,JumpScratch,-5
17.0625,17.4167,110,1,3,0,0
17.4167,-1.0,10,4,3,0,0
17.4167,-1.0,10,8,3,0,0
17.7500,-1.0,10,3,3,0,0
17.7500,-1.0,10,8,2,0,0
17.7500,-1.0,10,11,2,0,0
18.0,-1.0,80,1,3,0,0
18.0,18.2500,100,1,3,0,0
18.0,-1.0,10,5,2,0,0
18.0,-1.0,50,10,3,0,0
18.2500,-1.0,10,5,2,0,0
18.4167,-1.0,50,7,2,0,0
18.4167,-1.0,50,10,2,0,0
18.5000,-1.0,10,1,3,0,0
18.7500,-1.0,10,1,3,0,0
18.7500,-1.0,10,5,2,0,0
18.7500,-1.0,10,11,2,0,0
18.8750,-1.0,10,8,2,0,0
19.0,-1.0,82,2,2,0,0
19.0,19.2500,110,2,2,0,0
19.0,-1.0,82,5,2,0,0
19.0,19.2500,110,5,2,0,0
19.2500,-1.0,10,10,3,0,0
19.5000,-1.0,10,4,3,0,0
19.5000,-1.0,10,7,3,0,0
19.6667,-1.0,10,1,2,0,0
19.6667,-1.0,10,4,2,0,0
19.7500,-1.0,50,7,2,0,0
19.7500,-1.0,50,10,2,0,0
20.0,-1.0,50,2,3,0,0
20.0,-1.0,50,6,3,0,0
20.0,-1.0,81,11,2,0,0
20.0,20.2500,101,11,2,0,0
20.2500,-1.0,10,7,3,0,0
20.4167,-1.0,10,1,2,0,0
20.4167,-1.0,10,4,2,0,0
20.5000,-1.0,10,7,3,0,0
20.7500,-1.0,10,4,2,0,0
20.7500,-1.0,10,8,2,0,0
21.0,-1.0,81,1,2,0,0
21.0,21.4167,101,1,2,0,0
21.0,-1.0,50,5,3,0,0
21.0,-1.0,50,9,3,0,0
21.2500,-1.0,900,1,2,0,0
21.2500,-1.0,10,7,2,0,0
21.2500,-1.0,10,10,2,0,0
21.4167,-1.0,80,4,2,0,0
21.4167,21.7500,100,4,2,0,0
21.5000,-1.0,10,8,2,0,0
21.5000,-1.0,10,11,2,0,0
21.6667,-1.0,900,4,2,0,0
21.7500,-1.0,10,1,2,0,0
21.7500,-1.0,10,10,3,0,0
21.8958,-1.0,10,4,3,0,0
22.0,-1.0,10,1,4,0,0
22.0,-1.0,50,9,4,0,0
22.1458,-1.0,10,4,3,0,0
22.2500,-1.0,10,1,4,0,0
22.2500,-1.0,10,10,3,0,0
22.3958,-1.0,10,7,3,0,0
22.5000,-1.0,50,1,4,0,0
22.5000,-1.0,10,9,4,0,0
22.6458,-1.0,10,7,3,0,0
22.7500,-1.0,10,4,3,0,0
22.7500,-1.0,10,9,4,0,0
22.8958,-1.0,10,1,3,0,0
23.0,-1.0,83,6,2,0,0
23.0,23.5000,110,6,2,0,0
23.0625,-1.0,31,6,2,0,0
23.1250,-1.0,31,6,2,0,0
23.1875,-1.0,31,6,2,0,0
23.2500,-1.0,900,6,2,0,0
23.2500,-1.0,31,6,2,0,0
23.3125,-1.0,31,6,2,0,0
23.3750,-1.0,31,6,2,0,0
23.4375,-1.0,31,6,2,0,0
23.7500,-1.0,10,1,2,0,0
23.7500,-1.0,10,4,2,0,0
23.7500,-1.0,10,10,3,0,0
23.8958,-1.0,82,8,2,0,0
23.8958,24.5000,110,8,2,0,0
24.0,-1.0,50,1,3,0,0
24.0,-1.0,50,5,3,0,0
24.1667,-1.0,900,8,2,0,0
24.4167,-1.0,900,8,2,0,0
24.5000,-1.0,10,2,2,0,0
24.5000,-1.0,10,5,2,0,0
24.7500,-1.0,10,3,3,0,0
24.7500,-1.0,10,7,2,0,0
24.7500,-1.0,10,10,3,0,0
25.0,-1.0,81,1,2,0,0
25.0,25.2500,101,1,2,0,0
25.0,-1.0,10,4,2,0,0
25.0,-1.0,10,9,3,0,0
25.2500,-1.0,10,4,2,0,0
25.2500,-1.0,10,7,2,0,0
25.2500,-1.0,10,10,2,0,0
25.3958,-1.0,50,8,2,0,0
25.3958,-1.0,50,11,2,0,0
25.5000,-1.0,10,4,3,0,0
25.6458,-1.0,50,7,2,0,0
25.6458,-1.0,50,10,2,0,0
25.7500,-1.0,10,3,3,0,0
26.0,-1.0,50,1,4,0,0
26.0,-1.0,83,6,2,0,0
26.0,26.5000,110,6,2,0,0
26.0,-1.0,83,9,2,0,0
26.0,26.5000,110,9,2,0,0
26.2500,-1.0,900,6,2,0,0
26.2500,-1.0,900,9,2,0,0
26.7500,-1.0,10,1,3,0,0
26.7500,-1.0,10,5,2,0,0
26.7500,-1.0,10,8,2,0,0
27.0,-1.0,10,2,3,0,0
27.0,-1.0,10,6,2,0,0
27.0,-1.0,20,10,2,0,0
27.1458,-1.0,20,8,2,0,0
27.2500,-1.0,10,2,2,0,0
27.2500,-1.0,10,5,2,0,0
27.3958,-1.0,50,1,2,0,0
27.3958,-1.0,50,4,2,0,0
27.3958,-1.0,20,7,2,0,0
27.5000,-1.0,10,9,3,0,0
27.6458,-1.0,50,2,2,0,0
27.6458,-1.0,50,5,2,0,0
27.6458,-1.0,20,8,2,0,0
27.7500,-1.0,10,10,3,0,0
28.0,-1.0,83,3,2,0,0
28.0,28.5000,110,3,2,0,0
28.0,-1.0,83,6,2,0,0
28.0,28.5000,110,6,2,0,0
28.0,-1.0,50,9,4,0,0
28.2500,-1.0,900,3,2,0,0
28.2500,-1.0,900,6,2,0,0
28.7500,-1.0,10,2,2,0,0
28.7500,-1.0,10,5,2,0,0
28.7500,-1.0,82,8,2,0,0
28.7500,29.0,110,8,2,JumpScratch,4
29.0,-1.0,81,1,2,0,0
29.0,29.2500,101,1,2,0,0
29.0,-1.0,10,4,3,0,0
29.2500,-1.0,10,4,3,0,0
29.2500,-1.0,10,7,3,0,0
29.5000,-1.0,50,2,4,0,0
29.5000,-1.0,10,8,2,0,0
29.5000,-1.0,81,11,2,0,0
29.5000,29.7500,101,11,2,0,0
29.7500,-1.0,80,4,3,0,0
29.7500,30.0,100,4,3,0,0
29.7500,-1.0,80,7,3,0,0
29.7500,30.0,100,7,3,0,0
30.0,-1.0,83,1,3,0,0
30.0,30.5000,110,1,3,0,0
30.0,-1.0,10,10,3,0,0
30.2500,-1.0,900,1,3,0,0
30.2500,-1.0,10,4,3,0,0
30.2500,-1.0,10,10,3,0,0
30.4167,-1.0,10,7,3,0,0
30.5000,-1.0,10,10,3,0,0
30.6667,-1.0,10,10,3,0,0
30.7500,-1.0,50,1,3,0,0
30.7500,-1.0,10,7,3,0,0
31.0,-1.0,10,1,2,0,0
31.0,-1.0,20,4,2,0,0
31.0,-1.0,80,8,2,0,0
31.0,31.2500,100,8,2,0,0
31.1458,-1.0,20,5,2,0,0
31.2500,-1.0,10,11,2,0,0
31.3958,-1.0,20,4,2,0,0
31.3958,-1.0,50,7,3,0,0
31.3958,-1.0,50,10,3,0,0
31.6458,-1.0,20,3,2,0,0
31.6458,-1.0,50,6,3,0,0
31.6458,-1.0,50,10,3,0,0
31.8958,-1.0,82,6,2,0,0
31.8958,32.5000,110,6,2,0,0
31.8958,-1.0,82,9,2,0,0
31.8958,32.5000,110,9,2,0,0
32.0,-1.0,50,1,4,0,0
32.1667,-1.0,900,6,2,0,0
32.1667,-1.0,900,9,2,0,0
32.4167,-1.0,900,6,2,0,0
32.4167,-1.0,900,9,2,0,0
32.5000,-1.0,10,1,3,0,0
32.7500,-1.0,82,4,2,0,0
32.7500,33.0,110,4,2,JumpScratch,-4
32.7500,-1.0,10,8,3,0,0
33.0,33.2500,110,2,2,JumpScratch,4
33.0,-1.0,10,8,2,0,0
33.0,-1.0,20,11,2,0,0
33.2500,-1.0,10,6,2,0,0
33.2500,-1.0,10,9,2,0,0
33.3958,-1.0,50,7,2,0,0
33.3958,-1.0,50,10,2,0,0
33.5000,-1.0,10,3,3,0,0
33.6458,-1.0,50,8,2,0,0
33.6458,-1.0,50,11,2,0,0
33.7500,-1.0,10,4,3,0,0
34.0,-1.0,50,1,4,0,0
34.0,-1.0,83,6,2,0,0
34.0,34.5000,110,6,2,0,0
34.0,-1.0,83,9,2,0,0
34.0,34.5000,110,9,2,0,0
34.2500,-1.0,900,6,2,0,0
34.2500,-1.0,900,9,2,0,0
34.7500,-1.0,10,4,3,0,0
34.7500,-1.0,10,7,3,0,0
35.0,-1.0,20,1,3,0,0
35.0,-1.0,80,10,3,0,0
35.0,35.1458,100,10,3,0,0
35.1458,-1.0,10,1,3,0,0
35.1458,-1.0,80,7,3,0,0
35.1458,35.3958,100,7,3,0,0
35.3958,-1.0,80,4,3,0,0
35.3958,35.6667,100,4,3,0,0
35.3958,-1.0,10,10,3,0,0
35.6667,-1.0,10,1,3,0,0
35.6667,-1.0,50,7,3,0,0
35.6667,-1.0,50,10,3,0,0
36.0,-1.0,50,1,4,0,0
36.0,-1.0,50,5,4,0,0
36.0,-1.0,20,10,3,0,0
36.1667,-1.0,10,4,6,0,0
36.1667,-1.0,20,10,3,0,0
36.4167,-1.0,80,2,2,0,0
36.4167,36.6667,100,2,2,0,0
36.4167,-1.0,80,5,2,0,0
36.4167,36.6667,100,5,2,0,0
36.4167,-1.0,20,10,3,0,0
36.6667,-1.0,10,7,3,0,0
36.7500,-1.0,50,1,2,0,0
36.7500,-1.0,50,4,2,0,0
37.0,-1.0,20,1,3,0,0
37.0,-1.0,50,5,4,0,0
37.0,-1.0,50,9,4,0,0
37.1667,-1.0,20,1,3,0,0
37.1667,-1.0,10,4,6,0,0
37.4167,-1.0,20,1,3,0,0
37.4167,-1.0,80,7,2,0,0
37.4167,37.6667,100,7,2,0,0
37.4167,-1.0,80,10,2,0,0
37.4167,37.6667,100,10,2,0,0
37.6667,-1.0,10,4,3,0,0
37.7500,-1.0,50,8,2,0,0
37.7500,-1.0,50,11,2,0,0
37.9167,-1.0,10,4,3,0,0
38.0,-1.0,83,7,2,0,0
38.0,38.2500,110,7,2,JumpScratch,3
38.0,-1.0,83,10,2,0,0
38.0,38.2500,110,10,2,JumpScratch,3
38.2500,-1.0,83,2,2,0,0
38.2500,38.5000,110,2,2,JumpScratch,-3
38.2500,-1.0,83,5,2,0,0
38.2500,38.5000,110,5,2,JumpScratch,-3
38.5000,-1.0,83,7,3,0,0
38.5000,38.7500,110,7,3,JumpScratch,3
38.5000,-1.0,83,10,3,0,0
38.5000,38.7500,110,10,3,JumpScratch,3
38.7500,-1.0,83,1,3,0,0
38.7500,39.0,110,1,3,JumpScratch,-3
38.7500,-1.0,83,4,3,0,0
38.7500,39.0,110,4,3,JumpScratch,-3
39.0,-1.0,20,7,3,0,0
39.0,-1.0,20,10,3,0,0
39.1667,-1.0,10,4,3,0,0
39.2500,-1.0,50,7,3,0,0
39.2500,-1.0,50,10,3,0,0
39.4167,-1.0,10,1,2,0,0
39.4167,-1.0,10,4,2,0,0
39.5000,-1.0,10,9,4,0,0
39.5625,-1.0,10,6,4,0,0
39.6250,-1.0,10,1,4,0,0
39.6875,-1.0,10,4,4,0,0
39.7500,-1.0,10,8,4,0,0
39.8125,-1.0,10,5,4,0,0
39.8750,-1.0,10,2,4,0,0
39.9375,-1.0,10,5,4,0,0
40.0,-1.0,81,6,2,0,0
40.0,41.0,101,6,2,0,0
40.2500,-1.0,900,6,2,0,0
40.5000,-1.0,900,6,2,0,0
40.7500,-1.0,900,6,2,0,0
41.2500,-1.0,10,6,2,0,0
41.3333,-1.0,10,6,2,0,0
41.4167,-1.0,10,6,2,0,0
41.5000,-1.0,50,6,2,0,0
41.7500,-1.0,82,4,2,0,0
41.7500,41.9167,110,4,2,JumpScratch,-5
41.9167,42.1667,110,1,3,JumpScratch,4
41.9167,-1.0,83,6,2,0,0
41.9167,42.1667,110,6,2,JumpScratch,3
41.9167,-1.0,83,9,2,0,0
41.9167,42.1667,110,9,2,JumpScratch,4
42.1667,42.1979,110,2,3,JumpScratch,4
42.1667,42.1979,110,7,2,JumpScratch,4
42.1979,42.2292,110,4,2,JumpScratch,4
42.1979,42.2292,110,9,2,JumpScratch,4
42.2292,43.0,110,6,2,0,0
42.2292,42.7500,110,11,2,JumpScratch,-5
42.5833,-1.0,900,6,2,0,0
42.5833,-1.0,900,11,2,0,0
42.7500,42.8125,110,8,3,JumpScratch,-7
42.8125,42.8750,110,4,4,JumpScratch,-7
42.8750,43.0,110,1,4,0,0
43.5000,-1.0,10,1,3,0,0
43.5000,-1.0,81,10,3,0,0
43.5000,43.7500,101,10,3,0,0
43.6250,-1.0,10,4,3,0,0
43.7500,-1.0,10,6,3,0,0
43.8750,-1.0,10,4,3,0,0
44.0,-1.0,50,1,3,0,0
44.0,-1.0,20,7,2,0,0
44.0,-1.0,20,10,3,0,0
44.2500,-1.0,20,1,3,0,0
44.2500,-1.0,20,5,2,0,0
44.2500,-1.0,50,10,3,0,0
44.5000,-1.0,50,2,4,0,0
44.5000,-1.0,83,6,2,0,0
44.5000,44.7500,110,6,2,JumpScratch,3
44.5000,-1.0,83,9,3,0,0
44.5000,44.7500,110,9,3,JumpScratch,4
44.7500,-1.0,83,3,3,0,0
44.7500,45.0,110,3,3,JumpScratch,-5
44.7500,45.0,110,10,3,JumpScratch,-7
45.0,45.5000,110,1,3,JumpScratch,6
45.2500,-1.0,900,1,3,0,0
45.2500,-1.0,50,6,2,0,0
45.2500,-1.0,50,9,2,0,0
45.5000,45.7500,110,4,3,0,0
45.5000,-1.0,50,8,2,0,0
45.5000,-1.0,50,11,2,0,0
46.0,-1.0,83,1,3,0,0
46.0,46.5000,110,1,3,0,0
46.0,-1.0,50,7,3,0,0
46.0,-1.0,50,10,3,0,0
46.2500,-1.0,900,1,3,0,0
46.2500,-1.0,10,4,3,0,0
46.5000,-1.0,50,4,3,0,0
46.5000,-1.0,81,10,3,0,0
46.5000,46.9167,101,10,3,0,0
46.7500,-1.0,10,7,3,0,0
46.7500,-1.0,900,10,3,0,0
46.9167,-1.0,10,4,3,0,0
47.0,-1.0,50,7,4,0,0
47.1667,-1.0,10,1,3,0,0
47.2500,-1.0,50,7,3,0,0
47.2500,-1.0,50,10,3,0,0
47.4167,-1.0,50,1,3,0,0
47.4167,-1.0,50,4,3,0,0
47.6667,-1.0,20,7,3,0,0
47.6667,-1.0,20,10,3,0,0
47.7500,-1.0,20,5,4,0,0
47.9167,-1.0,20,1,3,0,0
47.9167,-1.0,20,4,3,0,0
48.0,-1.0,83,5,4,0,0
48.0,48.2500,110,5,4,JumpScratch,8
48.2500,48.5000,110,10,3,JumpScratch,-6
48.5000,-1.0,20,1,3,0,0
48.6667,-1.0,10,4,2,0,0
48.7500,-1.0,10,1,2,0,0
48.7500,-1.0,10,7,3,0,0
49.0,-1.0,10,4,3,0,0
49.0,-1.0,20,10,3,0,0
49.1667,-1.0,10,8,2,0,0
49.2500,-1.0,50,2,4,0,0
49.2500,-1.0,10,11,2,0,0
49.4167,-1.0,10,7,2,0,0
49.5000,-1.0,50,1,4,0,0
49.5000,-1.0,10,10,2,0,0
49.7500,-1.0,82,8,2,0,0
49.7500,49.9167,110,8,2,JumpScratch,5
49.9167,-1.0,83,3,2,0,0
49.9167,50.1667,110,3,2,JumpScratch,-4
49.9167,-1.0,83,6,2,0,0
49.9167,50.1667,110,6,2,JumpScratch,-3
49.9167,50.1667,110,10,3,JumpScratch,-4
50.1667,50.1979,110,5,2,JumpScratch,-4
50.1667,50.1979,110,9,3,JumpScratch,-4
50.1979,50.2292,110,3,2,JumpScratch,-4
50.1979,50.2292,110,8,2,JumpScratch,-4
50.2292,50.7500,110,1,2,JumpScratch,5
50.2292,51.0,110,6,2,0,0
50.5833,-1.0,900,1,2,0,0
50.5833,-1.0,900,6,2,0,0
50.7500,50.8125,110,3,3,JumpScratch,7
50.8750,51.0,110,9,4,0,0
50.8125,50.8750,110,6,4,JumpScratch,7
51.5000,-1.0,81,1,3,0,0
51.5000,51.7500,101,1,3,0,0
51.5000,-1.0,10,10,3,0,0
51.6250,-1.0,10,7,3,0,0
51.7500,-1.0,10,5,3,0,0
51.8750,-1.0,10,7,3,0,0
52.0,-1.0,20,1,3,0,0
52.0,-1.0,20,5,2,0,0
52.0,-1.0,50,10,3,0,0
52.2500,-1.0,50,1,3,0,0
52.2500,-1.0,20,7,2,0,0
52.2500,-1.0,20,10,3,0,0
52.5000,-1.0,83,2,3,0,0
52.5000,52.7500,110,2,3,JumpScratch,-4
52.5000,-1.0,83,6,2,0,0
52.5000,52.7500,110,6,2,JumpScratch,-3
52.5000,-1.0,50,8,4,0,0
52.7500,53.0,110,1,3,JumpScratch,7
52.7500,-1.0,83,8,3,0,0
52.7500,53.0,110,8,3,JumpScratch,5
53.0,53.5000,110,10,3,JumpScratch,-5
53.2500,-1.0,50,3,2,0,0
53.2500,-1.0,50,6,2,0,0
53.2500,-1.0,900,10,3,0,0
53.5000,-1.0,50,1,2,0,0
53.5000,-1.0,50,4,2,0,0
53.6667,-1.0,10,7,3,0,0
53.7500,-1.0,10,1,3,0,0
53.7500,-1.0,10,5,2,0,0
53.9167,-1.0,10,8,3,0,0
54.0,-1.0,10,2,3,0,0
54.0,-1.0,80,6,2,0,0
54.0,54.2500,100,6,2,0,0
54.2500,-1.0,50,8,2,0,0
54.2500,-1.0,50,11,2,0,0
54.5000,-1.0,50,3,4,0,0
54.5000,-1.0,80,7,2,0,0
54.5000,54.6667,100,7,2,0,0
54.5000,-1.0,10,10,2,0,0
54.6667,-1.0,50,1,4,0,0
54.8750,-1.0,10,7,2,0,0
55.0,-1.0,82,4,2,0,0
55.0,55.2500,110,4,2,0,0
55.0,-1.0,10,10,3,0,0
55.2500,-1.0,82,7,2,0,0
55.2500,55.4167,110,7,2,0,0
55.2500,-1.0,82,10,3,0,0
55.2500,55.4167,110,10,3,0,0
55.6667,-1.0,82,4,3,0,0
55.6667,55.7500,110,4,3,0,0
55.7500,-1.0,10,7,3,0,0
55.7500,-1.0,10,11,2,0,0
55.9167,-1.0,82,7,3,0,0
55.9167,56.0,110,7,3,0,0
56.0,-1.0,10,1,2,0,0
56.0,-1.0,10,4,3,0,0
56.5000,-1.0,20,1,3,0,0
56.5000,-1.0,20,10,3,0,0
56.7500,-1.0,20,2,3,0,0
56.7500,-1.0,81,6,2,0,0
56.7500,57.2500,101,6,2,0,0
56.7500,-1.0,20,9,3,0,0
57.0,-1.0,900,6,2,0,0
57.2500,-1.0,81,4,2,0,0
57.2500,57.5000,101,4,2,0,0
57.2500,-1.0,81,8,2,0,0
57.2500,57.5000,101,8,2,0,0
57.5000,-1.0,83,1,3,0,0
57.5000,57.7500,110,1,3,0,0
57.5000,-1.0,83,10,3,0,0
57.5000,57.7500,110,10,3,0,0
58.0,-1.0,10,1,3,0,0
58.0,-1.0,83,10,3,0,0
58.0,59.4167,110,10,3,0,0
58.1667,-1.0,10,4,2,0,0
58.1667,-1.0,40,10,3,0,0
58.2500,-1.0,10,1,3,0,0
58.2500,-1.0,900,10,3,0,0
58.2500,-1.0,40,10,3,0,0
58.5000,-1.0,10,4,2,0,0
58.5000,-1.0,83,8,2,0,0
58.5000,59.4167,110,8,2,0,0
58.5000,-1.0,900,10,3,0,0
58.5000,-1.0,31,10,3,0,0
58.6667,-1.0,10,1,3,0,0
58.6667,-1.0,40,8,2,0,0
58.6667,-1.0,40,10,3,0,0
58.7500,-1.0,10,4,2,0,0
58.7500,-1.0,900,8,2,0,0
58.7500,-1.0,40,8,2,0,0
58.7500,-1.0,900,10,3,0,0
58.7500,-1.0,40,10,3,0,0
59.0,-1.0,80,1,3,0,0
59.0,59.4167,100,1,3,0,0
59.0,-1.0,83,6,2,0,0
59.0,59.4167,110,6,2,0,0
59.0,-1.0,900,8,2,0,0
59.0,-1.0,31,8,2,0,0
59.0,-1.0,900,10,3,0,0
59.0,-1.0,31,10,3,0,0
59.2500,-1.0,900,1,3,0,0
59.2500,-1.0,900,6,2,0,0
59.2500,-1.0,900,8,2,0,0
59.2500,-1.0,900,10,3,0,0
59.7500,-1.0,10,4,2,0,0
59.8750,-1.0,10,6,2,0,0
60.0,-1.0,83,1,3,0,0
60.0,60.7500,110,1,3,0,0
60.0,-1.0,10,10,3,0,0
60.1250,-1.0,40,1,3,0,0
60.1250,-1.0,10,6,2,0,0
60.2500,-1.0,900,1,3,0,0
60.2500,-1.0,40,1,3,0,0
60.2500,-1.0,10,8,2,0,0
60.3750,-1.0,40,1,3,0,0
60.3750,-1.0,10,6,2,0,0
60.5000,-1.0,900,1,3,0,0
60.5000,-1.0,31,1,3,0,0
60.5000,-1.0,83,4,2,0,0
60.5000,60.7500,110,4,2,0,0
60.5000,-1.0,80,10,3,0,0
60.5000,60.7500,100,10,3,0,0
61.0,-1.0,10,6,2,0,0
61.2500,-1.0,80,4,2,0,0
61.2500,61.5000,100,4,2,0,0
61.2500,-1.0,81,10,3,0,0
61.2500,61.5000,101,10,3,0,0
61.5000,-1.0,80,1,3,0,0
61.5000,61.7500,100,1,3,0,0
61.5000,-1.0,81,8,2,0,0
61.5000,61.7500,101,8,2,0,0
61.7500,-1.0,10,4,2,0,0
61.7500,-1.0,81,6,2,0,0
61.7500,62.0,101,6,2,0,0
62.0,-1.0,83,1,2,0,0
62.0,62.2500,110,1,2,JumpScratch,7
62.0,-1.0,83,4,2,0,0
62.0,62.5000,110,4,2,JumpScratch,9
62.0,-1.0,83,8,2,0,0
62.0,63.0,110,8,2,JumpScratch,-9
62.0,-1.0,83,11,2,0,0
62.0,62.3750,110,11,2,JumpScratch,-12
62.2500,63.2500,110,6,2,JumpScratch,4
62.2500,-1.0,900,8,2,0,0
62.2500,-1.0,900,11,2,0,0
62.3750,62.8750,110,1,2,JumpScratch,12
62.5000,62.7500,110,11,2,JumpScratch,-9
62.6250,-1.0,900,1,2,0,0
62.7500,63.3750,110,4,2,0,0
62.8750,63.3750,110,11,2,0,0
63.0,63.3750,110,1,2,0,0
63.1250,-1.0,900,11,2,0,0
63.2500,-1.0,900,1,2,0,0
63.2500,-1.0,900,4,2,0,0
63.2500,63.3750,110,8,2,0,0
63.6667,-1.0,10,4,3,0,0
63.7500,-1.0,10,1,4,0,0
63.7500,-1.0,50,9,4,0,0
63.9167,-1.0,10,4,3,0,0
64.0,-1.0,50,1,4,0,0
64.0,-1.0,81,8,2,0,0
64.0,64.2500,101,8,2,0,0
64.0,-1.0,81,11,2,0,0
64.0,64.2500,101,11,2,0,0
64.2500,-1.0,10,1,3,0,0
64.3750,-1.0,82,7,3,0,0
64.3750,64.5000,110,7,3,JumpScratch,6
64.5000,-1.0,20,1,3,0,0
64.5000,-1.0,20,5,2,0,0
64.7500,-1.0,82,8,3,0,0
64.7500,64.8750,110,8,3,JumpScratch,5
64.8750,-1.0,20,1,4,0,0
64.8750,-1.0,81,6,2,0,0
64.8750,65.5000,101,6,2,0,0
65.1250,-1.0,900,6,2,0,0
65.2500,-1.0,50,8,2,0,0
65.2500,-1.0,50,10,3,0,0
65.3750,-1.0,900,6,2,0,0
65.5000,-1.0,50,8,2,0,0
65.5000,-1.0,50,10,3,0,0
66.0,-1.0,83,1,3,0,0
66.0,67.4167,110,1,3,0,0
66.0,-1.0,10,10,3,0,0
66.1667,-1.0,40,1,3,0,0
66.1667,-1.0,10,8,2,0,0
66.2500,-1.0,900,1,3,0,0
66.2500,-1.0,40,1,3,0,0
66.2500,-1.0,10,10,3,0,0
66.5000,-1.0,900,1,3,0,0
66.5000,-1.0,31,1,3,0,0
66.5000,-1.0,83,4,2,0,0
66.5000,67.4167,110,4,2,0,0
66.5000,-1.0,10,8,2,0,0
66.6667,-1.0,40,1,3,0,0
66.6667,-1.0,40,4,2,0,0
66.6667,-1.0,10,10,3,0,0
66.7500,-1.0,900,1,3,0,0
66.7500,-1.0,40,1,3,0,0
66.7500,-1.0,900,4,2,0,0
66.7500,-1.0,40,4,2,0,0
66.7500,-1.0,10,8,2,0,0
67.0,-1.0,900,1,3,0,0
67.0,-1.0,31,1,3,0,0
67.0,-1.0,900,4,2,0,0
67.0,-1.0,31,4,2,0,0
67.0,-1.0,83,6,2,0,0
67.0,67.4167,110,6,2,0,0
67.0,-1.0,80,10,3,0,0
67.0,67.4167,100,10,3,0,0
67.2500,-1.0,900,1,3,0,0
67.2500,-1.0,900,4,2,0,0
67.2500,-1.0,900,6,2,0,0
67.2500,-1.0,900,10,3,0,0
67.7500,-1.0,10,8,2,0,0
67.8750,-1.0,10,4,2,0,0
68.0,-1.0,10,1,3,0,0
68.0,-1.0,83,10,3,0,0
68.0,68.7500,110,10,3,0,0
68.1250,-1.0,10,6,2,0,0
68.1250,-1.0,40,10,3,0,0
68.2500,-1.0,10,1,3,0,0
68.2500,-1.0,900,10,3,0,0
68.2500,-1.0,40,10,3,0,0
68.3750,-1.0,10,4,2,0,0
68.3750,-1.0,40,10,3,0,0
68.5000,-1.0,80,1,3,0,0
68.5000,68.7500,100,1,3,0,0
68.5000,-1.0,83,8,2,0,0
68.5000,68.7500,110,8,2,0,0
68.5000,-1.0,900,10,3,0,0
68.5000,-1.0,31,10,3,0,0
69.0,-1.0,10,6,2,0,0
69.2500,-1.0,81,1,3,0,0
69.2500,69.5000,101,1,3,0,0
69.2500,-1.0,80,8,2,0,0
69.2500,69.5000,100,8,2,0,0
69.5000,-1.0,81,4,2,0,0
69.5000,69.7500,101,4,2,0,0
69.5000,-1.0,80,10,3,0,0
69.5000,69.7500,100,10,3,0,0
69.7500,-1.0,81,6,2,0,0
69.7500,70.0,101,6,2,0,0
69.7500,-1.0,10,8,2,0,0
70.0,-1.0,10,4,2,0,0
70.0,-1.0,80,11,2,0,0
70.0,70.2500,100,11,2,0,0
70.2500,-1.0,10,1,3,0,0
70.2500,-1.0,10,5,2,0,0
70.3750,-1.0,10,8,3,0,0
70.5000,-1.0,50,2,3,0,0
70.5000,-1.0,50,5,3,0,0
70.6250,-1.0,10,7,3,0,0
70.7500,-1.0,10,1,3,0,0
70.7500,-1.0,10,10,3,0,0
70.8750,-1.0,10,7,3,0,0
71.0,-1.0,82,4,3,0,0
71.0,71.2500,110,4,3,0,0
71.2500,-1.0,80,7,3,0,0
71.2500,71.5000,100,7,3,0,0
71.2500,-1.0,80,11,2,0,0
71.2500,71.5000,100,11,2,0,0
71.5000,-1.0,10,1,3,0,0
71.6667,-1.0,10,3,3,0,0
71.7500,-1.0,10,7,2,0,0
71.7500,-1.0,10,10,2,0,0
71.9167,-1.0,82,4,3,0,0
71.9167,72.0,110,4,3,JumpScratch,-5
72.0,-1.0,80,8,2,0,0
72.0,72.2500,100,8,2,0,0
72.0,-1.0,80,11,2,0,0
72.0,72.2500,100,11,2,0,0
72.2500,-1.0,10,5,3,0,0
72.3750,-1.0,50,7,3,0,0
72.3750,-1.0,50,10,3,0,0
72.6250,-1.0,10,5,3,0,0
72.7500,-1.0,50,6,3,0,0
72.7500,-1.0,50,9,3,0,0
72.8750,-1.0,10,4,3,0,0
73.0,-1.0,10,1,3,0,0
73.0,-1.0,10,10,3,0,0
73.1250,-1.0,82,5,4,0,0
73.1250,73.6667,110,5,4,0,0
73.3750,-1.0,900,5,4,0,0
73.5000,-1.0,82,1,3,0,0
73.5000,73.6667,110,1,3,0,0
73.5000,-1.0,31,5,4,0,0
73.5000,-1.0,82,10,3,0,0
73.5000,73.6667,110,10,3,0,0
74.0,-1.0,82,1,3,0,0
74.0,77.0,110,1,3,0,0
74.0,-1.0,10,8,2,0,0
74.0,-1.0,10,11,2,0,0
74.1667,-1.0,10,7,2,0,0
74.1667,-1.0,10,10,2,0,0
74.2500,-1.0,900,1,3,0,0
74.4167,-1.0,10,6,2,0,0
74.4167,-1.0,10,9,2,0,0
74.5000,-1.0,900,1,3,0,0
74.5000,-1.0,31,1,3,0,0
74.6458,-1.0,10,7,2,0,0
74.7500,-1.0,900,1,3,0,0
74.7500,-1.0,10,10,2,0,0
74.8958,-1.0,10,8,2,0,0
75.0,-1.0,900,1,3,0,0
75.0,-1.0,40,1,3,0,0
75.0,-1.0,10,11,2,0,0
75.2500,-1.0,900,1,3,0,0
75.2500,-1.0,10,8,2,0,0
75.2500,-1.0,10,11,2,0,0
75.5000,-1.0,900,1,3,0,0
75.5000,-1.0,31,1,3,0,0
75.5000,-1.0,10,7,2,0,0
75.5000,-1.0,10,10,2,0,0
75.7500,-1.0,900,1,3,0,0
76.0,-1.0,900,1,3,0,0
76.0,-1.0,40,1,3,0,0
76.0,-1.0,10,7,2,0,0
76.0,-1.0,10,11,2,0,0
76.2500,-1.0,900,1,3,0,0
76.4167,-1.0,10,7,2,0,0
76.4167,-1.0,10,10,2,0,0
76.5000,-1.0,900,1,3,0,0
76.5000,-1.0,31,1,3,0,0
76.7500,-1.0,900,1,3,0,0
76.7500,-1.0,10,7,2,0,0
76.7500,-1.0,10,9,2,0,0
77.0,-1.0,10,10,3,0,0
77.2500,-1.0,80,6,2,0,0
77.2500,77.3125,100,6,2,0,0
77.5000,-1.0,80,6,2,0,0
77.5000,77.5625,100,6,2,0,0
77.7500,-1.0,80,6,2,0,0
77.7500,77.8125,100,6,2,0,0
78.0,-1.0,83,5,2,0,0
78.0,78.5000,110,5,2,JumpScratch,-4
78.0,-1.0,50,7,3,0,0
78.0,-1.0,50,10,3,0,0
78.2500,-1.0,900,5,2,0,0
78.4167,-1.0,10,7,3,0,0
78.5000,78.7500,110,3,2,JumpScratch,-4
78.5000,-1.0,10,10,3,0,0
78.6667,-1.0,10,5,3,0,0
78.7500,79.0,110,1,2,0,0
78.7500,-1.0,10,8,5,0,0
78.9167,-1.0,10,3,3,0,0
79.0,-1.0,20,6,7,0,0
79.5000,-1.0,10,1,3,0,0
79.5000,-1.0,10,4,3,0,0
79.5000,-1.0,82,7,2,0,0
79.5000,79.9167,110,7,2,JumpScratch,6
79.7500,-1.0,10,4,3,0,0
79.7500,-1.0,900,7,2,0,0
79.9167,-1.0,80,1,3,0,0
79.9167,80.1667,100,1,3,0,0
79.9167,80.5000,110,11,2,JumpScratch,-4
80.1667,-1.0,80,5,3,0,0
80.1667,80.4167,100,5,3,0,0
80.1667,-1.0,900,11,2,0,0
80.1667,-1.0,31,11,2,0,0
80.4167,-1.0,10,2,3,0,0
80.4167,-1.0,900,11,2,0,0
80.5000,-1.0,10,5,3,0,0
80.5000,80.7500,110,9,2,JumpScratch,-4
80.7500,-1.0,50,3,3,JumpScratch,-3
80.7500,81.0,110,7,2,JumpScratch,-4
81.0,-1.0,50,1,3,JumpScratch,-3
81.4167,-1.0,10,4,3,0,0
81.5000,-1.0,10,8,2,0,0
81.5000,-1.0,10,11,2,0,0
81.6667,-1.0,10,3,3,0,0
81.7500,-1.0,10,7,2,0,0
81.7500,-1.0,10,10,3,0,0
81.9167,-1.0,10,2,3,0,0
82.0,-1.0,83,6,2,0,0
82.0,82.1667,110,6,2,JumpScratch,7
82.0,-1.0,10,9,4,0,0
82.1667,-1.0,10,1,3,0,0
82.1667,82.5000,110,11,2,JumpScratch,-4
82.4167,-1.0,10,6,3,0,0
82.4167,-1.0,900,11,2,0,0
82.5000,-1.0,10,1,5,0,0
82.5000,82.7500,110,9,2,JumpScratch,-4
82.6667,-1.0,10,5,3,0,0
82.7500,-1.0,10,1,4,0,0
82.7500,83.0,110,7,2,JumpScratch,6
82.9167,-1.0,10,4,3,0,0
83.0,-1.0,20,1,3,0,0
83.5000,-1.0,50,2,4,0,0
83.5000,-1.0,80,10,3,0,0
83.5000,83.7500,100,10,3,0,0
83.7500,-1.0,10,4,3,0,0
83.7500,-1.0,10,7,3,0,0
83.9167,-1.0,50,1,4,0,0
83.9167,-1.0,82,7,3,0,0
83.9167,84.1667,110,7,3,0,0
84.1667,-1.0,82,5,2,0,0
84.1667,84.5000,110,5,2,JumpScratch,-4
84.4167,-1.0,900,5,2,0,0
84.4167,-1.0,10,10,3,0,0
84.5000,84.7500,110,3,2,JumpScratch,-4
84.5000,-1.0,10,7,3,0,0
84.6667,-1.0,10,8,5,0,0
84.7500,85.0,110,1,2,0,0
84.7500,-1.0,10,5,3,0,0
84.9167,-1.0,10,6,7,0,0
85.0,-1.0,20,3,3,0,0
85.2500,-1.0,10,1,2,0,0
85.2500,-1.0,10,6,2,0,0
85.5000,-1.0,10,3,2,0,0
85.5000,-1.0,80,8,2,0,0
85.5000,85.7500,100,8,2,0,0
85.7500,-1.0,10,5,2,0,0
85.7500,-1.0,10,10,3,0,0
85.8750,-1.0,10,7,3,0,0
86.0,-1.0,50,1,3,0,0
86.0,-1.0,50,4,3,0,0
86.0,-1.0,81,10,3,0,0
86.0,86.2500,101,10,3,0,0
86.2500,-1.0,80,7,3,0,0
86.2500,86.7500,100,7,3,0,0
86.4167,-1.0,10,1,3,0,0
86.5000,-1.0,10,3,4,0,0
86.5000,-1.0,900,7,3,0,0
86.5000,-1.0,10,10,3,0,0
86.7500,-1.0,10,1,2,0,0
86.7500,-1.0,10,4,2,0,0
87.0,-1.0,81,1,3,0,0
87.0,87.2500,101,1,3,0,0
87.0,-1.0,50,7,3,0,0
87.0,-1.0,50,10,3,0,0
87.2500,-1.0,80,4,3,0,0
87.2500,87.7500,100,4,3,0,0
87.4167,-1.0,10,10,3,0,0
87.5000,-1.0,10,1,3,0,0
87.5000,-1.0,900,4,3,0,0
87.5000,-1.0,10,7,4,0,0
87.7500,-1.0,10,8,2,0,0
87.7500,-1.0,10,11,2,0,0
88.0,-1.0,50,1,3,0,0
88.0,-1.0,50,4,3,0,0
88.0,-1.0,81,10,3,0,0
88.0,88.2500,101,10,3,0,0
88.2500,-1.0,80,7,3,0,0
88.2500,88.7500,100,7,3,0,0
88.4167,-1.0,10,1,3,0,0
88.5000,-1.0,10,3,4,0,0
88.5000,-1.0,900,7,3,0,0
88.5000,-1.0,10,10,3,0,0
88.7500,-1.0,10,1,2,0,0
88.7500,-1.0,10,4,2,0,0
89.0,-1.0,50,1,3,0,0
89.0,-1.0,50,10,3,0,0
89.2500,-1.0,80,6,2,0,0
89.2500,89.5000,100,6,2,0,0
89.5000,-1.0,80,1,3,0,0
89.5000,89.7500,100,1,3,0,0
89.5000,-1.0,80,10,3,0,0
89.5000,89.7500,100,10,3,0,0
89.6250,-1.0,10,7,3,0,0
89.7500,-1.0,10,4,3,0,0
89.8750,-1.0,10,7,3,0,0
90.0,-1.0,83,4,3,0,0
90.0,90.2500,110,4,3,0,0
90.0,-1.0,10,10,3,0,0
90.2500,-1.0,80,7,2,0,0
90.2500,90.5000,100,7,2,0,0
90.2500,-1.0,80,10,3,0,0
90.2500,90.5000,100,10,3,0,0
90.5000,-1.0,83,3,3,0,0
90.5000,90.7500,110,3,3,0,0
90.7500,-1.0,80,6,2,0,0
90.7500,91.0,100,6,2,0,0
90.7500,-1.0,80,9,4,0,0
90.7500,91.0,100,9,4,0,0
91.0,-1.0,20,2,3,0,0
91.4167,-1.0,10,6,3,0,0
91.5000,-1.0,10,1,3,0,0
91.5000,-1.0,20,9,4,0,0
91.6250,-1.0,10,4,3,0,0
91.7500,-1.0,20,6,3,0,0
91.7500,-1.0,10,10,3,0,0
91.8750,-1.0,10,4,3,0,0
92.0,-1.0,10,1,3,0,0
92.0,-1.0,83,7,3,0,0
92.0,92.2500,110,7,3,0,0
92.2500,-1.0,80,1,3,0,0
92.2500,92.5000,100,1,3,0,0
92.2500,-1.0,80,5,2,0,0
92.2500,92.5000,100,5,2,0,0
92.5000,-1.0,83,8,3,0,0
92.5000,92.7500,110,8,3,0,0
92.7500,-1.0,80,1,4,0,0
92.7500,93.0,100,1,4,0,0
92.7500,-1.0,80,6,2,0,0
92.7500,93.0,100,6,2,0,0
93.0,-1.0,20,9,3,0,0
93.2500,-1.0,10,1,3,0,0
93.2500,-1.0,10,7,2,0,0
93.2500,-1.0,10,10,2,0,0
93.5000,-1.0,10,2,2,0,0
93.5000,-1.0,10,5,2,0,0
93.5000,-1.0,10,10,3,0,0
93.6667,-1.0,10,7,3,0,0
93.7500,-1.0,10,1,2,0,0
93.7500,-1.0,10,4,2,0,0
93.9167,-1.0,10,4,3,0,0
94.0,-1.0,82,8,2,0,0
94.0,95.7500,110,8,2,JumpScratch,-5
94.0,-1.0,82,11,2,0,0
94.0,95.7500,110,11,2,JumpScratch,-3
94.1667,-1.0,40,8,2,0,0
94.1667,-1.0,40,11,2,0,0
94.2500,-1.0,900,8,2,0,0
94.2500,-1.0,40,8,2,0,0
94.2500,-1.0,900,11,2,0,0
94.2500,-1.0,40,11,2,0,0
94.4167,-1.0,40,8,2,0,0
94.4167,-1.0,40,11,2,0,0
94.5000,-1.0,20,1,12,0,0
94.7500,-1.0,20,1,12,0,0
95.0,-1.0,900,8,2,0,0
95.0,-1.0,40,8,2,0,0
95.0,-1.0,900,11,2,0,0
95.0,-1.0,40,11,2,0,0
95.1667,-1.0,40,8,2,0,0
95.1667,-1.0,40,11,2,0,0
95.2500,-1.0,20,1,12,0,0
95.5000,-1.0,20,1,12,0,0
95.7500,96.8750,110,5,4,JumpScratch,8
96.0,-1.0,81,1,3,0,0
96.0,96.1667,101,1,3,0,0
96.0,-1.0,900,5,4,0,0
96.0,-1.0,81,10,3,0,0
96.0,96.1667,101,10,3,0,0
96.2500,-1.0,81,1,4,0,0
96.2500,96.4167,101,1,4,0,0
96.2500,-1.0,900,5,4,0,0
96.2500,-1.0,81,9,4,0,0
96.2500,96.4167,101,9,4,0,0
96.5000,-1.0,20,1,6,0,0
96.6250,-1.0,20,7,6,0,0
96.7500,-1.0,20,1,6,0,0
96.8750,97.1250,110,8,5,0,0
97.1250,-1.0,81,3,5,0,0
97.1250,97.5000,101,3,5,0,0
97.3750,-1.0,900,3,5,0,0
97.5000,-1.0,10,8,5,0,0
97.6250,-1.0,10,5,4,0,0
97.7500,-1.0,10,2,3,0,0
97.7500,-1.0,10,9,3,0,0
98.0,-1.0,82,1,2,0,0
98.0,99.8750,110,1,2,JumpScratch,3
98.0,-1.0,82,4,2,0,0
98.0,99.8750,110,4,2,JumpScratch,9
98.1667,-1.0,40,1,2,0,0
98.1667,-1.0,40,4,2,0,0
98.2500,-1.0,900,1,2,0,0
98.2500,-1.0,40,1,2,0,0
98.2500,-1.0,900,4,2,0,0
98.2500,-1.0,40,4,2,0,0
98.4167,-1.0,40,1,2,0,0
98.4167,-1.0,40,4,2,0,0
98.5000,-1.0,20,1,12,0,0
98.7500,-1.0,20,1,12,0,0
99.0,-1.0,900,1,2,0,0
99.0,-1.0,40,1,2,0,0
99.0,-1.0,900,4,2,0,0
99.0,-1.0,40,4,2,0,0
99.1667,-1.0,40,1,2,0,0
99.1667,-1.0,40,4,2,0,0
99.2500,-1.0,20,1,12,0,0
99.5000,-1.0,20,1,12,0,0
99.6667,-1.0,40,1,2,0,0
99.6667,-1.0,40,4,2,0,0
99.7500,-1.0,900,1,2,0,0
99.7500,-1.0,40,1,2,0,0
99.7500,-1.0,900,4,2,0,0
99.7500,-1.0,40,4,2,0,0
99.8750,100.1250,110,9,4,JumpScratch,-8
100.1250,100.8750,110,5,4,0,0
100.3750,-1.0,20,1,6,0,0
100.5000,-1.0,20,7,6,0,0
100.6250,-1.0,20,1,6,0,0
100.7500,-1.0,20,7,6,0,0
100.8750,101.1250,110,6,2,0,0
101.5000,-1.0,50,1,12,0,0
102.0,-1.0,81,1,3,0,0
102.0,102.2500,101,1,3,0,0
102.0,-1.0,50,7,3,0,0
102.0,-1.0,50,11,2,0,0
102.2500,-1.0,10,4,3,0,0
102.2500,-1.0,50,8,3,0,0
102.5000,-1.0,50,1,2,0,0
102.5000,-1.0,50,4,3,0,0
102.5000,-1.0,80,10,3,0,0
102.5000,102.7500,100,10,3,0,0
102.7500,-1.0,10,7,3,0,0
102.9167,-1.0,10,4,3,0,0
103.0,-1.0,81,1,3,0,0
103.0,103.2500,101,1,3,0,0
103.0,-1.0,50,10,3,0,0
103.1667,-1.0,10,4,3,0,0
103.2500,-1.0,10,7,4,0,0
103.5000,-1.0,50,1,2,0,0
103.5000,-1.0,50,4,3,0,0
103.5000,-1.0,80,10,3,0,0
103.5000,103.7500,100,10,3,0,0
103.7500,-1.0,10,4,3,0,0
103.7500,-1.0,10,7,3,0,0
104.0,-1.0,81,1,3,0,0
104.0,104.2500,101,1,3,0,0
104.0,-1.0,50,9,4,0,0
104.1667,-1.0,10,7,3,0,0
104.2500,-1.0,10,9,4,0,0
104.4167,-1.0,10,4,3,0,0
104.5000,-1.0,50,1,4,0,0
104.5000,-1.0,80,10,3,0,0
104.5000,104.7500,100,10,3,0,0
104.6667,-1.0,10,7,3,0,0
104.7500,-1.0,10,4,3,0,0
104.9167,-1.0,10,7,3,0,0
105.0,-1.0,81,1,3,0,0
105.0,105.2500,101,1,3,0,0
105.0,-1.0,10,10,3,0,0
105.1667,-1.0,10,4,3,0,0
105.2500,-1.0,50,7,2,0,0
105.2500,-1.0,50,10,3,0,0
105.5000,-1.0,10,1,3,0,0
105.5000,-1.0,50,7,2,0,0
105.5000,-1.0,50,10,3,0,0
105.6667,-1.0,10,4,3,0,0
105.7500,-1.0,10,1,3,0,0
105.7500,-1.0,10,7,3,0,0
106.0,-1.0,50,1,4,0,0
106.0,-1.0,81,10,3,0,0
106.0,106.2500,101,10,3,0,0
106.1667,-1.0,10,4,3,0,0
106.2500,-1.0,10,1,4,0,0
106.4167,-1.0,10,7,3,0,0
106.5000,-1.0,80,1,3,0,0
106.5000,106.7500,100,1,3,0,0
106.5000,-1.0,50,9,4,0,0
106.7500,-1.0,10,7,3,0,0
106.9167,-1.0,10,4,3,0,0
107.0,-1.0,50,1,4,0,0
107.0,-1.0,81,10,3,0,0
107.0,107.2500,101,10,3,0,0
107.1667,-1.0,10,7,3,0,0
107.2500,-1.0,10,4,3,0,0
107.5000,-1.0,82,3,3,0,0
107.5000,107.7500,110,3,3,JumpScratch,-5
107.5000,-1.0,10,7,3,0,0
107.5000,-1.0,10,10,3,0,0
107.7500,108.0,110,1,3,0,0
107.7500,-1.0,10,6,3,0,0
107.7500,-1.0,10,9,3,0,0
108.0,-1.0,50,5,3,0,0
108.0,-1.0,50,8,3,0,0
110.0,-1.0,81,1,3,0,0
110.0,110.1667,101,1,3,0,0
110.0,-1.0,50,7,3,0,0
110.0,-1.0,50,10,3,0,0
110.1667,-1.0,10,4,3,0,0
110.2500,-1.0,10,6,3,0,0
110.2500,-1.0,10,9,3,0,0
110.5000,-1.0,50,1,3,0,0
110.5000,-1.0,50,4,3,0,0
110.5000,-1.0,81,10,3,0,0
110.5000,110.6667,101,10,3,0,0
110.6667,-1.0,10,7,3,0,0
110.7500,-1.0,10,2,3,0,0
110.7500,-1.0,10,5,3,0,0
111.0,-1.0,83,1,3,0,0
111.0,111.3750,110,1,3,0,0
111.0,-1.0,82,7,2,0,0
111.0,111.3750,110,7,2,0,0
111.0,-1.0,82,10,2,0,0
111.0,111.3750,110,10,2,0,0
111.2500,-1.0,900,1,3,0,0
111.2500,-1.0,900,7,2,0,0
111.2500,-1.0,900,10,2,0,0
111.7500,-1.0,10,4,3,0,0
111.8750,-1.0,10,7,3,0,0
112.0,-1.0,83,1,3,0,0
112.0,112.2500,110,1,3,0,0
112.0,-1.0,10,10,3,0,0
112.1250,-1.0,10,7,3,0,0
112.2500,-1.0,10,9,4,0,0
112.3750,-1.0,10,6,3,0,0
112.5000,-1.0,80,1,3,0,0
112.5000,112.7500,100,1,3,0,0
112.5000,-1.0,83,8,5,0,0
112.5000,112.7500,110,8,5,0,0
112.7500,-1.0,10,4,3,0,0
113.0,-1.0,82,5,2,0,0
113.0,114.0,110,5,2,0,0
113.0,-1.0,10,7,3,0,0
113.2500,-1.0,900,5,2,0,0
113.2500,-1.0,81,10,3,0,0
113.2500,113.5000,101,10,3,0,0
113.5000,-1.0,900,5,2,0,0
113.5000,-1.0,81,7,2,0,0
113.5000,113.7500,101,7,2,0,0
113.7500,-1.0,83,1,3,0,0
113.7500,114.0,110,1,3,0,0
113.7500,-1.0,900,5,2,0,0
114.0,-1.0,10,10,3,0,0
114.1667,-1.0,10,7,3,0,0
114.4167,-1.0,10,4,3,0,0
114.4167,-1.0,10,8,2,0,0
114.5000,-1.0,50,10,3,0,0
114.6667,-1.0,10,1,3,0,0
114.7500,-1.0,10,5,2,0,0
114.7500,-1.0,10,10,3,0,0
114.9167,-1.0,80,3,3,0,0
114.9167,115.2500,100,3,3,0,0
115.0,-1.0,20,10,2,0,0
115.0313,-1.0,20,7,2,0,0
115.1667,-1.0,900,3,3,0,0
115.2500,-1.0,20,11,2,0,0
115.2813,-1.0,20,8,2,0,0
115.5000,-1.0,50,1,3,0,0
115.5000,-1.0,20,7,2,0,0
115.6250,-1.0,10,4,2,0,0
115.6250,-1.0,20,10,2,0,0
115.8750,-1.0,20,11,2,0,0
115.9375,-1.0,20,8,2,0,0
116.0,-1.0,81,5,2,0,0
116.0,116.1667,101,5,2,0,0
116.1667,-1.0,20,2,2,0,0
116.2500,-1.0,20,7,2,0,0
116.2500,-1.0,20,10,2,0,0
116.5000,-1.0,50,1,3,0,0
116.5000,-1.0,81,8,3,0,0
116.5000,116.7500,101,8,3,0,0
116.6667,-1.0,10,5,2,0,0
116.7500,-1.0,10,2,3,0,0
117.0,-1.0,83,3,3,0,0
117.0,117.2500,110,3,3,0,0
117.0,-1.0,50,10,3,0,0
117.1667,-1.0,10,7,2,0,0
117.2500,-1.0,10,9,3,0,0
117.5000,-1.0,50,2,3,0,0
117.5000,-1.0,50,6,2,0,0
117.5000,-1.0,50,9,3,0,0
117.7500,-1.0,10,3,3,0,0
117.7500,-1.0,10,8,3,0,0
117.9167,-1.0,10,7,2,0,0
118.0,-1.0,50,1,3,0,0
118.0,-1.0,50,4,3,0,0
118.0,-1.0,81,10,3,0,0
118.0,118.1667,101,10,3,0,0
118.1667,-1.0,10,7,3,0,0
118.2500,-1.0,10,2,3,0,0
118.2500,-1.0,10,5,3,0,0
118.5000,-1.0,81,1,3,0,0
118.5000,118.6667,101,1,3,0,0
118.5000,-1.0,50,7,3,0,0
118.5000,-1.0,50,10,3,0,0
118.6667,-1.0,10,4,3,0,0
118.7500,-1.0,10,6,3,0,0
118.7500,-1.0,10,9,3,0,0
119.0,-1.0,82,2,2,0,0
119.0,119.3750,110,2,2,0,0
119.0,-1.0,82,5,2,0,0
119.0,119.3750,110,5,2,0,0
119.0,-1.0,83,10,3,0,0
119.0,119.3750,110,10,3,0,0
119.2500,-1.0,900,2,2,0,0
119.2500,-1.0,900,5,2,0,0
119.2500,-1.0,900,10,3,0,0
119.7500,-1.0,10,7,3,0,0
119.8750,-1.0,10,4,3,0,0
120.0,-1.0,10,1,3,0,0
120.0,-1.0,83,10,3,0,0
120.0,120.2500,110,10,3,0,0
120.1250,-1.0,10,4,3,0,0
120.2500,-1.0,10,1,4,0,0
120.3750,-1.0,10,5,3,0,0
120.5000,-1.0,83,1,5,0,0
120.5000,120.7500,110,1,5,0,0
120.5000,-1.0,80,10,3,0,0
120.5000,120.7500,100,10,3,0,0
120.7500,-1.0,10,7,3,0,0
121.0,-1.0,10,4,3,0,0
121.0,-1.0,82,7,2,0,0
121.0,122.0,110,7,2,0,0
121.2500,-1.0,81,1,3,0,0
121.2500,121.5000,101,1,3,0,0
121.2500,-1.0,900,7,2,0,0
121.5000,-1.0,81,5,2,0,0
121.5000,121.7500,101,5,2,0,0
121.5000,-1.0,900,7,2,0,0
121.7500,-1.0,900,7,2,0,0
121.7500,-1.0,83,10,3,0,0
121.7500,122.0,110,10,3,0,0
122.0,-1.0,10,1,3,0,0
122.1667,-1.0,10,4,3,0,0
122.4167,-1.0,10,4,2,0,0
122.4167,-1.0,10,7,3,0,0
122.5000,-1.0,50,1,3,0,0
122.6667,-1.0,10,10,3,0,0
122.7500,-1.0,10,1,3,0,0
122.7500,-1.0,10,7,2,0,0
122.9167,-1.0,80,8,3,0,0
122.9167,123.2500,100,8,3,0,0
123.0,-1.0,20,2,2,0,0
123.0313,-1.0,20,5,2,0,0
123.1667,-1.0,900,8,3,0,0
123.2500,-1.0,20,1,2,0,0
123.2813,-1.0,20,4,2,0,0
123.5000,-1.0,20,5,2,0,0
123.5000,-1.0,50,10,3,0,0
123.6250,-1.0,20,2,2,0,0
123.6250,-1.0,10,8,2,0,0
123.8750,-1.0,20,1,2,0,0
123.9375,-1.0,20,4,2,0,0
124.0,-1.0,81,7,2,0,0
124.0,124.1667,101,7,2,0,0
124.1667,-1.0,20,10,2,0,0
124.2500,-1.0,20,2,2,0,0
124.2500,-1.0,20,5,2,0,0
124.5000,-1.0,81,3,3,0,0
124.5000,124.7500,101,3,3,0,0
124.5000,-1.0,50,10,3,0,0
124.6667,-1.0,10,7,2,0,0
124.7500,-1.0,10,9,3,0,0
125.0,-1.0,50,1,3,0,0
125.0,-1.0,83,8,3,0,0
125.0,125.2500,110,8,3,0,0
125.1667,-1.0,10,5,2,0,0
125.2500,-1.0,10,2,3,0,0
125.5000,-1.0,50,2,3,0,0
125.5000,-1.0,50,6,2,0,0
125.5000,-1.0,50,9,3,0,0
125.7500,-1.0,10,3,3,0,0
125.7500,-1.0,10,8,3,0,0
125.9167,-1.0,10,6,2,0,0
126.0,-1.0,83,6,2,0,0
126.0,127.0,110,6,2,0,0
126.2500,-1.0,900,6,2,0,0
126.5000,-1.0,900,6,2,0,0
126.7500,-1.0,900,6,2,0,0
126.7500,-1.0,40,6,2,0,0
127.5000,-1.0,82,7,3,0,0
127.5000,127.7500,110,7,3,JumpScratch,6
127.5000,-1.0,10,11,2,0,0
127.6250,-1.0,10,1,3,0,0
127.7500,-1.0,10,4,3,0,0
127.7500,128.0,110,9,4,0,0
127.8750,-1.0,10,2,3,0,0
128.0,-1.0,80,6,2,0,0
128.0,129.0,100,6,2,0,0
128.2500,-1.0,50,5,6,JumpScratch,6
128.5000,-1.0,50,3,6,JumpScratch,6
128.7500,-1.0,50,1,9,JumpScratch,9
128.7500,128.7813,110,5,5,JumpScratch,8
128.7813,129.0,110,10,3,0,0
129.5000,-1.0,80,4,2,0,0
129.5000,129.7500,100,4,2,0,0
129.5000,-1.0,10,7,4,0,0
129.7500,-1.0,10,8,2,0,0
130.0,-1.0,50,1,3,0,0
130.0,-1.0,50,5,4,0,0
130.0,-1.0,80,10,3,0,0
130.0,131.0,100,10,3,0,0
130.2500,-1.0,900,10,3,0,0
130.5000,-1.0,80,1,3,0,0
130.5000,130.9167,100,1,3,0,0
130.5000,-1.0,900,10,3,0,0
130.7500,-1.0,900,1,3,0,0
130.7500,-1.0,900,10,3,0,0
130.9167,-1.0,82,4,3,0,0
130.9167,131.1667,110,4,3,JumpScratch,-6
131.0,-1.0,82,7,3,0,0
131.0,131.2500,110,7,3,JumpScratch,6
131.1667,131.4167,110,1,3,JumpScratch,5
131.2500,131.4167,110,10,3,JumpScratch,-5
131.6667,-1.0,20,3,3,0,0
131.7500,-1.0,20,7,2,0,0
131.9167,-1.0,20,5,3,0,0
132.0,-1.0,83,9,2,0,0
132.0,132.5000,110,9,2,JumpScratch,-5
132.2500,-1.0,900,9,2,0,0
132.5000,132.9167,110,6,2,JumpScratch,6
132.7500,-1.0,900,6,2,0,0
133.4167,-1.0,10,5,2,0,0
133.5000,-1.0,10,1,3,0,0
133.5000,-1.0,20,10,3,0,0
133.6667,-1.0,10,7,3,0,0
133.7500,-1.0,82,4,2,0,0
133.7500,133.9167,110,4,2,JumpScratch,-5
133.9167,134.1667,110,1,3,JumpScratch,4
133.9167,-1.0,83,6,2,0,0
133.9167,134.1667,110,6,2,JumpScratch,3
133.9167,-1.0,83,9,2,0,0
133.9167,134.1667,110,9,2,JumpScratch,4
134.1667,134.1979,110,2,3,JumpScratch,4
134.1667,134.1979,110,7,2,JumpScratch,4
134.1979,134.2292,110,4,2,JumpScratch,4
134.1979,134.2292,110,9,2,JumpScratch,4
134.2292,135.0,110,6,2,0,0
134.2292,134.7500,110,11,2,JumpScratch,-5
134.5833,-1.0,900,6,2,0,0
134.5833,-1.0,900,11,2,0,0
134.7500,134.8125,110,8,3,JumpScratch,-7
134.8125,134.8750,110,4,4,JumpScratch,-7
134.8750,135.0,110,1,4,0,0
135.5000,-1.0,10,1,3,0,0
135.5000,-1.0,81,11,2,0,0
135.5000,135.7500,101,11,2,0,0
135.6250,-1.0,10,4,3,0,0
135.7500,-1.0,10,2,3,0,0
135.7500,-1.0,10,7,3,0,0
135.8750,-1.0,10,5,3,0,0
136.0,-1.0,50,1,3,0,0
136.0,-1.0,20,7,2,0,0
136.0,-1.0,20,10,3,0,0
136.2500,-1.0,20,1,3,0,0
136.2500,-1.0,20,5,2,0,0
136.2500,-1.0,50,10,3,0,0
136.5000,-1.0,50,2,4,0,0
136.5000,-1.0,83,6,2,0,0
136.5000,136.7500,110,6,2,JumpScratch,3
136.5000,-1.0,83,9,3,0,0
136.5000,136.7500,110,9,3,JumpScratch,4
136.7500,-1.0,83,3,3,0,0
136.7500,137.0,110,3,3,JumpScratch,-5
136.7500,137.0,110,10,3,JumpScratch,-7
137.0,137.5000,110,1,3,JumpScratch,6
137.2500,-1.0,900,1,3,0,0
137.2500,-1.0,50,6,2,0,0
137.2500,-1.0,50,9,2,0,0
137.5000,-1.0,50,8,2,0,0
137.5000,-1.0,50,11,2,0,0
137.6667,-1.0,10,4,3,0,0
137.7500,-1.0,10,7,2,0,0
137.7500,-1.0,10,10,3,0,0
137.9167,-1.0,10,3,3,0,0
138.0,-1.0,80,6,2,0,0
138.0,138.2500,100,6,2,0,0
138.0,-1.0,10,9,3,0,0
138.2500,-1.0,50,1,2,0,0
138.2500,-1.0,50,4,2,0,0
138.5000,-1.0,10,2,2,0,0
138.5000,-1.0,80,5,2,0,0
138.5000,138.6667,100,5,2,0,0
138.5000,-1.0,50,7,4,0,0
138.6667,-1.0,50,9,4,0,0
138.8750,-1.0,10,5,2,0,0
139.0,-1.0,10,1,3,0,0
139.0,-1.0,82,8,2,0,0
139.0,139.2500,110,8,2,0,0
139.2500,-1.0,82,1,3,0,0
139.2500,139.4167,110,1,3,0,0
139.2500,-1.0,82,5,2,0,0
139.2500,139.4167,110,5,2,0,0
139.6667,-1.0,82,7,3,0,0
139.6667,139.7500,110,7,3,0,0
139.7500,-1.0,10,1,2,0,0
139.7500,-1.0,10,4,3,0,0
139.9167,-1.0,82,4,3,0,0
139.9167,140.0,110,4,3,0,0
140.0,-1.0,10,7,3,0,0
140.0,-1.0,10,11,2,0,0
140.5000,-1.0,20,1,3,0,0
140.5000,-1.0,20,10,3,0,0
140.7500,-1.0,20,2,3,0,0
140.7500,-1.0,81,6,2,0,0
140.7500,141.2500,101,6,2,0,0
140.7500,-1.0,20,9,3,0,0
141.0,-1.0,900,6,2,0,0
141.2500,-1.0,81,4,2,0,0
141.2500,141.5000,101,4,2,0,0
141.2500,-1.0,81,8,2,0,0
141.2500,141.5000,101,8,2,0,0
141.5000,-1.0,83,1,3,0,0
141.5000,141.7500,110,1,3,0,0
141.5000,-1.0,83,10,3,0,0
141.5000,141.7500,110,10,3,0,0
142.0,-1.0,10,1,3,0,0
142.0,-1.0,83,6,2,0,0
142.0,143.4167,110,6,2,0,0
142.1667,-1.0,10,4,2,0,0
142.1667,-1.0,40,6,2,0,0
142.2500,-1.0,10,1,3,0,0
142.2500,-1.0,900,6,2,0,0
142.2500,-1.0,40,6,2,0,0
142.5000,-1.0,10,4,2,0,0
142.5000,-1.0,900,6,2,0,0
142.5000,-1.0,31,6,2,0,0
142.5000,-1.0,83,8,2,0,0
142.5000,143.4167,110,8,2,0,0
142.6667,-1.0,10,1,3,0,0
142.6667,-1.0,40,6,2,0,0
142.6667,-1.0,40,8,2,0,0
142.7500,-1.0,10,4,2,0,0
142.7500,-1.0,900,6,2,0,0
142.7500,-1.0,40,6,2,0,0
142.7500,-1.0,900,8,2,0,0
142.7500,-1.0,40,8,2,0,0
143.0,-1.0,82,1,3,0,0
143.0,143.4167,110,1,3,0,0
143.0,-1.0,900,6,2,0,0
143.0,-1.0,31,6,2,0,0
143.0,-1.0,900,8,2,0,0
143.0,-1.0,31,8,2,0,0
143.0,-1.0,83,10,3,0,0
143.0,143.4167,110,10,3,0,0
143.2500,-1.0,900,1,3,0,0
143.2500,-1.0,900,6,2,0,0
143.2500,-1.0,900,8,2,0,0
143.2500,-1.0,900,10,3,0,0
143.7500,-1.0,10,4,2,0,0
143.7500,-1.0,10,8,2,0,0
143.8750,-1.0,10,6,2,0,0
144.0,-1.0,83,1,3,0,0
144.0,144.7500,110,1,3,0,0
144.0,-1.0,10,10,3,0,0
144.1250,-1.0,40,1,3,0,0
144.1250,-1.0,10,6,2,0,0
144.2500,-1.0,900,1,3,0,0
144.2500,-1.0,40,1,3,0,0
144.2500,-1.0,10,8,2,0,0
144.3750,-1.0,40,1,3,0,0
144.3750,-1.0,10,6,2,0,0
144.5000,-1.0,900,1,3,0,0
144.5000,-1.0,31,1,3,0,0
144.5000,-1.0,83,8,2,0,0
144.5000,144.7500,110,8,2,0,0
144.5000,-1.0,83,10,3,0,0
144.5000,144.7500,110,10,3,0,0
145.0,-1.0,10,6,2,0,0
145.2500,-1.0,80,4,2,0,0
145.2500,145.5000,100,4,2,0,0
145.2500,-1.0,81,10,3,0,0
145.2500,145.5000,101,10,3,0,0
145.5000,-1.0,80,1,3,0,0
145.5000,145.7500,100,1,3,0,0
145.5000,-1.0,81,8,2,0,0
145.5000,145.7500,101,8,2,0,0
145.7500,-1.0,10,4,2,0,0
145.7500,-1.0,81,6,2,0,0
145.7500,146.0,101,6,2,0,0
146.0,-1.0,83,1,2,0,0
146.0,146.3750,110,1,2,JumpScratch,12
146.0,-1.0,83,4,2,0,0
146.0,147.0,110,4,2,JumpScratch,9
146.0,-1.0,83,8,2,0,0
146.0,146.5000,110,8,2,JumpScratch,-9
146.0,-1.0,83,11,2,0,0
146.0,146.2500,110,11,2,JumpScratch,-7
146.2500,-1.0,900,1,2,0,0
146.2500,-1.0,900,4,2,0,0
146.2500,147.2500,110,6,2,JumpScratch,-4
146.3750,146.8750,110,11,2,JumpScratch,-12
146.5000,146.7500,110,1,2,JumpScratch,9
146.6250,-1.0,900,11,2,0,0
146.7500,147.3750,110,8,2,0,0
146.8750,147.3750,110,1,2,0,0
147.0,147.3750,110,11,2,0,0
147.1250,-1.0,900,1,2,0,0
147.2500,147.3750,110,4,2,0,0
147.2500,-1.0,900,8,2,0,0
147.2500,-1.0,900,11,2,0,0
147.6667,-1.0,10,10,3,0,0
147.7500,-1.0,10,2,2,0,0
147.7500,-1.0,10,5,2,0,0
147.9167,-1.0,10,7,3,0,0
148.0,-1.0,81,1,2,0,0
148.0,148.2500,101,1,2,0,0
148.0,-1.0,81,4,2,0,0
148.0,148.2500,101,4,2,0,0
148.2500,-1.0,10,10,3,0,0
148.3750,-1.0,82,4,3,0,0
148.3750,148.5000,110,4,3,JumpScratch,-6
148.5000,-1.0,20,7,2,0,0
148.5000,-1.0,20,10,3,0,0
148.7500,-1.0,82,4,2,0,0
148.7500,148.8750,110,4,2,JumpScratch,-5
148.8750,-1.0,81,6,2,0,0
148.8750,149.5000,101,6,2,0,0
148.8750,-1.0,20,9,4,0,0
149.1250,-1.0,900,6,2,0,0
149.2500,-1.0,50,1,3,0,0
149.2500,-1.0,50,4,2,0,0
149.3750,-1.0,900,6,2,0,0
149.5000,-1.0,50,1,3,0,0
149.5000,-1.0,50,4,2,0,0
150.0,-1.0,10,1,3,0,0
150.0,-1.0,83,10,3,0,0
150.0,151.4167,110,10,3,0,0
150.1667,-1.0,10,4,2,0,0
150.1667,-1.0,40,10,3,0,0
150.2500,-1.0,10,1,3,0,0
150.2500,-1.0,900,10,3,0,0
150.2500,-1.0,40,10,3,0,0
150.5000,-1.0,83,1,3,0,0
150.5000,151.4167,110,1,3,0,0
150.5000,-1.0,10,8,2,0,0
150.5000,-1.0,900,10,3,0,0
150.5000,-1.0,31,10,3,0,0
150.6667,-1.0,40,1,3,0,0
150.6667,-1.0,10,6,2,0,0
150.7500,-1.0,900,1,3,0,0
150.7500,-1.0,40,1,3,0,0
150.7500,-1.0,10,8,2,0,0
150.7500,-1.0,900,10,3,0,0
151.0,-1.0,900,1,3,0,0
151.0,-1.0,31,1,3,0,0
151.0,-1.0,82,4,2,0,0
151.0,151.4167,110,4,2,0,0
151.0,-1.0,83,6,2,0,0
151.0,151.4167,110,6,2,0,0
151.0,-1.0,900,10,3,0,0
151.0,-1.0,31,10,3,0,0
151.2500,-1.0,900,1,3,0,0
151.2500,-1.0,900,4,2,0,0
151.2500,-1.0,900,6,2,0,0
151.2500,-1.0,900,10,3,0,0
151.7500,-1.0,10,4,2,0,0
151.7500,-1.0,10,8,2,0,0
151.8750,-1.0,10,6,2,0,0
152.0,-1.0,10,1,3,0,0
152.0,-1.0,83,10,3,0,0
152.0,152.7500,110,10,3,0,0
152.1250,-1.0,10,4,2,0,0
152.1250,-1.0,40,10,3,0,0
152.2500,-1.0,10,1,3,0,0
152.2500,-1.0,900,10,3,0,0
152.2500,-1.0,40,10,3,0,0
152.3750,-1.0,10,6,2,0,0
152.3750,-1.0,40,10,3,0,0
152.5000,-1.0,83,1,3,0,0
152.5000,152.7500,110,1,3,0,0
152.5000,-1.0,83,4,2,0,0
152.5000,152.7500,110,4,2,0,0
152.5000,-1.0,900,10,3,0,0
152.5000,-1.0,31,10,3,0,0
153.0,-1.0,10,6,2,0,0
153.2500,-1.0,81,1,3,0,0
153.2500,153.5000,101,1,3,0,0
153.2500,-1.0,80,8,2,0,0
153.2500,153.5000,100,8,2,0,0
153.5000,-1.0,81,4,2,0,0
153.5000,153.7500,101,4,2,0,0
153.5000,-1.0,80,10,3,0,0
153.5000,153.7500,100,10,3,0,0
153.7500,-1.0,81,6,2,0,0
153.7500,154.0,101,6,2,0,0
153.7500,-1.0,10,8,2,0,0
154.0,-1.0,80,1,2,0,0
154.0,154.2500,100,1,2,0,0
154.0,-1.0,10,10,3,0,0
154.2500,-1.0,10,7,2,0,0
154.2500,-1.0,10,10,3,0,0
154.3750,-1.0,10,3,3,0,0
154.5000,-1.0,50,6,3,0,0
154.5000,-1.0,50,9,3,0,0
154.6250,-1.0,10,4,3,0,0
154.7500,-1.0,10,1,3,0,0
154.7500,-1.0,10,10,3,0,0
154.8750,-1.0,10,4,3,0,0
155.0,-1.0,82,7,3,0,0
155.0,155.2500,110,7,3,0,0
155.2500,-1.0,80,1,2,0,0
155.2500,155.5000,100,1,2,0,0
155.2500,-1.0,80,4,3,0,0
155.2500,155.5000,100,4,3,0,0
155.5000,-1.0,10,10,3,0,0
155.6667,-1.0,10,8,3,0,0
155.7500,-1.0,10,2,2,0,0
155.7500,-1.0,10,5,2,0,0
155.9167,-1.0,10,7,3,0,0
156.0,-1.0,80,1,2,0,0
156.0,156.2500,100,1,2,0,0
156.0,-1.0,80,4,2,0,0
156.0,156.2500,100,4,2,0,0
156.2500,-1.0,10,6,3,0,0
156.3750,-1.0,50,1,3,0,0
156.3750,-1.0,50,4,3,0,0
156.6250,-1.0,10,6,3,0,0
156.7500,-1.0,50,2,3,0,0
156.7500,-1.0,50,5,3,0,0
156.8750,-1.0,10,7,3,0,0
157.0,-1.0,10,1,3,0,0
157.0,-1.0,10,10,3,0,0
157.1250,-1.0,82,5,4,0,0
157.1250,157.6667,110,5,4,0,0
157.3750,-1.0,900,5,4,0,0
157.5000,-1.0,82,1,3,0,0
157.5000,157.6667,110,1,3,0,0
157.5000,-1.0,31,5,4,0,0
157.5000,-1.0,82,10,3,0,0
157.5000,157.6667,110,10,3,0,0
158.0,-1.0,10,1,2,0,0
158.0,-1.0,82,7,2,0,0
158.0,158.5000,110,7,2,0,0
158.2500,-1.0,10,1,2,0,0
158.2500,-1.0,900,7,2,0,0
158.5000,-1.0,10,4,2,0,0
158.6250,-1.0,10,4,2,0,0
158.8750,-1.0,10,8,2,0,0
159.0,-1.0,82,4,2,0,0
159.0,159.5000,110,4,2,0,0
159.0,-1.0,10,11,2,0,0
159.1250,-1.0,10,8,2,0,0
159.2500,-1.0,900,4,2,0,0
159.2500,-1.0,10,11,2,0,0
159.3750,-1.0,10,8,2,0,0
159.7500,-1.0,10,7,2,0,0
160.0,-1.0,82,1,2,0,0
160.0,160.5000,110,1,2,0,0
160.0,-1.0,10,9,2,0,0
160.2500,-1.0,900,1,2,0,0
160.2500,-1.0,10,6,2,0,0
160.3750,-1.0,10,7,2,0,0
160.6250,-1.0,10,9,2,0,0
160.7500,-1.0,10,5,2,0,0
160.8750,-1.0,10,10,2,0,0
161.0,-1.0,81,6,2,0,0
161.0,162.0,101,6,2,0,0
161.1250,-1.0,82,11,2,0,0
161.1250,161.5000,110,11,2,JumpScratch,-9
161.2500,-1.0,900,6,2,0,0
161.3750,-1.0,900,11,2,0,0
161.5000,161.6667,110,4,7,JumpScratch,9
161.6667,161.7500,110,8,5,JumpScratch,-12
161.7500,161.9167,110,1,10,JumpScratch,12