0.0,-1.0,10,3,2,0,0
4.2241,18.3621,0,0,0,14,10040
0.0,-1.0,10,7,2,0,0
54.7931,54.7931,0,0,0,11,10040
0.2586,-1.0,10,9,2,0,0
55.8276,55.8276,0,0,0,11,10040
0.3879,-1.0,10,5,2,0,0
74.4483,74.4483,0,0,0,11,1010
0.3879,-1.0,10,9,2,0,0
75.4828,88.7069,0,0,0,14,10040
0.6466,-1.0,10,3,2,0,0
125.1379,125.1379,0,0,0,11,10040
0.7759,-1.0,10,3,2,0,0
127.2069,127.2069,0,0,0,11,10040
0.7759,-1.0,10,7,2,0,0
137.5517,140.6897,0,0,0,11,1010
1.0345,-1.0,10,9,2,0,0
144.7931,144.7931,0,0,0,11,1020
1.1638,-1.0,10,5,2,0,0
172.7241,172.7241,0,0,0,11,1010
1.1638,-1.0,10,9,2,0,0
176.8621,176.8621,0,0,0,11,1010
1.4224,-1.0,10,3,2,0,0
181.0,181.0,0,0,0,11,10040
1.5517,-1.0,10,3,2,0,0
185.1379,185.1379,0,0,0,11,10040
1.5517,-1.0,10,7,2,0,0
197.5517,200.6897,0,0,0,11,1020
1.8103,-1.0,10,5,2,0,0
204.7931,204.7931,0,0,0,11,10210
1.8103,-1.0,10,9,2,0,0
205.7629,219.0517,0,0,0,14,10040
2.0690,-1.0,10,1,2,0,0
222.3793,222.3793,0,0,0,11,10020
2.0690,-1.0,10,7,2,0,0
2.3276,-1.0,10,11,2,0,0
2.4569,-1.0,10,5,2,0,0
2.4569,-1.0,10,11,2,0,0
2.7155,-1.0,10,1,2,0,0
2.8448,-1.0,10,1,2,0,0
2.8448,-1.0,10,7,2,0,0
3.1034,-1.0,10,10,3,0,0
3.2328,-1.0,10,7,3,0,0
3.3621,-1.0,10,4,3,0,0
3.4914,-1.0,10,1,3,0,0
3.6207,-1.0,10,7,3,0,0
3.6853,-1.0,10,4,3,0,0
3.7500,-1.0,10,7,3,0,0
3.8147,-1.0,10,4,3,0,0
3.8793,-1.0,10,7,3,0,0
3.9440,-1.0,10,4,3,0,0
4.0086,-1.0,10,7,3,0,0
4.0733,-1.0,10,4,3,0,0
4.1379,-1.0,50,7,3,0,0
4.2672,-1.0,10,1,3,0,0
4.3966,-1.0,10,4,3,0,0
4.5259,-1.0,10,7,3,0,0
4.7845,-1.0,10,4,3,0,0
4.9138,-1.0,10,10,3,0,0
5.0431,-1.0,10,4,3,0,0
5.0431,-1.0,10,10,3,0,0
5.3017,-1.0,10,7,3,0,0
5.4310,-1.0,10,1,3,0,0
5.4310,-1.0,10,7,3,0,0
5.6897,-1.0,20,4,3,0,0
5.6897,-1.0,50,10,3,0,0
5.9483,-1.0,50,1,3,0,0
5.9483,-1.0,20,7,3,0,0
6.2069,-1.0,20,4,3,0,0
6.2069,-1.0,50,10,3,0,0
6.5948,-1.0,10,4,3,0,0
6.7241,-1.0,10,1,3,0,0
6.7241,-1.0,10,7,3,0,0
6.9828,-1.0,10,4,3,0,0
6.9828,-1.0,80,10,3,0,0
6.9828,8.0172,100,10,3,0,0
7.2414,-1.0,10,4,3,0,0
7.2414,-1.0,900,10,3,0,0
7.3707,-1.0,10,4,3,0,0
7.5000,-1.0,10,1,3,0,0
7.5000,-1.0,900,10,3,0,0
7.7586,-1.0,10,4,3,0,0
7.7586,-1.0,900,10,3,0,0
8.0172,-1.0,10,1,3,0,0
8.2759,-1.0,50,4,3,0,0
8.4052,-1.0,10,10,3,0,0
8.5345,-1.0,10,7,3,0,0
8.6638,-1.0,10,4,3,0,0
8.9224,-1.0,10,7,3,0,0
9.0517,-1.0,10,1,3,0,0
9.1810,-1.0,10,1,3,0,0
9.1810,-1.0,10,7,3,0,0
9.4397,-1.0,10,4,3,0,0
9.5690,-1.0,10,4,3,0,0
9.5690,-1.0,10,10,3,0,0
9.8276,-1.0,50,1,3,0,0
9.8276,-1.0,20,7,3,0,0
10.0862,-1.0,20,4,3,0,0
10.0862,-1.0,50,10,3,0,0
10.3448,-1.0,50,1,3,0,0
10.3448,-1.0,20,7,3,0,0
10.4741,-1.0,10,7,3,0,0
10.6034,-1.0,10,4,3,0,0
10.7328,-1.0,10,1,3,0,0
10.8621,-1.0,10,10,3,0,0
10.9914,-1.0,10,7,3,0,0
11.1207,-1.0,10,4,3,0,0
11.2500,-1.0,10,1,3,0,0
11.3793,-1.0,10,7,3,0,0
11.5086,-1.0,10,4,3,0,0
11.7672,-1.0,20,7,3,0,0
11.8319,-1.0,20,4,3,0,0
11.8966,-1.0,20,7,3,0,0
12.0259,-1.0,20,7,3,0,0
12.1552,-1.0,50,4,3,0,0
12.4138,-1.0,50,10,3,0,0
12.5431,-1.0,10,1,3,0,0
12.6724,-1.0,10,4,3,0,0
12.8017,-1.0,10,7,3,0,0
13.0603,-1.0,10,4,3,0,0
13.1897,-1.0,10,10,3,0,0
13.3190,-1.0,10,4,3,0,0
13.3190,-1.0,10,10,3,0,0
13.5776,-1.0,10,7,3,0,0
13.7069,-1.0,10,1,3,0,0
13.7069,-1.0,10,7,3,0,0
13.9655,-1.0,20,4,3,0,0
13.9655,-1.0,50,10,3,0,0
14.2241,-1.0,50,1,3,0,0
14.2241,-1.0,20,7,3,0,0
14.4828,-1.0,20,4,3,0,0
14.4828,-1.0,50,10,3,0,0
14.8707,-1.0,10,4,3,0,0
15.0,-1.0,10,1,3,0,0
15.0,-1.0,10,7,3,0,0
15.2586,-1.0,10,4,3,0,0
15.2586,-1.0,80,10,3,0,0
15.2586,16.2931,100,10,3,0,0
15.5172,-1.0,10,4,3,0,0
15.5172,-1.0,900,10,3,0,0
15.6466,-1.0,10,4,3,0,0
15.7759,-1.0,10,1,3,0,0
15.7759,-1.0,900,10,3,0,0
16.0345,-1.0,10,4,3,0,0
16.0345,-1.0,900,10,3,0,0
16.2931,-1.0,10,1,3,0,0
16.5517,-1.0,50,1,3,0,0
16.6810,-1.0,10,10,3,0,0
16.8103,-1.0,10,7,3,0,0
16.9397,-1.0,10,4,3,0,0
17.1983,-1.0,10,7,3,0,0
17.3276,-1.0,10,1,3,0,0
17.4569,-1.0,10,7,3,0,0
17.5862,-1.0,10,4,3,0,0
17.7155,-1.0,10,10,3,0,0
17.9741,-1.0,20,4,3,0,0
18.0388,-1.0,20,7,3,0,0
18.1034,-1.0,20,4,3,0,0
18.2328,-1.0,20,4,3,0,0
18.3621,-1.0,50,7,3,0,0
19.3966,-1.0,82,7,2,0,0
19.3966,19.4612,110,7,2,JumpScratch,3
19.4612,19.5259,110,8,2,JumpScratch,3
19.5259,19.5905,110,9,2,JumpScratch,3
19.5905,19.6552,110,10,2,JumpScratch,3
20.1724,-1.0,10,8,2,0,0
20.3017,-1.0,10,6,2,0,0
20.4310,-1.0,10,4,2,0,0
20.9483,-1.0,10,7,3,0,0
21.0776,-1.0,10,7,3,0,0
21.2069,-1.0,10,1,6,0,0
21.2069,-1.0,80,7,3,0,0
21.2069,21.4655,100,7,3,0,0
21.4655,-1.0,20,4,3,0,0
21.5948,-1.0,10,1,3,0,0
21.5948,-1.0,10,7,6,0,0
21.9828,-1.0,10,4,3,0,0
22.1121,-1.0,10,4,3,0,0
22.2414,-1.0,80,4,3,0,0
22.2414,22.5000,100,4,3,0,0
22.2414,-1.0,10,7,6,0,0
22.5000,-1.0,20,7,3,0,0
22.6293,-1.0,10,1,6,0,0
22.6293,-1.0,10,10,3,0,0
23.0172,-1.0,10,7,3,0,0
23.1466,-1.0,10,7,3,0,0
23.2759,-1.0,10,1,6,0,0
23.2759,-1.0,80,7,3,0,0
23.2759,23.5345,100,7,3,0,0
23.5345,-1.0,20,4,3,0,0
23.6638,-1.0,10,1,3,0,0
23.6638,-1.0,10,4,6,0,0
24.0517,-1.0,10,4,3,0,0
24.1810,-1.0,10,4,3,0,0
24.3103,-1.0,80,4,3,0,0
24.3103,24.5690,100,4,3,0,0
24.3103,-1.0,10,7,6,0,0
24.5690,-1.0,20,7,3,0,0
24.6983,-1.0,10,4,6,0,0
24.6983,-1.0,10,10,3,0,0
25.0862,-1.0,10,4,4,0,0
25.2155,-1.0,10,7,3,0,0
25.3448,-1.0,10,1,4,0,0
25.4741,-1.0,10,4,3,0,0
25.6034,-1.0,10,7,4,0,0
25.7328,-1.0,10,10,3,0,0
25.9914,-1.0,10,4,3,0,0
26.1207,-1.0,10,7,3,0,0
26.2500,-1.0,10,1,6,0,0
26.2500,-1.0,10,10,3,0,0
26.5086,-1.0,10,4,6,0,0
26.5086,-1.0,10,10,3,0,0
26.7672,-1.0,10,1,3,0,0
26.7672,-1.0,10,7,6,0,0
26.8966,-1.0,10,4,3,0,0
27.1552,-1.0,10,7,3,0,0
27.2845,-1.0,10,4,3,0,0
27.5431,-1.0,10,7,3,0,0
27.6724,-1.0,10,1,6,0,0
27.8017,-1.0,10,4,6,0,0
27.9310,-1.0,10,1,3,0,0
27.9310,-1.0,82,10,3,0,0
27.9310,28.1897,110,10,3,JumpScratch,-6
28.1897,-1.0,10,1,6,0,0
28.1897,28.3190,110,7,3,JumpScratch,6
28.3190,-1.0,10,4,3,0,0
28.3190,28.5776,110,10,3,JumpScratch,-6
28.5776,-1.0,10,4,3,0,0
28.5776,28.8362,110,7,3,JumpScratch,6
28.8362,-1.0,10,1,3,0,0
28.9655,-1.0,10,4,6,0,0
29.2241,-1.0,10,4,3,0,0
29.2241,-1.0,10,7,3,0,0
29.3534,-1.0,20,7,3,0,0
29.4828,-1.0,10,1,6,0,0
29.4828,-1.0,80,7,3,0,0
29.4828,29.7414,100,7,3,0,0
29.7414,-1.0,50,4,3,0,0
29.8707,-1.0,10,1,3,0,0
29.8707,-1.0,10,7,6,0,0
30.0,-1.0,10,4,6,0,0
30.2586,-1.0,10,4,3,0,0
30.2586,-1.0,10,7,3,0,0
30.3879,-1.0,20,4,3,0,0
30.5172,-1.0,80,4,3,0,0
30.5172,30.7759,100,4,3,0,0
30.5172,-1.0,10,7,6,0,0
30.7759,-1.0,50,7,3,0,0
30.9052,-1.0,10,1,6,0,0
30.9052,-1.0,10,10,3,0,0
31.0345,-1.0,10,4,6,0,0
31.2931,-1.0,10,4,3,0,0
31.2931,-1.0,10,7,3,0,0
31.4224,-1.0,20,7,3,0,0
31.5517,-1.0,10,1,6,0,0
31.5517,-1.0,80,7,3,0,0
31.5517,31.8103,100,7,3,0,0
31.8103,-1.0,50,4,3,0,0
31.9397,-1.0,10,1,3,0,0
31.9397,-1.0,10,4,6,0,0
32.0690,-1.0,10,7,6,0,0
32.3276,-1.0,10,4,3,0,0
32.3276,-1.0,10,7,3,0,0
32.4569,-1.0,20,4,3,0,0
32.5862,-1.0,80,4,3,0,0
32.5862,32.8448,100,4,3,0,0
32.5862,-1.0,10,7,6,0,0
32.8448,-1.0,50,7,3,0,0
32.9741,-1.0,10,4,6,0,0
32.9741,-1.0,10,10,3,0,0
33.1034,-1.0,10,1,6,0,0
33.3621,-1.0,10,4,4,0,0
33.4914,-1.0,10,7,3,0,0
33.6207,-1.0,10,1,4,0,0
33.7500,-1.0,10,4,3,0,0
33.8793,-1.0,10,7,4,0,0
34.0086,-1.0,10,10,3,0,0
34.2672,-1.0,10,7,3,0,0
34.3966,-1.0,10,4,3,0,0
34.5259,-1.0,10,3,8,0,0
34.7845,-1.0,10,2,10,0,0
35.0431,-1.0,82,1,12,0,0
35.0431,35.6897,110,1,12,JumpScratch,12
35.3017,-1.0,900,1,12,0,0
35.5603,-1.0,900,1,12,0,0
35.6897,36.2069,110,5,8,JumpScratch,8
35.9483,-1.0,900,5,8,0,0
36.2069,36.7241,110,9,4,0,0
36.4655,-1.0,900,9,4,0,0
36.5948,-1.0,10,1,4,0,0
36.7241,-1.0,10,1,8,0,0
36.8534,-1.0,10,5,8,0,0
36.9828,-1.0,10,9,4,0,0
37.2414,-1.0,83,1,3,0,0
37.2414,38.0172,110,1,3,JumpScratch,6
37.2414,-1.0,10,4,6,0,0
37.5000,-1.0,900,1,3,0,0
37.5000,-1.0,10,6,4,0,0
37.6293,-1.0,10,6,4,0,0
37.7586,-1.0,900,1,3,0,0
37.7586,-1.0,50,6,4,0,0
38.0172,38.5345,110,4,3,JumpScratch,-6
38.0172,-1.0,10,7,6,0,0
38.2759,-1.0,900,4,3,0,0
38.2759,-1.0,10,9,4,0,0
38.4052,-1.0,10,9,4,0,0
38.5345,38.7931,110,1,3,JumpScratch,12
38.5345,-1.0,50,9,4,0,0
39.3103,-1.0,10,1,3,0,0
39.4397,-1.0,10,4,3,0,0
39.5690,-1.0,10,7,3,0,0
39.6983,-1.0,10,10,3,0,0
40.0862,-1.0,10,4,6,0,0
40.3448,-1.0,10,1,3,0,0
40.3448,-1.0,20,7,6,0,0
40.4741,-1.0,10,4,3,0,0
40.6034,-1.0,20,1,6,0,0
40.6034,-1.0,10,10,3,0,0
40.7328,-1.0,10,7,3,0,0
40.8621,-1.0,10,1,3,0,0
40.8621,-1.0,20,7,6,0,0
40.9914,-1.0,10,4,3,0,0
41.1207,-1.0,20,1,6,0,0
41.1207,-1.0,10,10,3,0,0
41.2500,-1.0,10,7,3,0,0
41.3793,-1.0,10,4,6,0,0
41.3793,-1.0,83,10,3,0,0
41.3793,42.1552,110,10,3,JumpScratch,-6
41.6379,-1.0,10,4,4,0,0
41.6379,-1.0,900,10,3,0,0
41.7672,-1.0,10,4,4,0,0
41.8966,-1.0,50,4,4,0,0
41.8966,-1.0,900,10,3,0,0
42.1552,-1.0,10,1,6,0,0
42.1552,42.6724,110,7,3,JumpScratch,6
42.4138,-1.0,10,1,4,0,0
42.4138,-1.0,900,7,3,0,0
42.5431,-1.0,10,1,4,0,0
42.6724,-1.0,50,1,4,0,0
42.6724,42.9310,110,10,3,JumpScratch,-12
43.4483,-1.0,10,1,3,0,0
43.5776,-1.0,10,4,3,0,0
43.7069,-1.0,10,7,3,0,0
43.8362,-1.0,10,10,3,0,0
44.2241,-1.0,80,10,3,0,0
44.2241,44.7414,100,10,3,0,0
44.4828,-1.0,50,1,4,0,0
44.4828,-1.0,900,10,3,0,0
44.4828,-1.0,30,10,3,0,0
44.7414,-1.0,10,5,5,0,0
44.8707,-1.0,10,10,3,0,0
45.0,-1.0,10,3,4,0,0
45.1293,-1.0,10,7,4,0,0
45.2586,-1.0,10,1,3,0,0
45.3879,-1.0,10,4,6,0,0
45.5172,-1.0,10,10,3,0,0
45.6466,-1.0,10,7,3,0,0
45.7759,-1.0,10,4,3,0,0
45.9052,-1.0,10,1,3,0,0
46.0345,-1.0,80,7,3,0,0
46.0345,46.5517,100,7,3,0,0
46.1638,-1.0,30,7,3,0,0
46.2931,-1.0,10,4,3,0,0
46.2931,-1.0,900,7,3,0,0
46.2931,-1.0,30,7,3,0,0
46.4224,-1.0,30,7,3,0,0
46.5517,-1.0,10,1,3,0,0
46.6810,-1.0,10,4,3,0,0
46.8103,-1.0,10,7,3,0,0
46.9397,-1.0,10,10,3,0,0
47.0690,-1.0,80,4,3,0,0
47.0690,47.5862,100,4,3,0,0
47.1983,-1.0,30,4,3,0,0
47.3276,-1.0,900,4,3,0,0
47.3276,-1.0,30,4,3,0,0
47.3276,-1.0,10,7,3,0,0
47.4569,-1.0,30,4,3,0,0
47.5862,-1.0,10,10,3,0,0
47.7155,-1.0,10,7,3,0,0
47.8448,-1.0,10,4,3,0,0
47.9741,-1.0,10,1,3,0,0
48.1034,-1.0,10,1,6,0,0
48.2328,-1.0,10,7,3,0,0
48.3621,-1.0,10,4,6,0,0
48.4914,-1.0,10,10,3,0,0
48.6207,-1.0,10,1,3,0,0
48.7500,-1.0,10,4,3,0,0
48.8793,-1.0,10,7,3,0,0
49.0086,-1.0,10,10,3,0,0
49.1379,-1.0,10,7,6,0,0
49.2672,-1.0,10,4,3,0,0
49.3966,-1.0,10,4,6,0,0
49.5259,-1.0,10,1,3,0,0
49.6552,-1.0,83,1,6,0,0
49.6552,50.6897,110,1,6,0,0
49.6552,-1.0,50,7,4,0,0
49.9138,-1.0,900,1,6,0,0
50.0431,-1.0,40,1,6,0,0
50.0431,-1.0,50,9,4,0,0
50.1724,-1.0,900,1,6,0,0
50.4310,-1.0,900,1,6,0,0
50.4310,-1.0,40,1,6,0,0
50.4310,-1.0,50,7,4,0,0
50.6897,-1.0,10,10,3,0,0
50.8190,-1.0,10,7,3,0,0
50.9483,-1.0,10,4,3,0,0
51.0776,-1.0,10,1,3,0,0
51.2069,-1.0,10,10,3,0,0
51.3362,-1.0,10,7,3,0,0
51.4655,-1.0,10,4,3,0,0
51.5948,-1.0,10,1,3,0,0
51.7241,-1.0,10,4,6,0,0
51.9828,-1.0,10,4,6,0,0
52.2414,-1.0,10,1,6,0,0
52.2414,-1.0,10,7,6,0,0
52.5000,-1.0,10,1,6,0,0
52.5000,-1.0,10,7,6,0,0
52.7586,-1.0,10,7,3,0,0
52.8233,-1.0,10,4,3,0,0
52.8879,-1.0,10,7,3,0,0
52.9526,-1.0,10,4,3,0,0
53.0172,-1.0,10,7,4,0,0
53.0819,-1.0,10,3,4,0,0
53.1466,-1.0,10,7,4,0,0
53.2112,-1.0,10,3,4,0,0
53.2759,-1.0,10,7,5,0,0
53.3405,-1.0,10,2,5,0,0
53.4052,-1.0,10,7,5,0,0
53.4698,-1.0,10,2,5,0,0
53.5345,-1.0,10,7,6,0,0
53.5991,-1.0,10,1,6,0,0
53.6638,-1.0,10,7,6,0,0
53.7284,-1.0,10,1,6,0,0
53.7931,-1.0,20,9,4,0,0
53.9655,-1.0,10,5,4,0,0
53.9655,-1.0,20,9,4,0,0
54.1379,-1.0,10,5,4,0,0
54.1379,-1.0,20,9,4,0,0
54.3103,-1.0,20,5,4,0,0
54.4828,-1.0,10,1,4,0,0
54.4828,-1.0,20,5,4,0,0
54.6552,-1.0,10,1,4,0,0
54.6552,-1.0,20,5,4,0,0
54.8276,-1.0,20,1,4,0,0
55.0,-1.0,20,1,4,0,0
55.0,-1.0,10,5,4,0,0
55.1724,-1.0,20,1,4,0,0
55.1724,-1.0,10,5,4,0,0
55.3448,-1.0,20,5,4,0,0
55.5172,-1.0,20,5,4,0,0
55.5172,-1.0,10,9,4,0,0
55.6897,-1.0,20,5,4,0,0
55.6897,-1.0,10,9,4,0,0
55.8621,-1.0,50,1,4,0,0
55.8621,-1.0,50,9,4,0,0
56.2500,-1.0,10,7,3,0,0
56.3147,-1.0,10,4,3,0,0
56.3793,-1.0,50,4,6,0,0
56.8966,-1.0,10,4,6,0,0
57.0259,-1.0,10,1,3,0,0
57.1552,-1.0,10,7,6,0,0
57.2845,-1.0,10,4,3,0,0
57.4138,-1.0,10,10,3,0,0
57.4784,-1.0,10,7,3,0,0
57.5431,-1.0,10,9,3,0,0
57.6078,-1.0,10,5,3,0,0
57.6724,-1.0,10,7,3,0,0
57.7371,-1.0,10,3,3,0,0
57.8017,-1.0,10,5,3,0,0
57.8664,-1.0,10,1,3,0,0
57.9310,-1.0,50,4,6,0,0
58.0603,-1.0,10,1,3,0,0
58.1897,-1.0,10,7,6,0,0
58.3190,-1.0,10,4,3,0,0
58.5776,-1.0,10,4,3,0,0
58.5776,-1.0,10,7,3,0,0
58.8362,-1.0,82,1,3,0,0
58.8362,59.0948,110,1,3,JumpScratch,6
58.8362,-1.0,82,10,3,0,0
58.8362,59.0948,110,10,3,JumpScratch,-6
59.0948,59.2241,110,4,3,JumpScratch,-6
59.0948,59.2241,110,7,3,JumpScratch,6
59.2241,59.4828,110,1,3,JumpScratch,6
59.2241,59.4828,110,10,3,JumpScratch,-6
59.4828,59.7414,110,4,3,0,0
59.4828,60.0,110,7,3,JumpScratch,-6
59.7414,-1.0,900,7,3,0,0
60.0,-1.0,80,1,3,0,0
60.0,60.2586,100,1,3,0,0
60.2586,-1.0,10,7,6,0,0
60.3879,-1.0,10,4,3,0,0
60.6466,-1.0,10,1,3,0,0
60.6466,-1.0,10,7,3,0,0
60.9052,-1.0,82,4,3,0,0
60.9052,61.1638,110,4,3,JumpScratch,-6
60.9052,-1.0,82,10,3,0,0
60.9052,61.1638,110,10,3,JumpScratch,-6
61.1638,61.2931,110,1,3,JumpScratch,6
61.1638,61.2931,110,7,3,JumpScratch,6
61.2931,61.6810,110,4,3,JumpScratch,-6
61.2931,61.5517,110,10,3,JumpScratch,-6
61.5517,-1.0,900,4,3,0,0
61.5517,61.8103,110,7,3,JumpScratch,6
61.6810,61.9397,110,1,3,JumpScratch,6
62.0690,-1.0,50,4,6,0,0
62.1983,-1.0,10,1,3,0,0
62.3276,-1.0,10,4,3,0,0
62.4569,-1.0,10,7,3,0,0
62.5862,-1.0,10,4,3,0,0
62.5862,-1.0,10,10,3,0,0
62.7155,-1.0,10,4,3,0,0
62.7155,-1.0,10,10,3,0,0
62.9741,-1.0,82,1,3,0,0
62.9741,63.2328,110,1,3,JumpScratch,6
62.9741,-1.0,82,7,3,0,0
62.9741,63.3621,110,7,3,JumpScratch,6
63.2328,63.6207,110,4,3,JumpScratch,-6
63.2328,-1.0,900,7,3,0,0
63.3621,63.6207,110,10,3,JumpScratch,-6
63.4914,-1.0,900,4,3,0,0
63.6207,63.8793,110,1,3,JumpScratch,6
63.6207,63.8793,110,7,3,JumpScratch,6
64.1379,-1.0,10,10,3,0,0
64.2672,-1.0,10,7,3,0,0
64.3966,-1.0,10,4,3,0,0
64.5259,-1.0,20,1,6,0,0
64.5259,-1.0,50,9,4,0,0
64.7845,-1.0,50,1,4,0,0
64.7845,-1.0,20,7,6,0,0
65.0431,-1.0,20,1,6,0,0
65.0431,-1.0,50,9,4,0,0
65.1724,-1.0,10,4,3,0,0
65.3017,-1.0,10,7,3,0,0
65.4310,-1.0,50,1,9,0,0
65.4310,-1.0,10,10,3,0,0
65.6897,-1.0,10,7,3,0,0
65.8190,-1.0,10,4,3,0,0
65.9483,-1.0,10,1,3,0,0
65.9483,-1.0,50,4,9,0,0
66.2069,-1.0,50,4,6,0,0
66.2069,-1.0,10,10,3,0,0
66.3362,-1.0,10,7,3,0,0
66.4655,-1.0,10,4,3,0,0
66.5948,-1.0,10,1,3,0,0
66.7241,-1.0,10,4,6,0,0
66.8534,-1.0,10,4,3,0,0
66.8534,-1.0,10,7,3,0,0
67.1121,-1.0,82,1,3,0,0
67.1121,67.3707,110,1,3,JumpScratch,6
67.1121,-1.0,82,10,3,0,0
67.1121,67.3707,110,10,3,JumpScratch,-6
67.3707,67.5000,110,4,3,JumpScratch,-6
67.3707,67.5000,110,7,3,JumpScratch,6
67.5000,67.7586,110,1,3,JumpScratch,6
67.5000,67.7586,110,10,3,JumpScratch,-6
67.7586,68.2759,110,4,3,JumpScratch,6
67.7586,68.0172,110,7,3,0,0
68.0172,-1.0,900,4,3,0,0
68.2759,-1.0,10,10,3,0,0
68.4052,-1.0,10,7,3,0,0
68.5345,-1.0,10,4,3,0,0
68.6638,-1.0,20,1,3,0,0
68.6638,-1.0,50,7,6,0,0
68.9224,-1.0,50,1,6,0,0
68.9224,-1.0,20,10,3,0,0
69.1810,-1.0,83,1,3,0,0
69.1810,69.8276,110,1,3,JumpScratch,7
69.1810,-1.0,50,7,6,0,0
69.4397,-1.0,900,1,3,0,0
69.4397,-1.0,10,5,5,0,0
69.5690,-1.0,10,7,5,0,0
69.6983,-1.0,900,1,3,0,0
69.8276,70.0,110,5,3,JumpScratch,-5
69.8276,-1.0,20,8,5,0,0
70.0,70.1724,110,3,3,JumpScratch,-5
70.0,-1.0,20,8,5,0,0
70.1724,70.3448,110,1,3,0,0
70.1724,-1.0,20,6,7,0,0
70.3448,-1.0,20,4,9,0,0
70.6034,-1.0,10,4,3,0,0
70.7328,-1.0,10,4,6,0,0
70.9914,-1.0,10,7,3,0,0
71.1207,-1.0,10,4,6,0,0
71.3793,-1.0,50,1,4,0,0
71.3793,-1.0,50,9,4,0,0
71.6379,-1.0,10,7,3,0,0
71.7672,-1.0,10,4,6,0,0
72.0259,-1.0,10,4,3,0,0
72.1552,-1.0,10,4,6,0,0
72.4138,-1.0,10,1,3,0,0
72.5431,-1.0,10,7,3,0,0
72.6724,-1.0,10,4,3,0,0
72.8017,-1.0,10,10,3,0,0
72.9310,-1.0,10,1,3,0,0
72.9957,-1.0,10,7,3,0,0
73.0603,-1.0,10,4,3,0,0
73.1250,-1.0,10,10,3,0,0
73.1897,-1.0,10,1,3,0,0
73.2543,-1.0,10,7,3,0,0
73.3190,-1.0,10,4,3,0,0
73.3836,-1.0,10,10,3,0,0
73.4483,-1.0,50,1,12,0,0
73.9655,-1.0,10,4,3,0,0
73.9655,-1.0,10,10,3,0,0
74.3534,-1.0,10,1,3,0,0
74.3534,-1.0,10,7,3,0,0
74.4828,-1.0,10,4,3,0,0
74.4828,-1.0,50,10,3,0,0
74.6121,-1.0,10,1,3,0,0
74.7414,-1.0,10,4,3,0,0
74.8707,-1.0,10,7,3,0,0
75.0,-1.0,10,1,3,0,0
75.0,-1.0,10,10,3,0,0
75.1293,-1.0,10,4,3,0,0
75.2586,-1.0,10,7,3,0,0
75.3879,-1.0,10,1,3,0,0
75.3879,-1.0,10,10,3,0,0
75.6466,-1.0,10,7,3,0,0
75.7759,-1.0,10,1,3,0,0
76.0345,-1.0,20,4,3,0,0
76.0345,-1.0,50,10,3,0,0
76.1638,-1.0,10,4,3,0,0
76.2931,-1.0,50,1,3,0,0
76.2931,-1.0,20,7,3,0,0
76.4224,-1.0,10,7,3,0,0
76.5517,-1.0,20,4,3,0,0
76.5517,-1.0,50,10,3,0,0
76.9397,-1.0,10,4,3,0,0
77.0690,-1.0,10,1,3,0,0
77.0690,-1.0,10,7,3,0,0
77.3276,-1.0,10,4,3,0,0
77.3276,-1.0,80,10,3,0,0
77.3276,78.3621,100,10,3,0,0
77.5862,-1.0,10,4,3,0,0
77.5862,-1.0,900,10,3,0,0
77.7155,-1.0,10,4,3,0,0
77.8448,-1.0,10,1,3,0,0
77.8448,-1.0,900,10,3,0,0
78.1034,-1.0,10,1,3,0,0
78.1034,-1.0,900,10,3,0,0
78.2328,-1.0,10,1,3,0,0
78.3621,-1.0,10,4,3,0,0
78.6207,-1.0,50,1,3,0,0
78.6207,-1.0,10,7,3,0,0
78.7500,-1.0,10,10,3,0,0
78.8793,-1.0,10,7,3,0,0
79.0086,-1.0,10,4,3,0,0
79.1379,-1.0,10,1,3,0,0
79.1379,-1.0,10,10,3,0,0
79.2672,-1.0,10,7,3,0,0
79.3966,-1.0,10,4,3,0,0
79.5259,-1.0,10,1,3,0,0
79.5259,-1.0,10,10,3,0,0
79.7845,-1.0,10,4,3,0,0
79.9138,-1.0,10,10,3,0,0
80.1724,-1.0,50,1,3,0,0
80.1724,-1.0,20,7,3,0,0
80.3017,-1.0,10,7,3,0,0
80.4310,-1.0,20,4,3,0,0
80.4310,-1.0,50,10,3,0,0
80.5603,-1.0,10,4,3,0,0
80.6897,-1.0,50,1,3,0,0
80.6897,-1.0,20,10,3,0,0
80.8190,-1.0,10,7,3,0,0
80.9483,-1.0,10,4,3,0,0
81.0776,-1.0,10,1,3,0,0
81.2069,-1.0,10,10,3,0,0
81.3362,-1.0,10,7,3,0,0
81.4655,-1.0,10,4,3,0,0
81.5948,-1.0,10,1,3,0,0
81.7241,-1.0,10,7,3,0,0
81.8534,-1.0,10,4,3,0,0
82.1121,-1.0,20,7,3,0,0
82.1767,-1.0,20,4,3,0,0
82.2414,-1.0,20,7,3,0,0
82.3707,-1.0,20,7,3,0,0
82.5000,-1.0,50,4,3,0,0
82.7586,-1.0,10,4,3,0,0
82.7586,-1.0,50,10,3,0,0
82.8879,-1.0,10,1,3,0,0
83.0172,-1.0,10,4,3,0,0
83.1466,-1.0,10,7,3,0,0
83.2759,-1.0,10,1,3,0,0
83.2759,-1.0,10,10,3,0,0
83.4052,-1.0,10,4,3,0,0
83.5345,-1.0,10,7,3,0,0
83.6638,-1.0,10,1,3,0,0
83.6638,-1.0,10,10,3,0,0
83.9224,-1.0,10,7,3,0,0
84.0517,-1.0,10,1,3,0,0
84.3103,-1.0,20,4,3,0,0
84.3103,-1.0,50,10,3,0,0
84.4397,-1.0,10,4,3,0,0
84.5690,-1.0,50,1,3,0,0
84.5690,-1.0,20,7,3,0,0
84.6983,-1.0,10,7,3,0,0
84.8276,-1.0,20,4,3,0,0
84.8276,-1.0,50,10,3,0,0
85.2155,-1.0,10,4,3,0,0
85.3448,-1.0,10,1,3,0,0
85.3448,-1.0,10,7,3,0,0
85.6034,-1.0,10,4,3,0,0
85.6034,-1.0,80,10,3,0,0
85.6034,86.6379,100,10,3,0,0
85.8621,-1.0,10,4,3,0,0
85.8621,-1.0,900,10,3,0,0
85.9914,-1.0,10,4,3,0,0
86.1207,-1.0,10,1,3,0,0
86.1207,-1.0,900,10,3,0,0
86.3793,-1.0,10,1,3,0,0
86.3793,-1.0,900,10,3,0,0
86.5086,-1.0,10,1,3,0,0
86.6379,-1.0,10,4,3,0,0
86.8966,-1.0,50,1,3,0,0
86.8966,-1.0,10,7,3,0,0
87.0259,-1.0,10,10,3,0,0
87.1552,-1.0,10,7,3,0,0
87.2845,-1.0,10,4,3,0,0
87.4138,-1.0,10,1,3,0,0
87.4138,-1.0,10,10,3,0,0
87.5431,-1.0,10,7,3,0,0
87.6724,-1.0,10,4,3,0,0
87.8017,-1.0,10,1,3,0,0
87.8017,-1.0,10,10,3,0,0
87.9310,-1.0,10,4,3,0,0
88.0603,-1.0,10,10,3,0,0
88.3190,-1.0,20,4,3,0,0
88.3836,-1.0,20,7,3,0,0
88.4483,-1.0,20,4,3,0,0
88.5776,-1.0,20,4,3,0,0
88.7069,-1.0,50,7,3,0,0
89.7414,-1.0,82,7,2,0,0
89.7414,89.8060,110,7,2,JumpScratch,3
89.8060,89.8707,110,8,2,JumpScratch,3
89.8707,89.9353,110,9,2,JumpScratch,3
89.9353,90.0,110,10,2,JumpScratch,3
90.3879,-1.0,20,6,2,0,0
90.7759,-1.0,20,1,2,0,0
91.2931,-1.0,10,8,3,0,0
91.4224,-1.0,10,8,3,0,0
91.5517,-1.0,10,1,6,0,0
91.5517,-1.0,82,8,3,0,0
91.5517,91.8103,110,8,3,JumpScratch,-6
91.8103,-1.0,10,1,3,0,0
91.8103,91.9397,110,5,3,JumpScratch,6
91.9397,-1.0,10,1,3,0,0
92.3276,-1.0,10,3,3,0,0
92.4569,-1.0,10,3,3,0,0
92.5862,-1.0,82,3,3,0,0
92.5862,92.8448,110,3,3,JumpScratch,6
92.5862,-1.0,10,7,6,0,0
92.8448,92.9741,110,6,3,JumpScratch,-6
92.8448,-1.0,10,10,3,0,0
92.9741,-1.0,10,10,3,0,0
93.3621,-1.0,10,7,3,0,0
93.4914,-1.0,10,7,3,0,0
93.6207,-1.0,10,1,5,0,0
93.6207,-1.0,82,7,3,0,0
93.6207,93.8793,110,7,3,JumpScratch,6
93.8793,-1.0,10,3,3,0,0
93.8793,94.0086,110,10,3,JumpScratch,-6
94.0086,-1.0,10,3,3,0,0
94.3966,-1.0,10,4,3,0,0
94.5259,-1.0,10,4,3,0,0
94.6552,-1.0,82,4,3,0,0
94.6552,94.9138,110,4,3,JumpScratch,-6
94.6552,-1.0,10,8,5,0,0
94.9138,95.0431,110,1,3,JumpScratch,6
94.9138,-1.0,10,8,3,0,0
95.0431,-1.0,10,8,3,0,0
95.4310,-1.0,10,1,3,0,0
95.5603,-1.0,10,4,3,0,0
95.6897,-1.0,10,7,3,0,0
95.8190,-1.0,10,4,3,0,0
95.9483,-1.0,10,7,3,0,0
96.0776,-1.0,10,10,3,0,0
96.3362,-1.0,10,1,3,0,0
96.3362,-1.0,10,5,4,0,0
96.5948,-1.0,10,5,4,0,0
96.5948,-1.0,10,10,3,0,0
96.8534,-1.0,10,1,3,0,0
96.8534,-1.0,10,5,4,0,0
97.1121,-1.0,82,5,4,0,0
97.1121,97.2414,110,5,4,0,0
97.1121,-1.0,10,10,3,0,0
97.6293,-1.0,10,4,3,0,0
97.7586,-1.0,10,10,3,0,0
97.8879,-1.0,10,7,3,0,0
98.0172,-1.0,10,4,3,0,0
98.1466,-1.0,10,1,3,0,0
98.2759,-1.0,82,5,4,0,0
98.2759,98.6638,110,5,4,0,0
98.5345,-1.0,900,5,4,0,0
98.5345,-1.0,40,5,4,0,0
98.9224,-1.0,82,1,4,0,0
98.9224,99.3103,110,1,4,0,0
98.9224,-1.0,80,9,4,0,0
98.9224,99.1810,100,9,4,0,0
99.1810,-1.0,900,1,4,0,0
99.1810,-1.0,40,1,4,0,0
99.3103,-1.0,10,5,4,0,0
100.8621,-1.0,80,4,2,0,0
100.8621,101.3793,100,4,2,0,0
101.1207,-1.0,900,4,2,0,0
101.3793,-1.0,10,9,4,0,0
102.4138,-1.0,50,1,4,0,0
102.8017,-1.0,50,5,4,0,0
103.1897,-1.0,50,9,4,0,0
103.4483,-1.0,50,5,4,0,0
103.7069,-1.0,10,1,3,0,0
103.8362,-1.0,10,4,3,0,0
103.9655,-1.0,10,7,3,0,0
104.0948,-1.0,10,4,3,0,0
104.2241,-1.0,10,7,3,0,0
104.3534,-1.0,10,10,3,0,0
104.6121,-1.0,10,1,3,0,0
104.6121,-1.0,10,5,4,0,0
104.8707,-1.0,10,5,4,0,0
104.8707,-1.0,10,10,3,0,0
105.1293,-1.0,10,1,3,0,0
105.1293,-1.0,82,5,4,0,0
105.1293,105.3879,110,5,4,0,0
106.0345,-1.0,82,1,4,0,0
106.0345,106.5517,110,1,4,JumpScratch,8
106.2931,-1.0,900,1,4,0,0
106.5517,107.0690,110,5,4,0,0
106.8103,-1.0,900,5,4,0,0
107.0690,-1.0,82,9,4,0,0
107.0690,107.5862,110,9,4,0,0
107.3276,-1.0,900,9,4,0,0
107.5862,-1.0,83,5,3,0,0
107.5862,107.8448,110,5,3,JumpScratch,-6
107.8448,107.9741,110,2,3,JumpScratch,7
107.8448,-1.0,10,10,3,0,0
107.9741,108.1034,110,6,3,JumpScratch,-6
107.9741,-1.0,10,10,3,0,0
108.1034,-1.0,10,10,3,0,0
108.3621,-1.0,50,1,4,0,0
108.3621,-1.0,83,6,3,0,0
108.3621,108.6207,110,6,3,JumpScratch,6
108.6207,-1.0,10,1,3,0,0
108.6207,108.7500,110,9,3,JumpScratch,-7
108.7500,-1.0,10,1,3,0,0
108.7500,108.8793,110,5,3,JumpScratch,6
108.8793,-1.0,10,1,3,0,0
109.1379,-1.0,50,1,4,0,0
109.1379,-1.0,50,9,4,0,0
109.6552,-1.0,10,1,3,0,0
109.7845,-1.0,10,4,3,0,0
109.9138,-1.0,10,7,3,0,0
110.0431,-1.0,10,10,3,0,0
110.4310,-1.0,10,4,3,0,0
110.5603,-1.0,10,7,3,0,0
110.6897,-1.0,50,1,5,0,0
110.8190,-1.0,10,7,3,0,0
110.9483,-1.0,50,4,5,0,0
111.0776,-1.0,10,10,3,0,0
111.2069,-1.0,50,1,5,0,0
111.3362,-1.0,10,7,3,0,0
111.4655,-1.0,50,4,5,0,0
111.5948,-1.0,10,10,3,0,0
111.7241,-1.0,83,5,3,0,0
111.7241,111.9828,110,5,3,JumpScratch,-6
111.7241,-1.0,50,9,4,0,0
111.9828,112.1121,110,2,3,JumpScratch,7
111.9828,-1.0,10,10,3,0,0
112.1121,112.2414,110,6,3,JumpScratch,-6
112.1121,-1.0,10,10,3,0,0
112.2414,-1.0,10,10,3,0,0
112.5000,-1.0,50,1,4,0,0
112.5000,-1.0,83,6,3,0,0
112.5000,112.7586,110,6,3,JumpScratch,6
112.7586,-1.0,10,1,3,0,0
112.7586,112.8879,110,9,3,JumpScratch,-7
112.8879,-1.0,10,1,3,0,0
112.8879,113.0172,110,5,3,JumpScratch,6
113.0172,-1.0,10,1,3,0,0
113.2759,-1.0,50,1,4,0,0
113.2759,-1.0,50,9,4,0,0
113.7931,-1.0,10,1,3,0,0
113.9224,-1.0,10,4,3,0,0
114.0517,-1.0,10,7,3,0,0
114.1810,-1.0,10,10,3,0,0
114.5690,-1.0,80,4,3,0,0
114.5690,114.8276,100,4,3,0,0
114.5690,-1.0,50,7,6,0,0
115.0862,-1.0,10,1,3,0,0
115.0862,-1.0,20,7,6,0,0
115.2155,-1.0,10,4,3,0,0
115.3448,-1.0,20,1,6,0,0
115.3448,-1.0,10,10,3,0,0
115.4741,-1.0,10,7,3,0,0
115.6034,-1.0,10,1,3,0,0
115.6034,-1.0,20,7,6,0,0
115.7328,-1.0,10,4,3,0,0
115.8621,-1.0,10,8,4,0,0
115.9914,-1.0,10,5,3,0,0
116.1207,-1.0,10,6,4,0,0
116.2500,-1.0,10,3,3,0,0
116.3793,-1.0,50,1,4,0,0
116.3793,-1.0,10,10,3,0,0
116.5086,-1.0,10,7,3,0,0
116.6379,-1.0,10,4,3,0,0
116.7672,-1.0,10,1,3,0,0
116.8966,-1.0,10,7,4,0,0
117.0259,-1.0,10,4,3,0,0
117.1552,-1.0,10,5,4,0,0
117.2845,-1.0,10,2,3,0,0
117.4138,-1.0,50,1,3,0,0
117.4138,-1.0,10,9,4,0,0
117.5431,-1.0,10,9,4,0,0
117.6724,-1.0,10,4,3,0,0
117.8017,-1.0,10,8,3,0,0
117.9310,-1.0,10,3,4,0,0
118.0603,-1.0,10,7,3,0,0
118.1897,-1.0,10,5,4,0,0
118.3190,-1.0,10,9,3,0,0
118.4483,-1.0,10,1,3,0,0
118.4483,-1.0,50,10,3,0,0
118.5776,-1.0,10,4,3,0,0
118.7069,-1.0,10,7,3,0,0
118.8362,-1.0,10,10,3,0,0
118.9655,-1.0,10,2,4,0,0
119.0948,-1.0,10,6,3,0,0
119.2241,-1.0,10,4,4,0,0
119.3534,-1.0,10,8,3,0,0
119.4828,-1.0,10,1,4,0,0
119.4828,-1.0,50,9,4,0,0
119.6121,-1.0,10,1,4,0,0
119.7414,-1.0,10,7,3,0,0
119.8707,-1.0,10,4,3,0,0
120.0,-1.0,50,1,4,0,0
120.0,-1.0,83,7,6,0,0
120.0,120.7759,110,7,6,0,0
120.2586,-1.0,900,7,6,0,0
120.3879,-1.0,50,3,4,0,0
120.3879,-1.0,40,7,6,0,0
120.5172,-1.0,900,7,6,0,0
120.7759,-1.0,50,1,4,0,0
121.0345,-1.0,10,10,3,0,0
121.1638,-1.0,10,7,3,0,0
121.2931,-1.0,10,4,3,0,0
121.4224,-1.0,10,1,3,0,0
121.5517,-1.0,10,10,3,0,0
121.6810,-1.0,10,7,3,0,0
121.8103,-1.0,10,4,3,0,0
121.9397,-1.0,10,1,3,0,0
122.0690,-1.0,10,4,6,0,0
122.3276,-1.0,10,4,6,0,0
122.5862,-1.0,10,1,6,0,0
122.5862,-1.0,10,7,6,0,0
122.8448,-1.0,10,1,6,0,0
122.8448,-1.0,10,7,6,0,0
123.1034,-1.0,10,7,3,0,0
123.1681,-1.0,10,4,3,0,0
123.2328,-1.0,10,7,3,0,0
123.2974,-1.0,10,4,3,0,0
123.3621,-1.0,10,7,4,0,0
123.4267,-1.0,10,3,4,0,0
123.4914,-1.0,10,7,4,0,0
123.5560,-1.0,10,3,4,0,0
123.6207,-1.0,10,7,5,0,0
123.6853,-1.0,10,2,5,0,0
123.7500,-1.0,10,7,5,0,0
123.8147,-1.0,10,2,5,0,0
123.8793,-1.0,10,7,6,0,0
123.9440,-1.0,10,1,6,0,0
124.0086,-1.0,10,7,6,0,0
124.0733,-1.0,10,1,6,0,0
124.1379,-1.0,50,5,4,0,0
126.2069,-1.0,50,1,4,0,0
126.2069,-1.0,50,9,4,0,0
126.5948,-1.0,82,3,3,0,0
126.5948,126.6595,110,3,3,JumpScratch,5
126.6595,126.7241,110,5,3,JumpScratch,5
127.2414,-1.0,50,5,6,0,0
127.3707,-1.0,10,1,4,0,0
127.5000,-1.0,50,7,6,0,0
127.6293,-1.0,10,5,4,0,0
127.7586,-1.0,10,10,3,0,0
127.8233,-1.0,10,6,3,0,0
127.8879,-1.0,10,9,3,0,0
127.9526,-1.0,10,4,3,0,0
128.0172,-1.0,10,7,3,0,0
128.0819,-1.0,10,2,3,0,0
128.1466,-1.0,10,5,3,0,0
128.2112,-1.0,10,1,3,0,0
128.2759,-1.0,50,4,6,0,0
128.4052,-1.0,10,1,4,0,0
128.5345,-1.0,10,9,4,0,0
128.6638,-1.0,10,5,4,0,0
128.9224,-1.0,10,1,3,0,0
128.9224,-1.0,10,5,4,0,0
129.1810,-1.0,82,5,4,0,0
129.1810,130.0862,110,5,4,JumpScratch,8
129.1810,-1.0,82,10,3,0,0
129.1810,129.4397,110,10,3,JumpScratch,-12
129.4397,129.5690,110,1,3,JumpScratch,12
129.5690,129.8276,110,10,3,JumpScratch,-12
129.6983,-1.0,900,5,4,0,0
129.9569,-1.0,900,5,4,0,0
130.0862,-1.0,10,1,3,0,0
130.3448,-1.0,10,10,3,0,0
130.4741,-1.0,10,4,4,0,0
130.6034,-1.0,10,7,3,0,0
130.7328,-1.0,10,1,3,0,0
130.9914,-1.0,10,5,4,0,0
130.9914,-1.0,10,10,3,0,0
131.2500,-1.0,82,1,3,0,0
131.2500,131.5086,110,1,3,JumpScratch,12
131.2500,-1.0,82,5,4,0,0
131.2500,132.2845,110,5,4,0,0
131.5086,131.6379,110,10,3,JumpScratch,-12
131.6379,131.8966,110,1,3,JumpScratch,6
131.7672,-1.0,900,5,4,0,0
131.8966,132.0259,110,4,3,JumpScratch,6
132.0259,132.1552,110,7,3,JumpScratch,6
132.4138,-1.0,10,10,3,0,0
132.5431,-1.0,10,4,3,0,0
132.6724,-1.0,10,7,3,0,0
132.8017,-1.0,10,1,3,0,0
132.9310,-1.0,82,4,3,0,0
132.9310,133.0603,110,4,3,0,0
132.9310,-1.0,82,10,3,0,0
132.9310,133.0603,110,10,3,0,0
133.3190,-1.0,50,1,6,0,0
133.3190,-1.0,81,7,3,0,0
133.3190,133.5776,101,7,3,0,0
133.5776,-1.0,10,4,3,0,0
133.7069,-1.0,10,4,3,0,0
133.7069,-1.0,10,10,3,0,0
133.9655,-1.0,50,1,3,0,0
133.9655,-1.0,20,5,4,0,0
134.2241,-1.0,20,5,4,0,0
134.2241,-1.0,50,10,3,0,0
134.4828,-1.0,10,1,3,0,0
134.6121,-1.0,10,7,3,0,0
134.7414,-1.0,10,4,3,0,0
134.8707,-1.0,10,10,3,0,0
135.1293,-1.0,50,1,3,0,0
135.1293,-1.0,20,5,4,0,0
135.3879,-1.0,83,5,4,0,0
135.3879,135.7759,110,5,4,0,0
135.3879,-1.0,50,10,3,0,0
135.5172,-1.0,40,5,4,0,0
135.6466,-1.0,900,5,4,0,0
135.6466,-1.0,40,5,4,0,0
136.0345,-1.0,83,1,4,0,0
136.0345,136.2931,110,1,4,0,0
136.0345,-1.0,83,9,4,0,0
136.0345,136.2931,110,9,4,0,0
136.1638,-1.0,40,1,4,0,0
136.1638,-1.0,40,9,4,0,0
136.5517,-1.0,10,10,3,0,0
136.6810,-1.0,10,7,3,0,0
136.8103,-1.0,10,1,3,0,0
136.9397,-1.0,10,4,3,0,0
137.0690,-1.0,10,10,3,0,0
137.1983,-1.0,10,4,3,0,0
137.1983,-1.0,10,10,3,0,0
137.4569,-1.0,50,1,6,0,0
137.4569,-1.0,82,7,3,0,0
137.4569,137.7155,110,7,3,JumpScratch,-5
137.7155,-1.0,82,1,3,0,0
137.7155,137.8448,110,1,3,JumpScratch,12
137.7155,138.3621,110,5,4,0,0
137.8448,138.1034,110,10,3,JumpScratch,-12
137.9741,-1.0,900,5,4,0,0
138.1034,138.3621,110,1,3,0,0
138.2328,-1.0,900,5,4,0,0
138.6207,-1.0,10,10,3,0,0
138.7500,-1.0,10,7,3,0,0
138.8793,-1.0,10,4,3,0,0
139.0086,-1.0,10,1,3,0,0
139.1379,-1.0,10,7,3,0,0
139.2672,-1.0,10,1,3,0,0
139.2672,-1.0,10,7,3,0,0
139.5259,-1.0,82,4,3,0,0
139.5259,140.1724,110,4,3,JumpScratch,-6
139.5259,-1.0,50,7,6,0,0
139.7845,-1.0,900,4,3,0,0
139.7845,-1.0,10,7,3,0,0
139.9138,-1.0,10,7,3,0,0
140.0431,-1.0,900,4,3,0,0
140.1724,140.3448,110,1,3,JumpScratch,5
140.1724,-1.0,20,8,5,0,0
140.3448,140.5172,110,3,3,JumpScratch,5
140.3448,-1.0,20,6,7,0,0
140.5172,140.6897,110,5,3,JumpScratch,-6
140.5172,-1.0,20,8,5,0,0
140.6897,-1.0,20,10,3,0,0
140.9483,-1.0,80,1,3,0,0
140.9483,141.0776,100,1,3,0,0
140.9483,-1.0,10,7,3,0,0
141.0776,-1.0,10,7,3,0,0
141.3362,-1.0,10,4,3,0,0
141.3362,-1.0,80,10,3,0,0
141.3362,141.4655,100,10,3,0,0
141.4655,-1.0,10,4,3,0,0
141.7241,-1.0,20,1,3,0,0
141.7241,-1.0,50,6,6,0,0
141.9828,-1.0,80,1,3,0,0
141.9828,142.1121,100,1,3,0,0
141.9828,-1.0,10,5,4,0,0
142.1121,-1.0,10,5,4,0,0
142.3707,-1.0,10,5,4,0,0
142.3707,-1.0,80,10,3,0,0
142.3707,142.5000,100,10,3,0,0
142.5000,-1.0,10,5,4,0,0
142.7586,-1.0,10,10,3,0,0
142.8879,-1.0,10,4,3,0,0
143.0172,-1.0,10,7,3,0,0
143.1466,-1.0,10,1,3,0,0
143.2759,-1.0,10,10,3,0,0
143.3405,-1.0,10,4,3,0,0
143.4052,-1.0,10,7,3,0,0
143.4698,-1.0,10,1,3,0,0
143.5345,-1.0,10,10,3,0,0
143.5991,-1.0,10,4,3,0,0
143.6638,-1.0,10,7,3,0,0
143.7284,-1.0,10,1,3,0,0
143.7931,-1.0,50,1,12,0,0
144.8276,-1.0,80,1,3,0,0
144.8276,146.8966,100,1,3,0,0
144.8276,-1.0,80,10,3,0,0
144.8276,146.8966,100,10,3,0,0
145.0862,-1.0,900,1,3,0,0
145.0862,-1.0,900,10,3,0,0
145.3448,-1.0,900,1,3,0,0
145.3448,-1.0,900,10,3,0,0
145.6034,-1.0,900,1,3,0,0
145.6034,-1.0,900,10,3,0,0
145.8621,-1.0,900,1,3,0,0
145.8621,-1.0,900,10,3,0,0
146.1207,-1.0,900,1,3,0,0
146.1207,-1.0,900,10,3,0,0
146.3793,-1.0,900,1,3,0,0
146.3793,-1.0,900,10,3,0,0
146.6379,-1.0,900,1,3,0,0
146.6379,-1.0,900,10,3,0,0
148.9655,-1.0,80,6,2,0,0
148.9655,149.4828,100,6,2,0,0
149.2241,-1.0,900,6,2,0,0
150.0,-1.0,80,3,2,0,0
150.0,150.5172,100,3,2,0,0
150.0,-1.0,80,9,2,0,0
150.0,150.5172,100,9,2,0,0
150.2586,-1.0,900,3,2,0,0
150.2586,-1.0,900,9,2,0,0
151.0345,-1.0,50,1,4,0,0
151.0345,-1.0,81,5,4,0,0
151.0345,151.2931,101,5,4,0,0
151.5517,-1.0,81,3,4,0,0
151.5517,151.8103,101,3,4,0,0
151.5517,-1.0,50,7,4,0,0
152.0690,-1.0,50,3,4,0,0
152.0690,-1.0,81,7,4,0,0
152.0690,152.3276,101,7,4,0,0
152.5862,-1.0,81,5,4,0,0
152.5862,152.8448,101,5,4,0,0
152.5862,-1.0,50,9,4,0,0
153.1034,-1.0,50,1,4,0,0
153.1034,-1.0,50,9,4,0,0
153.3621,-1.0,10,7,3,0,0
153.6207,-1.0,10,9,2,0,0
153.7069,-1.0,10,5,2,0,0
153.7931,-1.0,10,7,2,0,0
153.8793,-1.0,10,3,2,0,0
154.1379,-1.0,50,9,4,0,0
154.3966,-1.0,82,5,2,0,0
154.3966,154.4397,110,5,2,JumpScratch,-3
154.4397,154.4828,110,4,2,JumpScratch,-3
154.6552,-1.0,82,8,2,0,0
154.6552,154.6983,110,8,2,JumpScratch,-3
154.6983,154.7414,110,7,2,JumpScratch,-3
154.9138,-1.0,82,11,2,0,0
154.9138,154.9569,110,11,2,JumpScratch,-3
154.9569,155.0,110,10,2,JumpScratch,-3
155.0431,-1.0,10,3,3,0,0
155.1078,-1.0,10,6,3,0,0
155.1724,-1.0,50,1,4,0,0
155.4310,-1.0,10,4,3,0,0
155.5603,-1.0,10,8,2,0,0
155.6897,-1.0,10,3,2,0,0
155.7759,-1.0,10,7,2,0,0
155.8621,-1.0,10,5,2,0,0
155.9483,-1.0,10,9,2,0,0
156.2069,-1.0,50,1,4,0,0
156.4655,-1.0,10,10,3,0,0
156.5517,-1.0,10,5,2,0,0
156.6379,-1.0,10,10,3,0,0
156.7241,-1.0,10,3,3,0,0
156.8103,-1.0,10,9,2,0,0
156.8966,-1.0,10,3,3,0,0
156.9828,-1.0,10,6,3,0,0
157.0690,-1.0,10,1,2,0,0
157.1552,-1.0,10,6,3,0,0
157.2414,-1.0,50,1,4,0,0
157.2414,-1.0,50,9,4,0,0
157.5000,-1.0,10,7,3,0,0
157.7586,-1.0,10,9,2,0,0
157.8448,-1.0,10,5,2,0,0
157.9310,-1.0,10,7,2,0,0
158.0172,-1.0,10,3,2,0,0
158.2759,-1.0,50,9,4,0,0
158.5345,-1.0,82,5,2,0,0
158.5345,158.5776,110,5,2,JumpScratch,-3
158.5776,158.6207,110,4,2,JumpScratch,-3
158.7931,-1.0,82,8,2,0,0
158.7931,158.8362,110,8,2,JumpScratch,-3
158.8362,158.8793,110,7,2,JumpScratch,-3
159.0517,-1.0,82,11,2,0,0
159.0517,159.0948,110,11,2,JumpScratch,-3
159.0948,159.1379,110,10,2,JumpScratch,-3
159.1810,-1.0,10,3,3,0,0
159.2457,-1.0,10,6,3,0,0
159.3103,-1.0,50,1,4,0,0
159.5690,-1.0,10,4,3,0,0
159.6983,-1.0,10,9,2,0,0
159.8276,-1.0,10,3,2,0,0
159.9138,-1.0,10,7,2,0,0
160.0,-1.0,10,5,2,0,0
160.0862,-1.0,10,9,2,0,0
160.3448,-1.0,50,1,4,0,0
160.6034,-1.0,10,10,3,0,0
160.6897,-1.0,10,5,2,0,0
160.7759,-1.0,10,10,3,0,0
160.8621,-1.0,10,3,3,0,0
160.9483,-1.0,10,9,2,0,0
161.0345,-1.0,10,3,3,0,0
161.1207,-1.0,10,6,3,0,0
161.2069,-1.0,10,1,2,0,0
161.2931,-1.0,10,6,3,0,0
161.3793,-1.0,10,1,4,0,0
161.6379,-1.0,10,9,4,0,0
161.7672,-1.0,10,5,4,0,0
161.8966,-1.0,81,5,4,0,0
161.8966,162.1552,101,5,4,0,0
161.8966,-1.0,50,9,4,0,0
162.1552,-1.0,10,10,3,0,0
162.2845,-1.0,10,5,4,0,0
162.4138,-1.0,10,10,3,0,0
162.6724,-1.0,10,5,4,0,0
162.6724,-1.0,10,10,3,0,0
162.9310,-1.0,50,1,4,0,0
162.9310,-1.0,20,5,4,0,0
163.1897,-1.0,10,5,4,0,0
163.1897,-1.0,10,10,3,0,0
163.4483,-1.0,10,1,4,0,0
163.7069,-1.0,10,9,4,0,0
163.8362,-1.0,10,5,4,0,0
163.9655,-1.0,81,5,4,0,0
163.9655,164.2241,101,5,4,0,0
163.9655,-1.0,50,9,4,0,0
164.2241,-1.0,10,10,3,0,0
164.3534,-1.0,10,5,4,0,0
164.4828,-1.0,10,10,3,0,0
164.7414,-1.0,10,5,4,0,0
164.7414,-1.0,10,10,3,0,0
165.0,-1.0,50,1,4,0,0
165.0,-1.0,20,5,4,0,0
165.2586,-1.0,10,5,4,0,0
165.2586,-1.0,10,10,3,0,0
165.5172,-1.0,10,1,4,0,0
165.5172,-1.0,80,5,4,0,0
165.5172,165.7759,100,5,4,0,0
165.7759,-1.0,10,1,4,0,0
166.0345,-1.0,20,5,4,0,0
166.0345,-1.0,50,9,4,0,0
166.2931,-1.0,10,10,3,0,0
166.4224,-1.0,10,5,4,0,0
166.5517,-1.0,10,10,3,0,0
166.8103,-1.0,10,5,4,0,0
166.8103,-1.0,10,10,3,0,0
167.0690,-1.0,50,1,4,0,0
167.0690,-1.0,20,5,4,0,0
167.3276,-1.0,10,5,4,0,0
167.3276,-1.0,10,10,3,0,0
167.5862,-1.0,20,1,4,0,0
167.5862,-1.0,20,9,4,0,0
167.8448,-1.0,20,1,4,0,0
167.8448,-1.0,20,9,4,0,0
168.1034,-1.0,20,1,4,0,0
168.1034,-1.0,20,9,4,0,0
168.3621,-1.0,20,1,4,0,0
168.3621,-1.0,20,9,4,0,0
168.6207,-1.0,50,1,4,0,0
168.6207,-1.0,10,7,4,0,0
168.7500,-1.0,10,7,4,0,0
168.8793,-1.0,10,3,4,0,0
168.8793,-1.0,50,9,4,0,0
169.0086,-1.0,10,3,4,0,0
169.1379,-1.0,50,1,4,0,0
169.1379,-1.0,10,7,4,0,0
169.2672,-1.0,10,7,4,0,0
169.3966,-1.0,10,4,3,0,0
169.4612,-1.0,10,7,3,0,0
169.5259,-1.0,10,4,3,0,0
169.5905,-1.0,10,7,3,0,0
169.6552,-1.0,50,1,6,0,0
171.7241,-1.0,10,1,2,0,0
171.7241,-1.0,10,11,2,0,0
171.9828,-1.0,10,3,2,0,0
172.2414,-1.0,10,5,2,0,0
172.5000,-1.0,10,7,2,0,0
172.7586,-1.0,10,1,2,0,0
172.7586,-1.0,10,9,2,0,0
173.0172,-1.0,10,7,2,0,0
173.2759,-1.0,10,5,2,0,0
173.5345,-1.0,10,3,2,0,0
173.7931,-1.0,10,1,2,0,0
173.7931,-1.0,10,9,2,0,0
174.0517,-1.0,10,11,2,0,0
174.1164,-1.0,10,5,2,0,0
174.1810,-1.0,10,8,2,0,0
174.3103,-1.0,10,6,2,0,0
174.5690,-1.0,10,4,2,0,0
174.5690,-1.0,10,9,2,0,0
174.8276,-1.0,10,11,2,0,0
174.9569,-1.0,10,6,2,0,0
175.0862,-1.0,10,8,2,0,0
175.2155,-1.0,10,3,2,0,0
175.3448,-1.0,10,9,2,0,0
175.4741,-1.0,10,4,2,0,0
175.6034,-1.0,10,6,2,0,0
175.7328,-1.0,10,1,2,0,0
175.8621,-1.0,10,11,2,0,0
176.1207,-1.0,10,3,2,0,0
176.3793,-1.0,10,5,2,0,0
176.6379,-1.0,10,7,2,0,0
176.8966,-1.0,10,1,2,0,0
176.8966,-1.0,10,9,2,0,0
177.1552,-1.0,10,7,2,0,0
177.4138,-1.0,10,5,2,0,0
177.6724,-1.0,10,3,2,0,0
177.9310,-1.0,10,1,2,0,0
177.9310,-1.0,10,9,2,0,0
178.1897,-1.0,10,11,2,0,0
178.2543,-1.0,10,5,2,0,0
178.3190,-1.0,10,8,2,0,0
178.4483,-1.0,10,6,2,0,0
178.7069,-1.0,10,4,2,0,0
178.7069,-1.0,10,9,2,0,0
178.9655,-1.0,10,7,2,0,0
179.0948,-1.0,10,2,2,0,0
179.2241,-1.0,10,9,2,0,0
179.3534,-1.0,10,4,2,0,0
179.4828,-1.0,10,8,2,0,0
179.6121,-1.0,10,3,2,0,0
179.7414,-1.0,10,10,2,0,0
179.8707,-1.0,10,5,2,0,0
180.0,-1.0,10,11,2,0,0
180.1293,-1.0,10,5,2,0,0
180.2586,-1.0,10,8,2,0,0
180.3879,-1.0,10,3,2,0,0
180.5172,-1.0,10,1,2,0,0
180.5172,-1.0,10,11,2,0,0
180.6466,-1.0,10,9,2,0,0
180.7759,-1.0,10,4,2,0,0
180.9052,-1.0,10,7,2,0,0
181.0345,-1.0,10,1,2,0,0
181.0345,-1.0,10,9,2,0,0
181.1638,-1.0,10,3,2,0,0
181.2931,-1.0,10,8,2,0,0
181.4224,-1.0,10,5,2,0,0
181.5517,-1.0,10,3,2,0,0
181.5517,-1.0,10,11,2,0,0
181.6810,-1.0,10,9,2,0,0
181.8103,-1.0,10,5,2,0,0
181.9397,-1.0,10,7,2,0,0
182.0690,-1.0,10,1,2,0,0
182.0690,-1.0,10,9,2,0,0
182.1983,-1.0,10,5,2,0,0
182.3276,-1.0,10,8,2,0,0
182.4569,-1.0,10,3,2,0,0
182.5862,-1.0,10,1,2,0,0
182.5862,-1.0,10,11,2,0,0
182.7155,-1.0,10,9,2,0,0
182.8448,-1.0,10,4,2,0,0
182.9741,-1.0,10,7,2,0,0
183.1034,-1.0,10,1,2,0,0
183.1034,-1.0,10,9,2,0,0
183.2328,-1.0,10,3,2,0,0
183.3621,-1.0,10,8,2,0,0
183.4914,-1.0,10,5,2,0,0
183.6207,-1.0,10,3,2,0,0
183.6207,-1.0,10,11,2,0,0
183.7500,-1.0,10,9,2,0,0
183.8793,-1.0,10,5,2,0,0
184.0086,-1.0,10,7,2,0,0
184.1379,-1.0,82,1,2,0,0
184.1379,184.2026,110,1,2,JumpScratch,4
184.2026,184.2672,110,3,2,JumpScratch,4
184.3966,-1.0,10,9,2,0,0
184.6552,-1.0,10,2,2,0,0
184.6552,-1.0,10,11,2,0,0
184.9138,-1.0,10,4,2,0,0
185.1724,-1.0,82,7,2,0,0
185.1724,185.2371,110,7,2,JumpScratch,4
185.2371,185.3017,110,9,2,JumpScratch,4
185.4310,-1.0,10,3,2,0,0
185.6897,-1.0,10,1,2,0,0
185.6897,-1.0,10,10,2,0,0
185.9483,-1.0,10,8,2,0,0
186.2069,-1.0,50,1,6,0,0
186.2069,-1.0,20,7,6,0,0
186.4655,-1.0,20,1,6,0,0
186.4655,-1.0,50,7,6,0,0
186.7241,-1.0,50,1,6,0,0
186.7241,-1.0,20,7,6,0,0
186.9828,-1.0,20,1,6,0,0
186.9828,-1.0,50,7,6,0,0
187.2414,-1.0,10,1,3,0,0
187.3707,-1.0,10,7,3,0,0
187.5000,-1.0,10,4,3,0,0
187.6293,-1.0,10,10,3,0,0
187.7586,-1.0,10,5,3,0,0
187.8233,-1.0,10,9,3,0,0
187.8879,-1.0,10,4,3,0,0
187.9526,-1.0,10,8,3,0,0
188.0172,-1.0,10,3,3,0,0
188.0819,-1.0,10,7,3,0,0
188.1466,-1.0,10,2,3,0,0
188.2112,-1.0,10,6,3,0,0
188.2759,-1.0,50,1,5,0,0
188.4052,-1.0,10,7,3,0,0
188.5345,-1.0,10,4,3,0,0
188.6638,-1.0,20,1,3,0,0
188.6638,-1.0,50,7,3,0,0
188.9224,-1.0,50,4,3,0,0
188.9224,-1.0,20,10,3,0,0
189.1810,-1.0,83,1,3,0,0
189.1810,189.5690,110,1,3,JumpScratch,12
189.1810,-1.0,50,7,3,0,0
189.4397,-1.0,900,1,3,0,0
189.4397,-1.0,83,5,4,0,0
189.4397,190.0862,110,5,4,0,0
189.5690,189.8276,110,10,3,JumpScratch,-12
189.6983,-1.0,900,5,4,0,0
189.9569,-1.0,900,5,4,0,0
190.0862,-1.0,81,1,3,0,0
190.0862,190.3448,101,1,3,0,0
190.3448,-1.0,50,8,5,0,0
190.4741,-1.0,10,4,3,0,0
190.6034,-1.0,10,7,3,0,0
190.7328,-1.0,50,4,3,0,0
190.7328,-1.0,20,10,3,0,0
190.9914,-1.0,20,1,3,0,0
190.9914,-1.0,50,7,3,0,0
191.2500,-1.0,50,4,3,0,0
191.2500,-1.0,83,10,3,0,0
191.2500,191.6379,110,10,3,JumpScratch,-12
191.5086,-1.0,83,5,4,0,0
191.5086,191.8966,110,5,4,JumpScratch,8
191.5086,-1.0,900,10,3,0,0
191.6379,192.0259,110,1,3,JumpScratch,6
191.7672,-1.0,900,5,4,0,0
191.8966,-1.0,900,1,3,0,0
191.8966,192.1552,110,10,3,JumpScratch,-6
192.0259,192.2845,110,4,3,JumpScratch,-6
192.4138,-1.0,10,10,3,0,0
192.5431,-1.0,10,7,3,0,0
192.6724,-1.0,10,4,3,0,0
192.8017,-1.0,10,1,3,0,0
192.9310,-1.0,10,7,3,0,0
193.0603,-1.0,10,1,3,0,0
193.0603,-1.0,10,7,3,0,0
193.3190,-1.0,83,4,3,0,0
193.3190,193.7069,110,4,3,0,0
193.3190,-1.0,50,8,5,0,0
193.5776,-1.0,900,4,3,0,0
193.5776,-1.0,10,10,3,0,0
193.7069,-1.0,10,10,3,0,0
193.9655,-1.0,20,1,4,0,0
193.9655,-1.0,50,7,3,0,0
194.2241,-1.0,50,4,3,0,0
194.2241,-1.0,20,9,4,0,0
194.4828,-1.0,10,10,3,0,0
194.6121,-1.0,10,7,3,0,0
194.7414,-1.0,10,4,3,0,0
194.8707,-1.0,20,1,3,0,0
194.8707,-1.0,20,6,4,0,0
195.1293,-1.0,20,4,4,0,0
195.1293,-1.0,20,10,3,0,0
195.3879,-1.0,81,1,3,0,0
195.3879,196.0345,101,1,3,0,0
195.3879,-1.0,83,6,3,0,0
195.3879,195.5172,110,6,3,JumpScratch,6
195.5172,195.6466,110,9,3,JumpScratch,-5
195.6466,-1.0,900,1,3,0,0
195.6466,195.7759,110,7,3,JumpScratch,6
195.9052,-1.0,900,1,3,0,0
196.0345,-1.0,83,7,3,0,0
196.0345,196.1638,110,7,3,JumpScratch,5
196.1638,196.2931,110,9,3,JumpScratch,-6
196.2931,-1.0,81,2,3,0,0
196.2931,196.5517,101,2,3,0,0
196.5517,-1.0,50,8,5,0,0
196.6810,-1.0,10,4,3,0,0
196.8103,-1.0,10,7,3,0,0
196.9397,-1.0,50,4,3,0,0
196.9397,-1.0,20,10,3,0,0
197.1983,-1.0,20,1,3,0,0
197.1983,-1.0,50,7,3,0,0
197.4569,-1.0,50,4,3,0,0
197.4569,-1.0,83,10,3,0,0
197.4569,197.8448,110,10,3,JumpScratch,-12
197.7155,-1.0,83,5,4,0,0
197.7155,198.3621,110,5,4,0,0
197.7155,-1.0,900,10,3,0,0
197.8448,198.1034,110,1,3,JumpScratch,12
197.9741,-1.0,900,5,4,0,0
198.2328,-1.0,900,5,4,0,0
198.3621,-1.0,81,10,3,0,0
198.3621,198.6207,101,10,3,0,0
198.6207,-1.0,50,1,5,0,0
198.7500,-1.0,10,7,3,0,0
198.8793,-1.0,10,4,3,0,0
199.0086,-1.0,20,1,3,0,0
199.0086,-1.0,50,7,3,0,0
199.2672,-1.0,50,4,3,0,0
199.2672,-1.0,20,10,3,0,0
199.5259,-1.0,81,1,3,0,0
199.5259,199.9138,101,1,3,0,0
199.5259,-1.0,50,7,3,0,0
199.7845,-1.0,900,1,3,0,0
199.7845,-1.0,10,5,4,0,0
199.9138,-1.0,10,5,4,0,0
200.1724,-1.0,81,1,3,0,0
200.1724,200.3448,101,1,3,0,0
200.1724,-1.0,20,9,4,0,0
200.3448,-1.0,20,7,4,0,0
200.5172,-1.0,20,3,4,0,0
200.5172,-1.0,83,10,3,0,0
200.5172,200.6897,110,10,3,0,0
200.6897,-1.0,50,1,4,0,0
200.9483,-1.0,10,7,3,0,0
201.0776,-1.0,10,4,3,0,0
201.2069,-1.0,50,1,3,0,0
201.2069,-1.0,10,10,3,0,0
201.3362,-1.0,10,7,3,0,0
201.4655,-1.0,10,4,3,0,0
201.7241,-1.0,20,1,4,0,0
201.7241,-1.0,50,9,4,0,0
201.9828,-1.0,10,4,3,0,0
202.1121,-1.0,10,7,3,0,0
202.2414,-1.0,10,1,3,0,0
202.2414,-1.0,50,10,3,0,0
202.3707,-1.0,10,4,3,0,0
202.5000,-1.0,10,7,3,0,0
202.7586,-1.0,10,10,3,0,0
202.8879,-1.0,10,7,3,0,0
203.0172,-1.0,10,4,3,0,0
203.1466,-1.0,10,1,3,0,0
203.2759,-1.0,10,10,3,0,0
203.3405,-1.0,10,4,3,0,0
203.4052,-1.0,10,7,3,0,0
203.4698,-1.0,10,1,3,0,0
203.5345,-1.0,10,10,3,0,0
203.5991,-1.0,10,4,3,0,0
203.6638,-1.0,10,7,3,0,0
203.7284,-1.0,10,1,3,0,0
203.7931,-1.0,50,1,12,0,0
204.8276,-1.0,10,4,3,0,0
204.8276,-1.0,50,10,3,0,0
204.9569,-1.0,10,1,3,0,0
205.0862,-1.0,10,4,3,0,0
205.2155,-1.0,10,7,3,0,0
205.3448,-1.0,10,1,3,0,0
205.3448,-1.0,10,10,3,0,0
205.4741,-1.0,10,4,3,0,0
205.6034,-1.0,10,7,3,0,0
205.7328,-1.0,10,1,3,0,0
205.7328,-1.0,10,10,3,0,0
205.9914,-1.0,10,7,3,0,0
206.1207,-1.0,10,1,3,0,0
206.3793,-1.0,20,4,3,0,0
206.3793,-1.0,50,10,3,0,0
206.5086,-1.0,10,4,3,0,0
206.6379,-1.0,50,1,3,0,0
206.6379,-1.0,20,7,3,0,0
206.7672,-1.0,10,7,3,0,0
206.8966,-1.0,20,4,3,0,0
206.8966,-1.0,50,10,3,0,0
207.2845,-1.0,10,4,3,0,0
207.4138,-1.0,10,1,3,0,0
207.4138,-1.0,10,7,3,0,0
207.6724,-1.0,10,4,3,0,0
207.6724,-1.0,80,10,3,0,0
207.6724,208.7069,100,10,3,0,0
207.9310,-1.0,10,4,3,0,0
207.9310,-1.0,900,10,3,0,0
208.0603,-1.0,10,4,3,0,0
208.1897,-1.0,10,1,3,0,0
208.1897,-1.0,900,10,3,0,0
208.4483,-1.0,10,1,3,0,0
208.4483,-1.0,900,10,3,0,0
208.5776,-1.0,10,1,3,0,0
208.7069,-1.0,10,4,3,0,0
208.9655,-1.0,50,1,3,0,0
208.9655,-1.0,10,7,3,0,0
209.0948,-1.0,10,10,3,0,0
209.2241,-1.0,10,7,3,0,0
209.3534,-1.0,10,4,3,0,0
209.4828,-1.0,10,1,3,0,0
209.4828,-1.0,10,10,3,0,0
209.6121,-1.0,10,7,3,0,0
209.7414,-1.0,10,4,3,0,0
209.8707,-1.0,10,1,3,0,0
209.8707,-1.0,10,10,3,0,0
210.1293,-1.0,10,4,3,0,0
210.2586,-1.0,10,10,3,0,0
210.5172,-1.0,50,1,3,0,0
210.5172,-1.0,20,7,3,0,0
210.6466,-1.0,10,7,3,0,0
210.7759,-1.0,20,4,3,0,0
210.7759,-1.0,50,10,3,0,0
210.9052,-1.0,10,4,3,0,0
211.0345,-1.0,50,1,3,0,0
211.0345,-1.0,20,10,3,0,0
211.1638,-1.0,10,7,3,0,0
211.2931,-1.0,10,4,3,0,0
211.4224,-1.0,10,1,3,0,0
211.5517,-1.0,10,10,3,0,0
211.6810,-1.0,10,7,3,0,0
211.8103,-1.0,10,4,3,0,0
211.9397,-1.0,10,1,3,0,0
212.0690,-1.0,10,7,3,0,0
212.1983,-1.0,10,4,3,0,0
212.4569,-1.0,20,7,3,0,0
212.5216,-1.0,20,4,3,0,0
212.5862,-1.0,20,7,3,0,0
212.7155,-1.0,20,7,3,0,0
212.8448,-1.0,50,4,3,0,0
213.1034,-1.0,10,4,3,0,0
213.1034,-1.0,50,10,3,0,0
213.2328,-1.0,10,1,3,0,0
213.3621,-1.0,10,4,3,0,0
213.4914,-1.0,10,7,3,0,0
213.6207,-1.0,10,1,3,0,0
213.6207,-1.0,10,10,3,0,0
213.7500,-1.0,10,4,3,0,0
213.8793,-1.0,10,7,3,0,0
214.0086,-1.0,10,1,3,0,0
214.0086,-1.0,10,10,3,0,0
214.2672,-1.0,10,7,3,0,0
214.3966,-1.0,10,1,3,0,0
214.6552,-1.0,20,4,3,0,0
214.6552,-1.0,50,10,3,0,0
214.7845,-1.0,10,4,3,0,0
214.9138,-1.0,50,1,3,0,0
214.9138,-1.0,20,7,3,0,0
215.0431,-1.0,10,7,3,0,0
215.1724,-1.0,20,4,3,0,0
215.1724,-1.0,50,10,3,0,0
215.5603,-1.0,10,4,3,0,0
215.6897,-1.0,10,1,3,0,0
215.6897,-1.0,10,7,3,0,0
215.9483,-1.0,10,4,3,0,0
215.9483,-1.0,80,10,3,0,0
215.9483,216.9828,100,10,3,0,0
216.2069,-1.0,10,4,3,0,0
216.2069,-1.0,900,10,3,0,0
216.3362,-1.0,10,4,3,0,0
216.4655,-1.0,10,1,3,0,0
216.4655,-1.0,900,10,3,0,0
216.7241,-1.0,10,1,3,0,0
216.7241,-1.0,900,10,3,0,0
216.8534,-1.0,10,1,3,0,0
216.9828,-1.0,10,4,3,0,0
217.2414,-1.0,50,1,3,0,0
217.2414,-1.0,10,7,3,0,0
217.3707,-1.0,10,10,3,0,0
217.5000,-1.0,10,7,3,0,0
217.6293,-1.0,10,4,3,0,0
217.7586,-1.0,10,1,3,0,0
217.7586,-1.0,10,10,3,0,0
217.8879,-1.0,10,7,3,0,0
218.0172,-1.0,10,4,3,0,0
218.1466,-1.0,10,1,3,0,0
218.1466,-1.0,10,10,3,0,0
218.2759,-1.0,10,4,3,0,0
218.4052,-1.0,10,10,3,0,0
218.6638,-1.0,20,4,3,0,0
218.7284,-1.0,20,7,3,0,0
218.7931,-1.0,20,4,3,0,0
218.9224,-1.0,20,4,3,0,0
219.0517,-1.0,50,7,3,0,0
220.0862,-1.0,82,7,2,0,0
220.0862,220.1509,110,7,2,JumpScratch,3
220.1509,220.2155,110,8,2,JumpScratch,3
220.2155,220.2802,110,9,2,JumpScratch,3
220.2802,220.3448,110,10,2,JumpScratch,3
220.8621,-1.0,10,8,2,0,0
220.9914,-1.0,10,6,2,0,0
221.1207,-1.0,10,4,2,0,0
221.3793,-1.0,50,1,5,0,0
221.3793,-1.0,80,6,2,0,0
221.3793,227.5862,100,6,2,0,0
221.6379,-1.0,900,6,2,0,0
221.8966,-1.0,900,6,2,0,0
222.1552,-1.0,900,6,2,0,0
222.4138,-1.0,900,6,2,0,0
222.6724,-1.0,900,6,2,0,0
222.9310,-1.0,900,6,2,0,0
223.1897,-1.0,900,6,2,0,0
223.4483,-1.0,900,6,2,0,0
223.7069,-1.0,900,6,2,0,0
223.9655,-1.0,900,6,2,0,0
224.2241,-1.0,900,6,2,0,0
224.4828,-1.0,900,6,2,0,0
224.7414,-1.0,900,6,2,0,0
225.0,-1.0,900,6,2,0,0
225.2586,-1.0,900,6,2,0,0
225.5172,-1.0,900,6,2,0,0
225.7759,-1.0,900,6,2,0,0
226.0345,-1.0,900,6,2,0,0
226.2931,-1.0,900,6,2,0,0
226.5517,-1.0,900,6,2,0,0
226.8103,-1.0,900,6,2,0,0
227.0690,-1.0,900,6,2,0,0
227.3276,-1.0,900,6,2,0,0