0.0,-1.0,20,1,3,0,0
57.9545,64.7727,0,0,0,14,1010
0.2273,-1.0,20,7,3,0,0
72.5000,79.3182,0,0,0,14,1010
0.4545,-1.0,20,4,3,0,0
0.6818,-1.0,20,10,3,0,0
1.0227,-1.0,20,1,3,0,0
1.0227,-1.0,20,7,3,0,0
1.3636,-1.0,83,4,3,0,0
1.3636,5.2273,110,4,3,0,0
1.3636,-1.0,83,10,3,0,0
1.3636,5.2273,110,10,3,0,0
1.5909,-1.0,900,4,3,0,0
1.5909,-1.0,900,10,3,0,0
1.8182,-1.0,900,4,3,0,0
1.8182,-1.0,900,10,3,0,0
2.0455,-1.0,900,4,3,0,0
2.0455,-1.0,900,10,3,0,0
2.2727,-1.0,900,4,3,0,0
2.2727,-1.0,900,10,3,0,0
2.5000,-1.0,900,4,3,0,0
2.5000,-1.0,900,10,3,0,0
2.7273,-1.0,900,4,3,0,0
2.7273,-1.0,900,10,3,0,0
2.9545,-1.0,900,4,3,0,0
2.9545,-1.0,900,10,3,0,0
3.1818,-1.0,900,4,3,0,0
3.1818,-1.0,900,10,3,0,0
3.4091,-1.0,900,4,3,0,0
3.4091,-1.0,900,10,3,0,0
3.6364,-1.0,900,4,3,0,0
3.6364,-1.0,900,10,3,0,0
3.8636,-1.0,900,4,3,0,0
3.8636,-1.0,900,10,3,0,0
4.0909,-1.0,900,4,3,0,0
4.0909,-1.0,900,10,3,0,0
4.3182,-1.0,900,4,3,0,0
4.3182,-1.0,900,10,3,0,0
4.5455,-1.0,900,4,3,0,0
4.5455,-1.0,900,10,3,0,0
4.7727,-1.0,900,4,3,0,0
4.7727,-1.0,900,10,3,0,0
5.0,-1.0,900,4,3,0,0
5.0,-1.0,900,10,3,0,0
8.1818,-1.0,50,9,4,0,0
8.4091,-1.0,50,1,4,0,0
8.8636,-1.0,82,9,4,0,0
8.8636,9.5455,110,9,4,0,0
9.0909,-1.0,900,9,4,0,0
9.2045,-1.0,31,9,4,0,0
9.3182,-1.0,900,9,4,0,0
10.0,-1.0,10,3,4,0,0
10.2273,-1.0,10,7,4,0,0
10.6818,-1.0,82,1,4,0,0
10.6818,11.3636,110,1,4,0,0
10.9091,-1.0,900,1,4,0,0
11.0227,-1.0,31,1,4,0,0
11.1364,-1.0,900,1,4,0,0
11.8182,-1.0,10,7,4,0,0
12.0455,-1.0,10,3,4,0,0
12.5000,-1.0,82,9,4,0,0
12.5000,13.1818,110,9,4,0,0
12.7273,-1.0,900,9,4,0,0
12.8409,-1.0,31,9,4,0,0
12.9545,-1.0,900,9,4,0,0
13.6364,-1.0,10,3,4,0,0
13.8636,-1.0,10,7,4,0,0
14.3182,-1.0,10,1,4,0,0
14.5455,-1.0,10,7,4,0,0
14.7727,-1.0,10,1,4,0,0
15.0,-1.0,10,9,4,0,0
15.2273,-1.0,10,3,4,0,0
15.4545,-1.0,10,9,4,0,0
15.6818,-1.0,50,1,4,0,0
16.1364,-1.0,82,7,4,0,0
16.1364,16.8182,110,7,4,0,0
16.3636,-1.0,900,7,4,0,0
16.4773,-1.0,31,7,4,0,0
16.5909,-1.0,900,7,4,0,0
17.2727,-1.0,10,2,4,0,0
17.5000,-1.0,10,8,4,0,0
17.9545,-1.0,82,3,4,0,0
17.9545,18.6364,110,3,4,0,0
18.1818,-1.0,900,3,4,0,0
18.2955,-1.0,31,3,4,0,0
18.4091,-1.0,900,3,4,0,0
19.0909,-1.0,10,8,4,0,0
19.3182,-1.0,10,2,4,0,0
19.7727,-1.0,82,7,4,0,0
19.7727,20.4545,110,7,4,0,0
20.0,-1.0,900,7,4,0,0
20.1136,-1.0,31,7,4,0,0
20.2273,-1.0,900,7,4,0,0
20.9091,-1.0,10,2,4,0,0
21.1364,-1.0,10,8,4,0,0
21.5909,-1.0,10,1,4,0,0
21.8182,-1.0,10,7,4,0,0
22.0455,-1.0,10,1,4,0,0
22.2727,-1.0,10,9,4,0,0
22.5000,-1.0,10,3,4,0,0
22.7273,-1.0,10,9,4,0,0
22.9545,-1.0,50,1,4,0,0
23.4091,-1.0,20,7,4,0,0
23.7500,-1.0,20,3,4,0,0
24.0909,-1.0,50,9,4,0,0
25.4545,-1.0,80,10,3,0,0
25.4545,25.9091,100,10,3,0,0
25.6818,-1.0,900,10,3,0,0
25.9091,-1.0,10,4,3,0,0
26.1364,-1.0,80,7,3,0,0
26.1364,26.4773,100,7,3,0,0
26.3636,-1.0,900,7,3,0,0
26.4773,-1.0,10,1,3,0,0
26.8182,-1.0,80,4,3,0,0
26.8182,27.2727,100,4,3,0,0
27.0455,-1.0,900,4,3,0,0
27.2727,-1.0,10,7,3,0,0
27.5000,-1.0,10,1,3,0,0
27.7273,-1.0,80,7,3,0,0
27.7273,28.1818,100,7,3,0,0
27.9545,-1.0,900,7,3,0,0
28.1818,-1.0,10,4,3,0,0
28.4091,-1.0,10,10,3,0,0
29.0909,-1.0,10,4,3,0,0
29.3182,-1.0,10,7,3,0,0
29.5455,-1.0,10,4,3,0,0
29.7727,-1.0,10,10,3,0,0
30.1136,-1.0,10,1,3,0,0
30.4545,-1.0,82,7,3,0,0
30.4545,32.0455,110,7,3,0,0
30.6818,-1.0,900,7,3,0,0
30.9091,-1.0,900,7,3,0,0
31.1364,-1.0,900,7,3,0,0
31.3636,-1.0,900,7,3,0,0
31.5909,-1.0,900,7,3,0,0
31.8182,-1.0,900,7,3,0,0
32.5000,-1.0,81,1,3,0,0
32.5000,32.9545,101,1,3,0,0
32.7273,-1.0,900,1,3,0,0
32.9545,-1.0,10,10,3,0,0
33.1818,-1.0,10,4,3,0,0
33.4091,-1.0,10,7,3,0,0
33.6364,-1.0,10,1,3,0,0
34.0909,-1.0,80,7,3,0,0
34.0909,34.5455,100,7,3,0,0
34.3182,-1.0,900,7,3,0,0
34.5455,-1.0,10,4,3,0,0
34.7727,-1.0,10,10,3,0,0
35.0,-1.0,80,4,3,0,0
35.0,35.4545,100,4,3,0,0
35.2273,-1.0,900,4,3,0,0
35.4545,-1.0,10,7,3,0,0
35.6818,-1.0,10,1,3,0,0
35.9091,-1.0,10,7,3,0,0
36.1364,-1.0,10,1,3,0,0
36.3636,-1.0,10,7,3,0,0
36.5909,-1.0,10,4,3,0,0
36.8182,-1.0,10,10,3,0,0
37.0455,-1.0,20,3,4,0,0
37.3864,-1.0,20,7,4,0,0
37.7273,-1.0,83,3,4,0,0
37.7273,38.8636,110,3,4,0,0
37.9545,-1.0,900,3,4,0,0
38.1818,-1.0,900,3,4,0,0
38.4091,-1.0,900,3,4,0,0
38.6364,-1.0,900,3,4,0,0
39.7727,-1.0,82,9,4,0,0
39.7727,40.6818,110,9,4,JumpScratch,-6
40.0,-1.0,900,9,4,0,0
40.2273,-1.0,900,9,4,0,0
40.4545,-1.0,900,9,4,0,0
40.4545,-1.0,31,9,4,0,0
40.6818,41.5909,110,7,4,JumpScratch,6
40.9091,-1.0,900,7,4,0,0
41.0227,-1.0,31,7,4,0,0
41.1364,-1.0,900,7,4,0,0
41.3636,-1.0,900,7,4,0,0
41.3636,-1.0,31,7,4,0,0
41.5909,42.5000,110,9,4,JumpScratch,-6
41.8182,-1.0,900,9,4,0,0
42.0455,-1.0,900,9,4,0,0
42.2727,-1.0,900,9,4,0,0
42.2727,-1.0,31,9,4,0,0
42.5000,42.9545,110,7,4,0,0
42.7273,-1.0,900,7,4,0,0
42.7273,-1.0,31,7,4,0,0
43.4091,-1.0,10,4,3,0,0
43.6364,-1.0,10,7,3,0,0
43.8636,-1.0,10,1,3,0,0
44.3182,-1.0,80,7,3,0,0
44.3182,44.6591,100,7,3,0,0
44.5455,-1.0,900,7,3,0,0
44.6591,-1.0,10,4,3,0,0
45.0,-1.0,80,4,3,0,0
45.0,45.4545,100,4,3,0,0
45.2273,-1.0,900,4,3,0,0
45.4545,-1.0,10,7,3,0,0
45.6818,-1.0,82,1,3,0,0
45.6818,46.0227,110,1,3,0,0
45.6818,-1.0,82,10,3,0,0
45.6818,46.0227,110,10,3,0,0
45.9091,-1.0,900,1,3,0,0
45.9091,-1.0,900,10,3,0,0
46.8182,-1.0,10,7,4,0,0
47.0455,-1.0,82,1,4,0,0
47.0455,47.7273,110,1,4,JumpScratch,6
47.2727,-1.0,900,1,4,0,0
47.5000,-1.0,900,1,4,0,0
47.5000,-1.0,31,1,4,0,0
47.7273,48.6364,110,3,4,JumpScratch,-6
47.9545,-1.0,900,3,4,0,0
48.1818,-1.0,900,3,4,0,0
48.1818,-1.0,31,3,4,0,0
48.4091,-1.0,900,3,4,0,0
48.4091,-1.0,31,3,4,0,0
48.6364,50.0,110,1,4,JumpScratch,6
48.8636,-1.0,900,1,4,0,0
49.0909,-1.0,900,1,4,0,0
49.3182,-1.0,900,1,4,0,0
49.5455,-1.0,900,1,4,0,0
49.7727,-1.0,900,1,4,0,0
50.0,50.4545,110,3,4,0,0
50.2273,-1.0,900,3,4,0,0
50.2273,-1.0,31,3,4,0,0
50.9091,-1.0,10,7,3,0,0
51.1364,-1.0,10,1,3,0,0
51.3636,-1.0,10,10,3,0,0
51.5909,-1.0,10,4,3,0,0
51.8182,-1.0,10,7,3,0,0
52.0455,-1.0,10,1,3,0,0
52.2727,-1.0,81,10,3,0,0
52.2727,52.9545,101,10,3,0,0
52.5000,-1.0,900,10,3,0,0
52.7273,-1.0,900,10,3,0,0
53.4091,-1.0,20,4,3,0,0
53.7500,-1.0,20,7,3,0,0
54.0909,-1.0,83,1,3,0,0
54.0909,55.9091,110,1,3,0,0
54.0909,-1.0,83,10,3,0,0
54.0909,55.9091,110,10,3,0,0
54.3182,-1.0,900,1,3,0,0
54.3182,-1.0,900,10,3,0,0
54.5455,-1.0,900,1,3,0,0
54.5455,-1.0,900,10,3,0,0
54.7727,-1.0,900,1,3,0,0
54.7727,-1.0,900,10,3,0,0
55.0,-1.0,900,1,3,0,0
55.0,-1.0,900,10,3,0,0
55.2273,-1.0,900,1,3,0,0
55.2273,-1.0,900,10,3,0,0
55.4545,-1.0,900,1,3,0,0
55.4545,-1.0,900,10,3,0,0
55.6818,-1.0,900,1,3,0,0
55.6818,-1.0,900,10,3,0,0
57.9545,-1.0,81,10,3,0,0
57.9545,58.2955,101,10,3,0,0
58.1818,-1.0,900,10,3,0,0
58.2955,-1.0,80,4,3,0,0
58.2955,58.6364,100,4,3,0,0
58.5227,-1.0,900,4,3,0,0
58.6364,-1.0,80,7,3,0,0
58.6364,59.0909,100,7,3,0,0
58.8636,-1.0,900,7,3,0,0
59.0909,-1.0,10,1,3,0,0
59.3182,-1.0,10,7,3,0,0
59.5455,-1.0,80,4,3,0,0
59.5455,60.0,100,4,3,0,0
59.7727,-1.0,900,4,3,0,0
60.0,-1.0,10,7,3,0,0
60.2273,-1.0,10,4,3,0,0
60.4545,-1.0,82,10,3,0,0
60.4545,61.1364,110,10,3,0,0
60.6818,-1.0,900,10,3,0,0
60.9091,-1.0,900,10,3,0,0
61.5909,-1.0,81,1,3,0,0
61.5909,61.9318,101,1,3,0,0
61.8182,-1.0,900,1,3,0,0
61.9318,-1.0,80,7,3,0,0
61.9318,62.2727,100,7,3,0,0
62.1591,-1.0,900,7,3,0,0
62.2727,-1.0,80,4,3,0,0
62.2727,62.7273,100,4,3,0,0
62.5000,-1.0,900,4,3,0,0
62.7273,-1.0,10,10,3,0,0
63.1818,-1.0,80,7,3,0,0
63.1818,63.6364,100,7,3,0,0
63.4091,-1.0,900,7,3,0,0
63.6364,-1.0,10,4,3,0,0
63.8636,-1.0,10,7,3,0,0
64.0909,-1.0,82,1,3,0,0
64.0909,64.7727,110,1,3,0,0
64.3182,-1.0,900,1,3,0,0
64.5455,-1.0,900,1,3,0,0
65.2273,-1.0,82,10,3,0,0
65.2273,67.0455,110,10,3,JumpScratch,-6
65.4545,-1.0,900,10,3,0,0
65.6818,-1.0,900,10,3,0,0
65.9091,-1.0,900,10,3,0,0
65.9091,-1.0,31,10,3,0,0
66.1364,-1.0,900,10,3,0,0
66.3636,-1.0,900,10,3,0,0
66.5909,-1.0,900,10,3,0,0
66.5909,-1.0,31,10,3,0,0
66.8182,-1.0,900,10,3,0,0
67.0455,67.9545,110,7,4,JumpScratch,6
67.2727,-1.0,900,7,4,0,0
67.5000,-1.0,900,7,4,0,0
67.5000,-1.0,31,7,4,0,0
67.7273,-1.0,900,7,4,0,0
67.9545,68.4091,110,9,4,0,0
68.1818,-1.0,900,9,4,0,0
68.8636,-1.0,82,1,4,0,0
68.8636,70.4545,110,1,4,JumpScratch,6
69.0909,-1.0,900,1,4,0,0
69.3182,-1.0,900,1,4,0,0
69.5455,-1.0,900,1,4,0,0
69.7727,-1.0,900,1,4,0,0
70.0,-1.0,900,1,4,0,0
70.0,-1.0,31,1,4,0,0
70.2273,-1.0,900,1,4,0,0
70.2273,-1.0,31,1,4,0,0
70.4545,72.0455,110,4,3,0,0
70.6818,-1.0,900,4,3,0,0
70.9091,-1.0,900,4,3,0,0
71.1364,-1.0,900,4,3,0,0
71.3636,-1.0,900,4,3,0,0
71.5909,-1.0,900,4,3,0,0
71.8182,-1.0,900,4,3,0,0
71.8182,-1.0,31,4,3,0,0
72.5000,-1.0,81,10,3,0,0
72.5000,72.8409,101,10,3,0,0
72.7273,-1.0,900,10,3,0,0
72.8409,-1.0,80,4,3,0,0
72.8409,73.1818,100,4,3,0,0
73.0682,-1.0,900,4,3,0,0
73.1818,-1.0,80,7,3,0,0
73.1818,73.6364,100,7,3,0,0
73.4091,-1.0,900,7,3,0,0
73.6364,-1.0,10,1,3,0,0
73.8636,-1.0,10,7,3,0,0
74.0909,-1.0,80,4,3,0,0
74.0909,74.5455,100,4,3,0,0
74.3182,-1.0,900,4,3,0,0
74.5455,-1.0,10,7,3,0,0
74.7727,-1.0,10,4,3,0,0
75.0,-1.0,82,10,3,0,0
75.0,75.6818,110,10,3,0,0
75.2273,-1.0,900,10,3,0,0
75.4545,-1.0,900,10,3,0,0
76.1364,-1.0,81,1,3,0,0
76.1364,76.4773,101,1,3,0,0
76.3636,-1.0,900,1,3,0,0
76.4773,-1.0,80,7,3,0,0
76.4773,76.8182,100,7,3,0,0
76.7045,-1.0,900,7,3,0,0
76.8182,-1.0,80,4,3,0,0
76.8182,77.2727,100,4,3,0,0
77.0455,-1.0,900,4,3,0,0
77.2727,-1.0,10,10,3,0,0
77.7273,-1.0,80,7,3,0,0
77.7273,78.1818,100,7,3,0,0
77.9545,-1.0,900,7,3,0,0
78.1818,-1.0,10,4,3,0,0
78.4091,-1.0,10,7,3,0,0
78.6364,-1.0,82,1,3,0,0
78.6364,79.3182,110,1,3,0,0
78.8636,-1.0,900,1,3,0,0
79.0909,-1.0,900,1,3,0,0
79.7727,-1.0,20,4,3,0,0
79.7727,-1.0,20,10,3,0,0
80.2273,-1.0,20,1,3,0,0
80.2273,-1.0,20,7,3,0,0
80.6818,-1.0,20,4,3,0,0
80.6818,-1.0,20,10,3,0,0
81.1364,-1.0,20,1,3,0,0
81.3636,-1.0,83,7,3,0,0
81.3636,81.8182,110,7,3,0,0
81.5909,-1.0,900,7,3,0,0
82.7273,-1.0,20,4,3,0,0
82.9545,-1.0,20,7,3,0,0
83.1818,-1.0,81,1,3,0,0
83.1818,83.6364,101,1,3,0,0
83.4091,-1.0,900,1,3,0,0
83.6364,-1.0,20,7,3,0,0
83.8636,-1.0,20,4,3,0,0
84.0909,-1.0,81,10,3,0,0
84.0909,85.0,101,10,3,0,0
84.3182,-1.0,900,10,3,0,0
84.5455,-1.0,900,10,3,0,0
84.7727,-1.0,900,10,3,0,0
85.4545,-1.0,20,10,3,0,0
85.6818,-1.0,20,4,3,0,0
85.9091,-1.0,10,7,3,0,0
86.1364,-1.0,10,1,3,0,0
86.4773,-1.0,10,4,3,0,0
86.4773,-1.0,10,10,3,0,0
86.8182,-1.0,83,1,3,0,0
86.8182,88.8636,110,1,3,0,0
86.8182,-1.0,83,7,3,0,0
86.8182,88.8636,110,7,3,0,0
87.0455,-1.0,900,1,3,0,0
87.0455,-1.0,900,7,3,0,0
87.2727,-1.0,900,1,3,0,0
87.2727,-1.0,900,7,3,0,0
87.5000,-1.0,900,1,3,0,0
87.5000,-1.0,900,7,3,0,0
87.7273,-1.0,900,1,3,0,0
87.7273,-1.0,900,7,3,0,0
87.9545,-1.0,900,1,3,0,0
87.9545,-1.0,900,7,3,0,0
88.1818,-1.0,900,1,3,0,0
88.1818,-1.0,900,7,3,0,0
88.4091,-1.0,900,1,3,0,0
88.4091,-1.0,900,7,3,0,0
88.6364,-1.0,900,1,3,0,0
88.6364,-1.0,900,7,3,0,0
90.6818,-1.0,82,10,3,0,0
90.6818,91.0227,110,10,3,JumpScratch,-6
90.9091,-1.0,900,10,3,0,0
91.0227,91.3636,110,7,4,0,0
91.2500,-1.0,900,7,4,0,0
91.8182,-1.0,10,3,4,0,0
92.0455,-1.0,10,7,4,0,0
92.5000,-1.0,83,1,4,0,0
92.5000,92.8409,110,1,4,JumpScratch,6
92.7273,-1.0,900,1,4,0,0
92.8409,93.1818,110,3,4,0,0
93.0682,-1.0,900,3,4,0,0