0.0,-1.0,10,1,2,0,0
50.8750,50.8750,0,0,0,11,10210
0.1875,-1.0,10,3,2,0,0
52.3750,52.3750,0,0,0,12,10210
0.3750,-1.0,80,5,2,0,0
0.3750,0.5625,100,5,2,0,0
58.3750,58.3750,0,0,0,12,1020
0.3750,-1.0,20,9,2,0,0
62.8750,62.8750,0,0,0,12,1010
0.7500,-1.0,10,1,2,0,0
64.3750,64.3750,0,0,0,12,10210
0.9375,-1.0,80,4,2,0,0
0.9375,1.3125,100,4,2,0,0
67.3750,67.3750,0,0,0,12,1010
1.1250,-1.0,900,4,2,0,0
70.3750,70.3750,0,0,0,12,1020
1.1250,-1.0,20,11,2,0,0
155.8750,155.8750,0,0,0,11,1010
1.5000,-1.0,10,2,2,0,0
158.8750,158.8750,0,0,0,12,10210
1.6875,-1.0,80,5,2,0,0
1.6875,2.0625,100,5,2,0,0
164.8750,164.8750,0,0,0,12,1010
1.8750,-1.0,900,5,2,0,0
169.3750,169.3750,0,0,0,12,1020
1.8750,-1.0,20,9,2,0,0
170.8750,170.8750,0,0,0,12,10210
2.2500,-1.0,10,1,2,0,0
173.8750,173.8750,0,0,0,12,1010
2.4375,-1.0,80,4,2,0,0
2.4375,2.8125,100,4,2,0,0
182.8750,182.8750,0,0,0,12,1010
2.6250,-1.0,900,4,2,0,0
184.0,184.0,0,0,0,12,1010
2.6250,-1.0,20,8,2,0,0
185.1250,185.1250,0,0,0,12,1010
3.0,-1.0,10,2,2,0,0
186.2500,186.2500,0,0,0,12,1010
3.0,-1.0,20,7,2,0,0
187.3750,187.3750,0,0,0,12,1020
3.1875,-1.0,80,3,2,0,0
3.1875,4.1250,100,3,2,0,0
188.5000,188.5000,0,0,0,12,1020
3.1875,-1.0,20,8,2,0,0
189.6250,189.6250,0,0,0,12,1020
3.3750,-1.0,900,3,2,0,0
190.7500,190.7500,0,0,0,12,1020
3.3750,-1.0,20,9,2,0,0
191.8750,191.8750,0,0,0,12,1010
3.5625,-1.0,900,3,2,0,0
193.0,193.0,0,0,0,12,1020
3.7500,-1.0,900,3,2,0,0
194.1250,194.1250,0,0,0,12,10210
3.7500,-1.0,20,10,2,0,0
201.0,206.4375,0,0,0,15,10210
3.9375,-1.0,900,3,2,0,0
207.6250,207.6250,0,0,0,12,1010
4.1250,-1.0,20,11,2,0,0
210.6250,210.6250,0,0,0,12,1020
4.5000,-1.0,20,10,2,0,0
213.6250,213.6250,0,0,0,12,1010
4.8750,-1.0,81,9,2,0,0
4.8750,6.0,101,9,2,0,0
219.6250,219.6250,0,0,0,12,10210
5.0625,-1.0,900,9,2,0,0
249.2500,249.2500,0,0,0,11,10210
5.2500,-1.0,900,9,2,0,0
5.4375,-1.0,900,9,2,0,0
5.6250,-1.0,900,9,2,0,0
5.8125,-1.0,900,9,2,0,0
6.0,-1.0,10,1,2,0,0
6.1875,-1.0,10,3,2,0,0
6.3750,-1.0,80,5,2,0,0
6.3750,6.5625,100,5,2,0,0
6.3750,-1.0,20,9,2,0,0
6.7500,-1.0,10,1,2,0,0
6.9375,-1.0,80,4,2,0,0
6.9375,7.3125,100,4,2,0,0
7.1250,-1.0,900,4,2,0,0
7.1250,-1.0,20,11,2,0,0
7.5000,-1.0,10,2,2,0,0
7.6875,-1.0,80,2,2,0,0
7.6875,8.0625,100,2,2,0,0
7.8750,-1.0,900,2,2,0,0
7.8750,-1.0,20,9,2,0,0
8.2500,-1.0,10,5,2,0,0
8.4375,-1.0,10,2,2,0,0
8.6250,-1.0,20,8,2,0,0
8.8125,-1.0,10,1,2,0,0
9.0,-1.0,10,5,2,0,0
9.0,-1.0,20,7,2,0,0
9.1875,-1.0,80,3,2,0,0
9.1875,10.1250,100,3,2,0,0
9.1875,-1.0,20,8,2,0,0
9.3750,-1.0,900,3,2,0,0
9.3750,-1.0,20,9,2,0,0
9.5625,-1.0,900,3,2,0,0
9.7500,-1.0,900,3,2,0,0
9.9375,-1.0,900,3,2,0,0
10.1250,-1.0,20,11,2,0,0
10.8750,-1.0,20,9,2,0,0
11.6250,-1.0,20,7,2,0,0
12.0,-1.0,10,1,2,0,0
12.1875,-1.0,10,3,2,0,0
12.3750,-1.0,80,5,2,0,0
12.3750,12.5625,100,5,2,0,0
12.3750,-1.0,20,9,2,0,0
12.7500,-1.0,10,3,2,0,0
12.9375,-1.0,80,3,2,0,0
12.9375,13.3125,100,3,2,0,0
13.1250,-1.0,900,3,2,0,0
13.1250,-1.0,20,11,2,0,0
13.5000,-1.0,10,5,2,0,0
13.6875,-1.0,80,5,2,0,0
13.6875,14.0625,100,5,2,0,0
13.8750,-1.0,900,5,2,0,0
13.8750,-1.0,20,9,2,0,0
14.2500,-1.0,10,2,2,0,0
14.4375,-1.0,80,2,2,0,0
14.4375,14.8125,100,2,2,0,0
14.6250,-1.0,900,2,2,0,0
14.6250,-1.0,20,8,2,0,0
15.0,-1.0,10,5,2,0,0
15.0,-1.0,20,7,2,0,0
15.1875,-1.0,10,3,2,0,0
15.1875,-1.0,20,9,2,0,0
15.3750,-1.0,80,1,2,0,0
15.3750,15.5625,100,1,2,0,0
15.3750,-1.0,81,11,2,0,0
15.3750,15.5625,101,11,2,0,0
15.7500,-1.0,10,4,2,0,0
15.7500,-1.0,20,8,2,0,0
15.9375,-1.0,80,4,2,0,0
15.9375,16.3125,100,4,2,0,0
15.9375,-1.0,81,8,2,0,0
15.9375,16.3125,101,8,2,0,0
16.1250,-1.0,900,4,2,0,0
16.1250,-1.0,900,8,2,0,0
16.5000,-1.0,82,5,2,0,0
16.5000,16.6875,110,5,2,JumpScratch,-5
16.5000,-1.0,83,7,2,0,0
16.5000,16.6875,110,7,2,JumpScratch,5
16.6875,17.0625,110,2,2,JumpScratch,4
16.6875,17.0625,110,10,2,JumpScratch,-4
16.8750,-1.0,900,2,2,0,0
16.8750,-1.0,900,10,2,0,0
17.2500,-1.0,80,4,2,0,0
17.2500,17.6250,100,4,2,0,0
17.2500,-1.0,81,8,2,0,0
17.2500,17.6250,101,8,2,0,0
17.4375,-1.0,900,4,2,0,0
17.4375,-1.0,900,8,2,0,0
18.0,-1.0,10,2,2,0,0
18.0,-1.0,10,8,2,0,0
18.1875,-1.0,10,3,2,0,0
18.1875,-1.0,10,9,2,0,0
18.3750,-1.0,80,4,2,0,0
18.3750,18.5625,100,4,2,0,0
18.3750,-1.0,80,10,2,0,0
18.3750,18.5625,100,10,2,0,0
18.7500,-1.0,10,3,2,0,0
18.7500,-1.0,10,9,2,0,0
18.9375,-1.0,82,2,2,0,0
18.9375,19.5000,110,2,2,JumpScratch,4
18.9375,-1.0,82,8,2,0,0
18.9375,19.5000,110,8,2,JumpScratch,4
19.1250,-1.0,900,2,2,0,0
19.1250,-1.0,900,8,2,0,0
19.3125,-1.0,900,2,2,0,0
19.3125,-1.0,900,8,2,0,0
19.5000,19.6875,110,4,2,JumpScratch,-4
19.5000,19.6875,110,10,2,JumpScratch,-4
20.2500,-1.0,80,4,2,0,0
20.2500,20.4375,100,4,2,0,0
20.2500,-1.0,80,10,2,0,0
20.2500,20.4375,100,10,2,0,0
20.6250,-1.0,10,3,2,0,0
20.6250,-1.0,10,9,2,0,0
20.8125,-1.0,10,2,2,0,0
20.8125,-1.0,10,8,2,0,0
21.0,-1.0,80,3,2,0,0
21.0,22.5000,100,3,2,0,0
21.0,-1.0,80,9,2,0,0
21.0,22.5000,100,9,2,0,0
21.1875,-1.0,900,3,2,0,0
21.1875,-1.0,900,9,2,0,0
21.3750,-1.0,900,3,2,0,0
21.3750,-1.0,900,9,2,0,0
21.5625,-1.0,900,3,2,0,0
21.5625,-1.0,900,9,2,0,0
21.7500,-1.0,900,3,2,0,0
21.7500,-1.0,900,9,2,0,0
21.9375,-1.0,900,3,2,0,0
21.9375,-1.0,900,9,2,0,0
22.1250,-1.0,900,3,2,0,0
22.1250,-1.0,900,9,2,0,0
22.3125,-1.0,900,3,2,0,0
22.3125,-1.0,900,9,2,0,0
23.2500,-1.0,80,1,2,0,0
23.2500,23.4375,100,1,2,0,0
23.6250,-1.0,80,2,2,0,0
23.6250,23.8125,100,2,2,0,0
24.0,-1.0,80,3,2,0,0
24.0,24.1875,100,3,2,0,0
24.3750,-1.0,80,5,2,0,0
24.3750,24.5625,100,5,2,0,0
24.3750,-1.0,20,10,2,0,0
24.7500,-1.0,10,1,2,0,0
24.9375,-1.0,80,1,2,0,0
24.9375,25.1250,100,1,2,0,0
25.1250,-1.0,50,9,2,0,0
25.5000,-1.0,10,2,2,0,0
25.6875,-1.0,80,3,2,0,0
25.6875,26.0625,100,3,2,0,0
25.8750,-1.0,900,3,2,0,0
25.8750,-1.0,20,8,2,0,0
26.2500,-1.0,10,5,2,0,0
26.6250,-1.0,82,2,2,0,0
26.6250,27.0,110,2,2,JumpScratch,4
26.6250,-1.0,83,10,2,0,0
26.6250,27.0,110,10,2,JumpScratch,-4
26.8125,-1.0,900,2,2,0,0
26.8125,-1.0,900,10,2,0,0
27.0,27.9375,110,3,3,JumpScratch,6
27.0,27.3750,110,8,3,JumpScratch,-6
27.1875,-1.0,900,3,3,0,0
27.1875,-1.0,900,8,3,0,0
27.5625,-1.0,900,3,3,0,0
27.7500,-1.0,900,3,3,0,0
27.7500,-1.0,82,8,3,0,0
27.7500,28.5000,110,8,3,JumpScratch,-4
28.1250,-1.0,900,8,3,0,0
28.3125,-1.0,82,3,3,0,0
28.3125,28.5000,110,3,3,JumpScratch,4
28.3125,-1.0,900,8,3,0,0
28.8750,-1.0,20,3,2,0,0
29.2500,-1.0,20,5,2,0,0
29.6250,-1.0,20,7,2,0,0
30.0,-1.0,10,1,2,0,0
30.0,-1.0,20,6,2,0,0
30.1875,-1.0,10,3,2,0,0
30.3750,-1.0,80,5,2,0,0
30.3750,30.5625,100,5,2,0,0
30.7500,-1.0,10,2,2,0,0
30.9375,-1.0,80,2,2,0,0
30.9375,31.3125,100,2,2,0,0
31.1250,-1.0,900,2,2,0,0
31.1250,-1.0,50,9,2,0,0
31.5000,-1.0,10,5,2,0,0
31.6875,-1.0,80,5,2,0,0
31.6875,31.8750,100,5,2,0,0
31.8750,-1.0,20,8,2,0,0
32.0625,-1.0,10,4,2,0,0
32.2500,-1.0,80,2,2,0,0
32.2500,32.6250,100,2,2,0,0
32.4375,-1.0,900,2,2,0,0
32.6250,-1.0,50,9,2,0,0
33.0,-1.0,10,1,2,0,0
33.1875,-1.0,10,2,2,0,0
33.3750,-1.0,80,3,2,0,0
33.3750,33.5625,100,3,2,0,0
33.3750,-1.0,20,8,2,0,0
33.7500,-1.0,10,2,2,0,0
33.9375,-1.0,80,2,2,0,0
33.9375,34.1250,100,2,2,0,0
34.1250,-1.0,50,9,2,0,0
34.3125,-1.0,10,1,2,0,0
34.5000,-1.0,80,2,2,0,0
34.5000,35.6250,100,2,2,0,0
34.5000,-1.0,20,7,2,0,0
34.6875,-1.0,900,2,2,0,0
34.6875,-1.0,20,9,2,0,0
34.8750,-1.0,900,2,2,0,0
34.8750,-1.0,81,11,2,0,0
34.8750,35.0625,101,11,2,0,0
35.0625,-1.0,900,2,2,0,0
35.2500,-1.0,900,2,2,0,0
35.2500,-1.0,20,10,2,0,0
35.4375,-1.0,900,2,2,0,0
35.4375,-1.0,81,10,2,0,0
35.4375,35.6250,101,10,2,0,0
35.8125,-1.0,20,8,2,0,0
36.0,-1.0,82,3,2,0,0
36.0,36.3750,110,3,2,JumpScratch,-4
36.0,-1.0,81,9,2,0,0
36.0,37.1250,101,9,2,0,0
36.1875,-1.0,900,3,2,0,0
36.1875,-1.0,900,9,2,0,0
36.3750,-1.0,900,9,2,0,0
36.5625,-1.0,900,9,2,0,0
36.7500,-1.0,10,1,2,0,0
36.7500,-1.0,900,9,2,0,0
36.9375,-1.0,80,3,2,0,0
36.9375,37.3125,100,3,2,0,0
36.9375,-1.0,900,9,2,0,0
37.1250,-1.0,900,3,2,0,0
37.5000,-1.0,10,5,2,0,0
37.6875,-1.0,80,4,2,0,0
37.6875,38.0625,100,4,2,0,0
37.8750,-1.0,900,4,2,0,0
37.8750,-1.0,20,8,2,0,0
38.2500,-1.0,10,2,2,0,0
38.4375,-1.0,80,2,2,0,0
38.4375,38.6250,100,2,2,0,0
38.6250,-1.0,50,9,2,0,0
39.0,-1.0,10,5,2,0,0
39.0,-1.0,20,7,2,0,0
39.1875,-1.0,10,5,2,0,0
39.1875,-1.0,20,7,2,0,0
39.3750,-1.0,82,4,2,0,0
39.3750,39.7500,110,4,2,JumpScratch,3
39.3750,-1.0,83,8,2,0,0
39.3750,39.7500,110,8,2,JumpScratch,-3
39.5625,-1.0,900,4,2,0,0
39.5625,-1.0,900,8,2,0,0
39.7500,39.9375,110,5,2,JumpScratch,-6
39.7500,39.9375,110,7,2,JumpScratch,6
39.9375,40.3125,110,1,2,JumpScratch,5
39.9375,40.3125,110,11,2,JumpScratch,-5
40.1250,-1.0,900,1,2,0,0
40.1250,-1.0,900,11,2,0,0
40.3125,40.5000,110,4,2,JumpScratch,-5
40.3125,40.5000,110,8,2,JumpScratch,5
40.5000,40.8750,110,1,2,0,0
40.5000,40.8750,110,11,2,0,0
40.6875,-1.0,900,1,2,0,0
40.6875,-1.0,900,11,2,0,0
41.6250,-1.0,50,4,2,0,0
41.6250,-1.0,50,8,2,0,0
42.0,-1.0,50,3,2,0,0
42.0,-1.0,50,9,2,0,0
42.3750,-1.0,50,2,2,0,0
42.3750,-1.0,50,10,2,0,0
42.7500,-1.0,50,3,2,0,0
42.7500,-1.0,50,9,2,0,0
43.1250,-1.0,50,4,2,0,0
43.1250,-1.0,50,8,2,0,0
43.5000,-1.0,82,4,2,0,0
43.5000,44.2500,110,4,2,JumpScratch,-4
43.5000,-1.0,83,8,2,0,0
43.5000,44.2500,110,8,2,JumpScratch,4
43.6875,-1.0,900,4,2,0,0
43.6875,-1.0,900,8,2,0,0
43.8750,-1.0,900,4,2,0,0
43.8750,-1.0,900,8,2,0,0
44.0625,-1.0,900,4,2,0,0
44.0625,-1.0,900,8,2,0,0
44.6250,-1.0,82,3,2,0,0
44.6250,45.0,110,3,2,JumpScratch,4
44.6250,-1.0,83,9,2,0,0
44.6250,45.0,110,9,2,JumpScratch,-4
44.8125,-1.0,900,3,2,0,0
44.8125,-1.0,900,9,2,0,0
45.0,45.1875,110,5,2,JumpScratch,-3
45.0,45.1875,110,7,2,JumpScratch,3
45.1875,46.1250,110,4,2,0,0
45.1875,46.1250,110,8,2,0,0
45.3750,-1.0,900,4,2,0,0
45.3750,-1.0,900,8,2,0,0
45.5625,-1.0,900,4,2,0,0
45.5625,-1.0,900,8,2,0,0
45.7500,-1.0,900,4,2,0,0
45.7500,-1.0,900,8,2,0,0
45.9375,-1.0,900,4,2,0,0
45.9375,-1.0,900,8,2,0,0
46.5000,-1.0,10,5,2,0,0
46.5000,-1.0,10,7,2,0,0
46.6875,-1.0,80,4,2,0,0
46.6875,47.0625,100,4,2,0,0
46.6875,-1.0,80,8,2,0,0
46.6875,47.0625,100,8,2,0,0
46.8750,-1.0,900,4,2,0,0
46.8750,-1.0,900,8,2,0,0
47.2500,-1.0,10,3,2,0,0
47.2500,-1.0,20,9,2,0,0
47.6250,-1.0,50,3,3,0,0
47.6250,-1.0,10,8,3,0,0
48.0,-1.0,20,2,4,0,0
48.0,-1.0,50,8,4,0,0
48.3750,-1.0,82,1,6,0,0
48.3750,49.5000,110,1,6,0,0
48.3750,-1.0,83,7,6,0,0
48.3750,49.5000,110,7,6,0,0
48.5625,-1.0,900,1,6,0,0
48.5625,-1.0,900,7,6,0,0
48.7500,-1.0,900,1,6,0,0
48.7500,-1.0,40,1,6,0,0
48.7500,-1.0,900,7,6,0,0
48.9375,-1.0,900,1,6,0,0
48.9375,-1.0,900,7,6,0,0
49.1250,-1.0,900,1,6,0,0
49.1250,-1.0,900,7,6,0,0
49.1250,-1.0,40,7,6,0,0
49.3125,-1.0,900,1,6,0,0
49.3125,-1.0,900,7,6,0,0
51.7500,-1.0,20,3,3,0,0
51.7500,-1.0,10,9,3,0,0
51.9375,-1.0,20,2,3,0,0
51.9375,-1.0,10,8,3,0,0
52.1250,-1.0,83,3,3,0,0
52.1250,52.5000,110,3,3,JumpScratch,-4
52.1250,-1.0,80,9,3,0,0
52.1250,52.3125,100,9,3,0,0
52.3125,-1.0,900,3,3,0,0
52.5000,-1.0,10,8,3,0,0
52.6875,-1.0,20,3,3,0,0
52.6875,-1.0,10,9,3,0,0
52.8750,-1.0,83,2,3,0,0
52.8750,53.2500,110,2,3,JumpScratch,5
52.8750,-1.0,80,8,3,0,0
52.8750,53.0625,100,8,3,0,0
53.0625,-1.0,900,2,3,0,0
53.2500,53.6250,110,4,3,JumpScratch,-6
53.2500,-1.0,80,10,3,0,0
53.2500,53.4375,100,10,3,0,0
53.4375,-1.0,900,4,3,0,0
53.6250,54.0,110,1,3,JumpScratch,5
53.6250,-1.0,80,7,3,0,0
53.6250,53.8125,100,7,3,0,0
53.8125,-1.0,900,1,3,0,0
54.0,54.3750,110,3,3,JumpScratch,-5
54.0,-1.0,80,9,3,0,0
54.0,54.1875,100,9,3,0,0
54.1875,-1.0,900,3,3,0,0
54.7500,-1.0,20,3,3,0,0
54.7500,-1.0,10,9,3,0,0
54.9375,-1.0,20,2,3,0,0
54.9375,-1.0,10,8,3,0,0
55.1250,-1.0,83,3,3,0,0
55.1250,55.5000,110,3,3,JumpScratch,-4
55.1250,-1.0,80,9,3,0,0
55.1250,55.3125,100,9,3,0,0
55.3125,-1.0,900,3,3,0,0
55.5000,-1.0,10,8,3,0,0
55.6875,-1.0,20,3,3,0,0
55.6875,-1.0,10,9,3,0,0
55.8750,-1.0,83,2,3,0,0
55.8750,56.2500,110,2,3,JumpScratch,5
55.8750,-1.0,80,8,3,0,0
55.8750,56.0625,100,8,3,0,0
56.0625,-1.0,900,2,3,0,0
56.2500,56.6250,110,4,3,JumpScratch,-6
56.2500,-1.0,80,10,3,0,0
56.2500,56.4375,100,10,3,0,0
56.4375,-1.0,900,4,3,0,0
56.6250,57.0,110,1,3,JumpScratch,5
56.6250,-1.0,80,7,3,0,0
56.6250,56.8125,100,7,3,0,0
56.8125,-1.0,900,1,3,0,0
57.0,-1.0,80,9,3,0,0
57.0,57.1875,100,9,3,0,0
57.3750,-1.0,83,1,3,0,0
57.3750,57.7500,110,1,3,JumpScratch,5
57.5625,-1.0,900,1,3,0,0
57.7500,57.9375,110,3,3,JumpScratch,-5
58.3125,-1.0,20,1,3,0,0
58.5000,-1.0,83,2,3,0,0
58.5000,58.8750,110,2,3,JumpScratch,5
58.6875,-1.0,900,2,3,0,0
58.8750,59.0625,110,4,3,JumpScratch,-5
59.4375,-1.0,20,3,3,0,0
59.6250,-1.0,83,5,2,0,0
59.6250,60.0,110,5,2,JumpScratch,-5
59.8125,-1.0,900,5,2,0,0
60.0,60.7500,110,2,2,JumpScratch,4
60.1875,-1.0,900,2,2,0,0
60.3750,-1.0,900,2,2,0,0
60.5625,-1.0,900,2,2,0,0
60.7500,61.8750,110,4,2,0,0
60.9375,-1.0,900,4,2,0,0
61.1250,-1.0,900,4,2,0,0
61.3125,-1.0,900,4,2,0,0
61.5000,-1.0,900,4,2,0,0
61.5000,-1.0,10,8,2,0,0
61.6875,-1.0,900,4,2,0,0
61.6875,-1.0,10,9,2,0,0
61.8750,-1.0,80,10,2,0,0
61.8750,62.0625,100,10,2,0,0
62.2500,-1.0,10,11,2,0,0
62.4375,-1.0,80,10,2,0,0
62.4375,62.6250,100,10,2,0,0
62.8125,-1.0,10,9,2,0,0
63.0,-1.0,80,8,2,0,0
63.0,63.1875,100,8,2,0,0
63.7500,-1.0,20,2,3,0,0
63.7500,-1.0,10,8,3,0,0
63.9375,-1.0,20,3,3,0,0
63.9375,-1.0,10,9,3,0,0
64.1250,-1.0,83,2,3,0,0
64.1250,64.5000,110,2,3,JumpScratch,4
64.1250,-1.0,80,8,3,0,0
64.1250,64.3125,100,8,3,0,0
64.3125,-1.0,900,2,3,0,0
64.5000,-1.0,10,9,3,0,0
64.6875,-1.0,20,2,3,0,0
64.6875,-1.0,10,8,3,0,0
64.8750,-1.0,83,3,3,0,0
64.8750,65.2500,110,3,3,JumpScratch,-5
64.8750,-1.0,80,9,3,0,0
64.8750,65.0625,100,9,3,0,0
65.0625,-1.0,900,3,3,0,0
65.2500,65.6250,110,1,3,JumpScratch,6
65.2500,-1.0,80,7,3,0,0
65.2500,65.4375,100,7,3,0,0
65.4375,-1.0,900,1,3,0,0
65.6250,66.0,110,4,3,JumpScratch,-5
65.6250,-1.0,80,10,3,0,0
65.6250,65.8125,100,10,3,0,0
65.8125,-1.0,900,4,3,0,0
66.0,66.3750,110,2,3,JumpScratch,5
66.0,-1.0,80,8,3,0,0
66.0,66.1875,100,8,3,0,0
66.1875,-1.0,900,2,3,0,0
66.7500,-1.0,10,10,2,0,0
66.9375,-1.0,10,8,2,0,0
67.1250,-1.0,80,11,2,0,0
67.1250,67.3125,100,11,2,0,0
67.5000,-1.0,10,9,2,0,0
67.6875,-1.0,10,10,2,0,0
67.8750,-1.0,80,11,2,0,0
67.8750,68.0625,100,11,2,0,0
68.2500,-1.0,80,9,2,0,0
68.2500,68.4375,100,9,2,0,0
68.6250,-1.0,80,10,2,0,0
68.6250,68.8125,100,10,2,0,0
69.0,-1.0,80,8,2,0,0
69.0,69.1875,100,8,2,0,0
69.3750,-1.0,83,3,3,0,0
69.3750,69.7500,110,3,3,JumpScratch,-5
69.5625,-1.0,900,3,3,0,0
69.7500,69.9375,110,1,3,JumpScratch,5
70.3125,-1.0,20,4,3,0,0
70.5000,-1.0,83,3,3,0,0
70.5000,70.8750,110,3,3,JumpScratch,-5
70.6875,-1.0,900,3,3,0,0
70.8750,71.0625,110,1,3,JumpScratch,5
71.4375,-1.0,20,4,3,0,0
71.6250,-1.0,83,1,2,0,0
71.6250,72.0,110,1,2,JumpScratch,5
71.8125,-1.0,900,1,2,0,0
72.0,72.7500,110,4,2,JumpScratch,-4
72.1875,-1.0,900,4,2,0,0
72.3750,-1.0,900,4,2,0,0
72.5625,-1.0,900,4,2,0,0
72.7500,73.1250,110,2,2,0,0
72.9375,-1.0,900,2,2,0,0
73.5000,-1.0,10,8,2,0,0
73.8750,-1.0,80,11,2,0,0
73.8750,74.2500,100,11,2,0,0
74.0625,-1.0,900,11,2,0,0
74.4375,-1.0,80,9,2,0,0
74.4375,74.8125,100,9,2,0,0
74.6250,-1.0,900,9,2,0,0
75.0,-1.0,80,7,2,0,0
75.0,75.5625,100,7,2,0,0
75.1875,-1.0,900,7,2,0,0
75.3750,-1.0,900,7,2,0,0
75.7500,-1.0,10,10,2,0,0
75.9375,-1.0,80,8,2,0,0
75.9375,78.3750,100,8,2,0,0
76.1250,-1.0,900,8,2,0,0
76.3125,-1.0,900,8,2,0,0
76.5000,-1.0,900,8,2,0,0
76.6875,-1.0,900,8,2,0,0
76.8750,-1.0,900,8,2,0,0
77.0625,-1.0,900,8,2,0,0
77.2500,-1.0,900,8,2,0,0
77.4375,-1.0,900,8,2,0,0
77.6250,-1.0,900,8,2,0,0
77.8125,-1.0,900,8,2,0,0
78.0,-1.0,900,8,2,0,0
78.1875,-1.0,900,8,2,0,0
79.8750,-1.0,10,3,2,0,0
79.8750,-1.0,10,9,2,0,0
80.2500,-1.0,10,11,2,0,0
80.4375,-1.0,10,9,2,0,0
80.6250,-1.0,10,7,2,0,0
80.8125,-1.0,10,5,2,0,0
81.0,-1.0,10,3,2,0,0
81.1875,-1.0,10,1,2,0,0
81.3750,-1.0,20,1,2,0,0
81.3750,-1.0,80,10,2,0,0
81.3750,81.5625,100,10,2,0,0
81.7500,-1.0,10,9,2,0,0
81.9375,-1.0,80,8,2,0,0
81.9375,82.3125,100,8,2,0,0
82.1250,-1.0,50,3,2,0,0
82.1250,-1.0,900,8,2,0,0
82.5000,-1.0,10,11,2,0,0
82.6875,-1.0,10,9,2,0,0
82.8750,-1.0,20,1,2,0,0
83.2500,-1.0,10,8,2,0,0
83.4375,-1.0,10,11,2,0,0
83.6250,-1.0,50,4,2,0,0
83.6250,-1.0,80,9,2,0,0
83.6250,83.8125,100,9,2,0,0
84.0,-1.0,10,10,2,0,0
84.1875,-1.0,80,8,2,0,0
84.1875,85.1250,100,8,2,0,0
84.3750,-1.0,20,5,2,0,0
84.3750,-1.0,900,8,2,0,0
84.5625,-1.0,900,8,2,0,0
84.7500,-1.0,20,3,2,0,0
84.7500,-1.0,900,8,2,0,0
84.9375,-1.0,900,8,2,0,0
85.1250,-1.0,20,1,2,0,0
85.5000,-1.0,20,3,2,0,0
85.8750,-1.0,83,5,2,0,0
85.8750,86.2500,110,5,2,JumpScratch,-5
86.0625,-1.0,900,5,2,0,0
86.2500,86.4375,110,2,2,JumpScratch,5
86.4375,86.8125,110,5,2,JumpScratch,-5
86.6250,-1.0,900,5,2,0,0
87.0,-1.0,10,9,2,0,0
87.1875,-1.0,10,10,2,0,0
87.3750,-1.0,20,1,2,0,0
87.3750,-1.0,80,11,2,0,0
87.3750,87.5625,100,11,2,0,0
87.7500,-1.0,10,10,2,0,0
87.9375,-1.0,80,9,2,0,0
87.9375,88.3125,100,9,2,0,0
88.1250,-1.0,50,3,2,0,0
88.1250,-1.0,900,9,2,0,0
88.5000,-1.0,10,10,2,0,0
88.6875,-1.0,80,11,2,0,0
88.6875,89.0625,100,11,2,0,0
88.8750,-1.0,20,1,2,0,0
88.8750,-1.0,900,11,2,0,0
89.2500,-1.0,10,8,2,0,0
89.4375,-1.0,10,10,2,0,0
89.6250,-1.0,50,4,2,0,0
89.8125,-1.0,10,10,2,0,0
90.0,-1.0,10,8,2,0,0
90.1875,-1.0,80,11,2,0,0
90.1875,91.1250,100,11,2,0,0
90.3750,-1.0,83,5,2,0,0
90.3750,91.1250,110,5,2,0,0
90.3750,-1.0,900,11,2,0,0
90.5625,-1.0,900,5,2,0,0
90.5625,-1.0,900,11,2,0,0
90.7500,-1.0,900,5,2,0,0
90.7500,-1.0,900,11,2,0,0
90.9375,-1.0,900,5,2,0,0
90.9375,-1.0,900,11,2,0,0
91.5000,-1.0,20,1,2,0,0
91.6875,-1.0,20,4,2,0,0
91.8750,-1.0,83,1,2,0,0
91.8750,92.0625,110,1,2,JumpScratch,5
92.0625,92.2500,110,4,2,JumpScratch,-5
92.2500,92.6250,110,1,2,JumpScratch,5
92.4375,-1.0,900,1,2,0,0
93.0,-1.0,10,7,2,0,0
93.1875,-1.0,10,9,2,0,0
93.3750,-1.0,82,1,2,0,0
93.3750,94.1250,110,1,2,0,0
93.3750,-1.0,82,7,2,0,0
93.3750,94.1250,110,7,2,0,0
93.5625,-1.0,900,1,2,0,0
93.5625,-1.0,900,7,2,0,0
93.7500,-1.0,900,1,2,0,0
93.7500,-1.0,31,1,2,0,0
93.7500,-1.0,900,7,2,0,0
93.7500,-1.0,31,7,2,0,0
93.9375,-1.0,900,1,2,0,0
93.9375,-1.0,900,7,2,0,0
94.5000,-1.0,10,11,2,0,0
94.8750,-1.0,82,5,2,0,0
94.8750,95.6250,110,5,2,0,0
94.8750,-1.0,82,11,2,0,0
94.8750,95.6250,110,11,2,0,0
95.0625,-1.0,900,5,2,0,0
95.0625,-1.0,900,11,2,0,0
95.2500,-1.0,900,5,2,0,0
95.2500,-1.0,900,11,2,0,0
95.2500,-1.0,31,11,2,0,0
95.4375,-1.0,900,5,2,0,0
95.4375,-1.0,31,5,2,0,0
95.4375,-1.0,900,11,2,0,0
96.0,-1.0,10,1,2,0,0
96.0,-1.0,20,11,2,0,0
96.1875,-1.0,10,4,2,0,0
96.1875,-1.0,20,8,2,0,0
96.3750,-1.0,82,2,2,0,0
96.3750,96.7500,110,2,2,JumpScratch,4
96.3750,-1.0,83,10,2,0,0
96.3750,96.7500,110,10,2,JumpScratch,-4
96.5625,-1.0,900,2,2,0,0
96.5625,-1.0,900,10,2,0,0
96.7500,96.9375,110,4,2,JumpScratch,-5
96.7500,96.9375,110,8,2,JumpScratch,5
96.9375,97.3125,110,1,2,JumpScratch,6
96.9375,97.3125,110,11,2,JumpScratch,-6
97.1250,-1.0,900,1,2,0,0
97.1250,-1.0,900,11,2,0,0
97.3125,97.5000,110,5,2,JumpScratch,-6
97.3125,97.5000,110,7,2,JumpScratch,6
97.5000,98.6250,110,1,3,0,0
97.5000,98.6250,110,10,3,0,0
97.6875,-1.0,900,1,3,0,0
97.6875,-1.0,900,10,3,0,0
97.8750,-1.0,900,1,3,0,0
97.8750,-1.0,900,10,3,0,0
98.0625,-1.0,900,1,3,0,0
98.0625,-1.0,900,10,3,0,0
98.2500,-1.0,900,1,3,0,0
98.2500,-1.0,900,10,3,0,0
98.4375,-1.0,900,1,3,0,0
98.4375,-1.0,900,10,3,0,0
99.0,-1.0,10,2,2,0,0
99.0,-1.0,20,8,2,0,0
99.1875,-1.0,10,4,2,0,0
99.1875,-1.0,20,10,2,0,0
99.3750,-1.0,82,3,2,0,0
99.3750,99.7500,110,3,2,JumpScratch,4
99.3750,-1.0,83,9,2,0,0
99.3750,99.7500,110,9,2,JumpScratch,4
99.5625,-1.0,900,3,2,0,0
99.5625,-1.0,900,9,2,0,0
99.7500,99.9375,110,5,2,JumpScratch,-5
99.7500,99.9375,110,11,2,JumpScratch,-5
100.5000,-1.0,10,4,2,0,0
100.5000,-1.0,20,10,2,0,0
100.6875,-1.0,10,2,2,0,0
100.6875,-1.0,20,8,2,0,0
100.8750,-1.0,80,5,2,0,0
100.8750,101.0625,100,5,2,0,0
100.8750,-1.0,81,11,2,0,0
100.8750,101.0625,101,11,2,0,0
101.2500,-1.0,80,3,2,0,0
101.2500,101.4375,100,3,2,0,0
101.2500,-1.0,81,9,2,0,0
101.2500,101.4375,101,9,2,0,0
101.6250,-1.0,82,1,2,0,0
101.6250,101.8125,110,1,2,JumpScratch,6
101.6250,-1.0,83,7,2,0,0
101.6250,101.8125,110,7,2,JumpScratch,6
101.8125,102.0,110,5,2,JumpScratch,-6
101.8125,102.0,110,11,2,JumpScratch,-6
102.0,103.8750,110,1,3,0,0
102.1875,-1.0,900,1,3,0,0
102.3750,-1.0,900,1,3,0,0
102.3750,-1.0,20,7,6,0,0
102.5625,-1.0,900,1,3,0,0
102.7500,-1.0,900,1,3,0,0
102.7500,-1.0,20,4,6,0,0
102.9375,-1.0,900,1,3,0,0
103.1250,-1.0,20,1,6,0,0
103.3125,-1.0,900,1,3,0,0
103.5000,-1.0,900,1,3,0,0
103.5000,-1.0,20,4,6,0,0
103.6875,-1.0,900,1,3,0,0
103.8750,-1.0,20,7,6,0,0
104.2500,-1.0,20,1,6,0,0
104.2500,-1.0,50,10,3,0,0
104.6250,-1.0,83,9,4,0,0
104.6250,104.6719,110,9,4,JumpScratch,-5
104.6719,104.7188,110,8,4,JumpScratch,-5
104.7188,104.7656,110,7,4,JumpScratch,-5
104.7656,104.8125,110,6,4,JumpScratch,-5
104.8125,104.8594,110,5,4,JumpScratch,-5
104.8594,104.9063,110,4,4,JumpScratch,-5
104.9063,104.9531,110,3,4,JumpScratch,-5
104.9531,105.0,110,2,4,JumpScratch,-5
105.3750,-1.0,81,1,3,0,0
105.3750,105.7500,101,1,3,0,0
105.3750,-1.0,50,5,4,0,0
105.5625,-1.0,900,1,3,0,0
105.7500,-1.0,10,8,2,0,0
105.9375,-1.0,81,3,3,0,0
105.9375,106.3125,101,3,3,0,0
105.9375,-1.0,50,7,4,0,0
106.1250,-1.0,900,3,3,0,0
106.3125,-1.0,10,10,2,0,0
106.5000,-1.0,83,5,3,0,0
106.5000,107.2500,110,5,3,0,0
106.5000,-1.0,50,9,4,0,0
106.6875,-1.0,900,5,3,0,0
106.8750,-1.0,900,5,3,0,0
106.8750,-1.0,10,8,3,0,0
107.0625,-1.0,900,5,3,0,0
107.2500,-1.0,10,10,3,0,0
107.4375,-1.0,10,8,3,0,0
107.5313,-1.0,10,4,2,0,0
107.6250,-1.0,10,6,3,0,0
107.8125,-1.0,82,2,3,0,0
107.8125,108.0,110,2,3,JumpScratch,5
107.8125,-1.0,82,9,3,0,0
107.8125,108.0,110,9,3,JumpScratch,-5
108.0,108.3750,110,5,2,JumpScratch,-5
108.0,108.3750,110,7,2,JumpScratch,5
108.1875,-1.0,900,5,2,0,0
108.1875,-1.0,900,7,2,0,0
108.7500,-1.0,80,1,3,0,0
108.7500,108.9375,100,1,3,0,0
108.7500,-1.0,10,10,3,0,0
108.9375,-1.0,80,8,2,0,0
108.9375,109.1250,100,8,2,0,0
109.1250,-1.0,80,4,2,0,0
109.1250,109.3125,100,4,2,0,0
109.3125,-1.0,80,10,3,0,0
109.3125,109.5000,100,10,3,0,0
109.5000,-1.0,82,5,2,0,0
109.5000,109.6875,110,5,2,JumpScratch,-6
109.6875,110.2500,110,1,3,JumpScratch,6
109.6875,-1.0,50,8,4,0,0
109.8750,-1.0,900,1,3,0,0
110.0625,-1.0,900,1,3,0,0
110.0625,-1.0,10,7,3,0,0
110.2500,110.4375,110,4,3,JumpScratch,-6
110.2500,-1.0,82,7,3,0,0
110.2500,110.4375,110,7,3,JumpScratch,6
111.0,-1.0,10,7,3,0,0
111.1875,-1.0,10,4,3,0,0
111.3750,-1.0,50,5,4,0,0
111.3750,-1.0,81,10,3,0,0
111.3750,111.7500,101,10,3,0,0
111.5625,-1.0,900,10,3,0,0
111.7500,-1.0,10,1,3,0,0
111.9375,-1.0,81,1,3,0,0
111.9375,112.5000,101,1,3,0,0
111.9375,-1.0,50,5,4,0,0
112.1250,-1.0,900,1,3,0,0
112.3125,-1.0,900,1,3,0,0
112.5000,-1.0,10,7,4,0,0
112.6875,-1.0,50,1,6,0,0
112.6875,-1.0,81,10,3,0,0
112.6875,113.2500,101,10,3,0,0
112.8750,-1.0,900,10,3,0,0
113.0625,-1.0,900,10,3,0,0
113.2500,-1.0,10,3,4,0,0
113.4375,-1.0,81,1,3,0,0
113.4375,114.0,101,1,3,0,0
113.4375,-1.0,50,7,6,0,0
113.6250,-1.0,900,1,3,0,0
113.8125,-1.0,900,1,3,0,0
114.0,-1.0,10,5,4,0,0
114.3750,-1.0,50,4,6,0,0
114.3750,-1.0,83,10,3,0,0
114.3750,114.9375,110,10,3,JumpScratch,-8
114.5625,-1.0,900,10,3,0,0
114.7500,-1.0,900,10,3,0,0
114.9375,-1.0,10,1,4,0,0
114.9375,115.5000,110,5,4,JumpScratch,8
115.1250,-1.0,20,1,4,0,0
115.1250,-1.0,900,5,4,0,0
115.3125,-1.0,900,5,4,0,0
115.5000,-1.0,83,1,3,0,0
115.5000,116.0625,110,1,3,JumpScratch,8
115.6875,-1.0,900,1,3,0,0
115.8750,-1.0,900,1,3,0,0
116.0625,116.6250,110,5,4,JumpScratch,-8
116.0625,-1.0,10,9,4,0,0
116.2500,-1.0,900,5,4,0,0
116.2500,-1.0,20,9,4,0,0
116.4375,-1.0,900,5,4,0,0
116.6250,-1.0,10,10,3,0,0
116.8125,-1.0,10,7,3,0,0
117.0,-1.0,10,4,3,0,0
117.1875,-1.0,10,1,3,0,0
117.3750,-1.0,20,1,6,0,0
117.3750,-1.0,20,7,6,0,0
117.7500,-1.0,50,1,6,0,0
117.7500,-1.0,83,7,3,0,0
117.7500,118.1250,110,7,3,JumpScratch,6
117.9375,-1.0,900,7,3,0,0
118.1250,-1.0,10,1,3,0,0
118.1250,118.3125,110,10,3,JumpScratch,-6
118.3125,-1.0,10,2,4,0,0
118.3125,118.5000,110,7,3,JumpScratch,6
118.5000,-1.0,82,4,3,0,0
118.5000,118.8750,110,4,3,JumpScratch,-6
118.5000,119.2500,110,10,3,JumpScratch,-6
118.6875,-1.0,900,4,3,0,0
118.6875,-1.0,900,10,3,0,0
118.8750,-1.0,900,10,3,0,0
119.0625,-1.0,900,10,3,0,0
119.2500,-1.0,83,4,3,0,0
119.2500,119.6250,110,4,3,JumpScratch,-6
119.4375,-1.0,900,4,3,0,0
119.6250,119.8125,110,1,3,JumpScratch,6
119.6250,-1.0,10,10,3,0,0
119.8125,120.0,110,4,3,JumpScratch,-6
119.8125,-1.0,10,8,4,0,0
120.0,120.3750,110,1,3,JumpScratch,6
120.0,-1.0,10,7,3,0,0
120.1875,-1.0,900,1,3,0,0
120.3750,-1.0,83,10,3,0,0
120.3750,120.9375,110,10,3,JumpScratch,-6
120.5625,-1.0,900,10,3,0,0
120.7500,-1.0,900,10,3,0,0
120.9375,-1.0,10,1,6,0,0
120.9375,121.1250,110,7,6,JumpScratch,-9
121.1250,-1.0,10,1,3,0,0
121.5000,-1.0,83,1,3,0,0
121.5000,122.0625,110,1,3,JumpScratch,6
121.5000,-1.0,50,7,6,0,0
121.6875,-1.0,900,1,3,0,0
121.8750,-1.0,900,1,3,0,0
122.0625,122.2500,110,1,6,JumpScratch,9
122.0625,-1.0,10,7,6,0,0
122.2500,-1.0,82,10,3,0,0
122.2500,122.6250,110,10,3,JumpScratch,-6
122.4375,-1.0,900,10,3,0,0
122.6250,-1.0,83,1,6,0,0
122.6250,123.0,110,1,6,0,0
122.6250,123.0,110,7,6,0,0
122.8125,-1.0,900,1,6,0,0
122.8125,-1.0,900,7,6,0,0
123.3750,-1.0,50,5,4,0,0
123.3750,-1.0,81,10,3,0,0
123.3750,123.7500,101,10,3,0,0
123.5625,-1.0,900,10,3,0,0
123.7500,-1.0,10,4,2,0,0
123.9375,-1.0,50,3,4,0,0
123.9375,-1.0,81,8,3,0,0
123.9375,124.3125,101,8,3,0,0
124.1250,-1.0,900,8,3,0,0
124.3125,-1.0,10,2,2,0,0
124.5000,-1.0,50,1,4,0,0
124.5000,-1.0,83,6,3,0,0
124.5000,125.2500,110,6,3,0,0
124.6875,-1.0,900,6,3,0,0
124.8750,-1.0,10,3,3,0,0
124.8750,-1.0,900,6,3,0,0
125.0625,-1.0,900,6,3,0,0
125.2500,-1.0,10,2,2,0,0
125.4375,-1.0,10,10,2,0,0
125.6250,-1.0,82,5,2,0,0
125.6250,126.0,110,5,2,0,0
125.6250,-1.0,82,7,2,0,0
125.6250,126.0,110,7,2,0,0
125.8125,-1.0,900,5,2,0,0
125.8125,-1.0,900,7,2,0,0
126.3750,-1.0,83,1,4,0,0
126.3750,127.8750,110,1,4,0,0
126.3750,-1.0,83,9,4,0,0
126.3750,127.8750,110,9,4,0,0
126.5625,-1.0,900,1,4,0,0
126.5625,-1.0,900,9,4,0,0
126.7500,-1.0,900,1,4,0,0
126.7500,-1.0,31,1,4,0,0
126.7500,-1.0,900,9,4,0,0
126.7500,-1.0,31,9,4,0,0
126.9375,-1.0,900,1,4,0,0
126.9375,-1.0,900,9,4,0,0
127.1250,-1.0,900,1,4,0,0
127.1250,-1.0,31,1,4,0,0
127.1250,-1.0,900,9,4,0,0
127.1250,-1.0,31,9,4,0,0
127.3125,-1.0,900,1,4,0,0
127.3125,-1.0,900,9,4,0,0
127.5000,-1.0,900,1,4,0,0
127.5000,-1.0,31,1,4,0,0
127.5000,-1.0,900,9,4,0,0
127.5000,-1.0,31,9,4,0,0
127.6875,-1.0,900,1,4,0,0
127.6875,-1.0,900,9,4,0,0
128.0625,-1.0,10,6,2,0,0
128.2500,-1.0,10,1,4,0,0
128.2500,-1.0,10,9,4,0,0
128.4375,-1.0,10,4,6,0,0
128.5313,-1.0,10,4,6,0,0
128.6250,-1.0,10,4,6,0,0
128.8125,-1.0,10,2,2,0,0
128.8125,-1.0,10,10,2,0,0
129.0,-1.0,10,2,2,0,0
129.0,-1.0,10,10,2,0,0
129.3750,-1.0,20,3,2,0,0
129.3750,-1.0,80,11,2,0,0
129.3750,129.5625,100,11,2,0,0
129.7500,-1.0,10,10,2,0,0
129.9375,-1.0,10,8,2,0,0
130.1250,-1.0,20,1,2,0,0
130.5000,-1.0,10,8,2,0,0
130.6875,-1.0,80,9,2,0,0
130.6875,131.0625,100,9,2,0,0
130.8750,-1.0,20,3,2,0,0
130.8750,-1.0,900,9,2,0,0
131.2500,-1.0,10,9,2,0,0
131.6250,-1.0,20,1,2,0,0
131.6250,-1.0,10,11,2,0,0
131.8125,-1.0,10,10,2,0,0
132.0,-1.0,10,8,2,0,0
132.1875,-1.0,10,9,2,0,0
132.3750,-1.0,20,3,2,0,0
132.3750,-1.0,80,11,2,0,0
132.3750,132.5625,100,11,2,0,0
132.7500,-1.0,10,10,2,0,0
132.9375,-1.0,10,9,2,0,0
133.1250,-1.0,20,1,2,0,0
133.3125,-1.0,10,10,2,0,0
133.5000,-1.0,80,11,2,0,0
133.5000,134.6250,100,11,2,0,0
133.6875,-1.0,900,11,2,0,0
133.8750,-1.0,20,3,2,0,0
133.8750,-1.0,900,11,2,0,0
134.0625,-1.0,900,11,2,0,0
134.2500,-1.0,20,2,2,0,0
134.2500,-1.0,900,11,2,0,0
134.4375,-1.0,900,11,2,0,0
134.6250,-1.0,20,1,2,0,0
135.0,-1.0,20,2,2,0,0
135.0,-1.0,10,9,2,0,0
135.1875,-1.0,10,10,2,0,0
135.3750,-1.0,20,3,2,0,0
135.3750,-1.0,80,11,2,0,0
135.3750,135.5625,100,11,2,0,0
135.7500,-1.0,10,10,2,0,0
135.9375,-1.0,80,8,2,0,0
135.9375,136.1250,100,8,2,0,0
136.1250,-1.0,20,1,2,0,0
136.5000,-1.0,10,9,2,0,0
136.6875,-1.0,80,10,2,0,0
136.6875,136.8750,100,10,2,0,0
136.8750,-1.0,20,3,2,0,0
137.0625,-1.0,10,10,2,0,0
137.2500,-1.0,80,9,2,0,0
137.2500,137.4375,100,9,2,0,0
137.6250,-1.0,20,1,2,0,0
138.0,-1.0,10,8,2,0,0
138.1875,-1.0,10,9,2,0,0
138.3750,-1.0,20,3,2,0,0
138.3750,-1.0,80,11,2,0,0
138.3750,138.5625,100,11,2,0,0
138.7500,-1.0,10,10,2,0,0
138.9375,-1.0,10,9,2,0,0
139.1250,-1.0,20,1,2,0,0
139.3125,-1.0,10,9,2,0,0
139.5000,-1.0,20,5,2,0,0
139.5000,-1.0,80,8,2,0,0
139.5000,140.6250,100,8,2,0,0
139.6875,-1.0,20,3,2,0,0
139.6875,-1.0,900,8,2,0,0
139.8750,-1.0,81,1,2,0,0
139.8750,140.0625,101,1,2,0,0
139.8750,-1.0,900,8,2,0,0
140.0625,-1.0,900,8,2,0,0
140.2500,-1.0,20,3,2,0,0
140.2500,-1.0,900,8,2,0,0
140.4375,-1.0,81,2,2,0,0
140.4375,140.6250,101,2,2,0,0
140.4375,-1.0,900,8,2,0,0
140.8125,-1.0,20,3,2,0,0
141.0,-1.0,83,4,2,0,0
141.0,142.1250,110,4,2,JumpScratch,5
141.0,-1.0,82,8,2,0,0
141.0,141.3750,110,8,2,JumpScratch,-5
141.1875,-1.0,900,4,2,0,0
141.1875,-1.0,900,8,2,0,0
141.5625,-1.0,900,4,2,0,0
141.7500,-1.0,900,4,2,0,0
141.7500,-1.0,10,10,2,0,0
141.9375,-1.0,900,4,2,0,0
141.9375,-1.0,82,8,2,0,0
141.9375,142.8750,110,8,2,JumpScratch,-6
142.3125,-1.0,900,8,2,0,0
142.5000,-1.0,10,1,2,0,0
142.5000,-1.0,900,8,2,0,0
142.6875,-1.0,82,3,2,0,0
142.6875,143.6250,110,3,2,JumpScratch,7
142.6875,-1.0,900,8,2,0,0
143.0625,-1.0,900,3,2,0,0
143.2500,-1.0,900,3,2,0,0
143.2500,-1.0,10,11,2,0,0
143.4375,-1.0,900,3,2,0,0
143.4375,-1.0,80,9,2,0,0
143.4375,143.8125,100,9,2,0,0
144.0,-1.0,10,1,2,0,0
144.0,-1.0,20,11,2,0,0
144.1875,-1.0,10,1,2,0,0
144.1875,-1.0,20,11,2,0,0
144.3750,-1.0,82,3,2,0,0
144.3750,144.7500,110,3,2,JumpScratch,-3
144.3750,-1.0,83,9,2,0,0
144.3750,144.7500,110,9,2,JumpScratch,3
144.5625,-1.0,900,3,2,0,0
144.5625,-1.0,900,9,2,0,0
144.7500,144.9375,110,2,2,JumpScratch,5
144.7500,144.9375,110,10,2,JumpScratch,-5
144.9375,145.3125,110,5,2,JumpScratch,-6
144.9375,145.3125,110,7,2,JumpScratch,6
145.1250,-1.0,900,5,2,0,0
145.1250,-1.0,900,7,2,0,0
145.3125,145.5000,110,1,2,JumpScratch,6
145.3125,145.5000,110,11,2,JumpScratch,-6
145.5000,145.8750,110,5,2,0,0
145.5000,145.8750,110,7,2,0,0
145.6875,-1.0,900,5,2,0,0
145.6875,-1.0,900,7,2,0,0
146.6250,-1.0,50,2,2,0,0
146.6250,-1.0,50,10,2,0,0
147.0,-1.0,50,3,2,0,0
147.0,-1.0,50,9,2,0,0
147.3750,-1.0,50,4,2,0,0
147.3750,-1.0,50,8,2,0,0
147.7500,-1.0,50,3,2,0,0
147.7500,-1.0,50,9,2,0,0
148.1250,-1.0,50,2,2,0,0
148.1250,-1.0,50,10,2,0,0
148.5000,-1.0,82,2,2,0,0
148.5000,149.2500,110,2,2,JumpScratch,4
148.5000,-1.0,83,10,2,0,0
148.5000,149.2500,110,10,2,JumpScratch,-4
148.6875,-1.0,900,2,2,0,0
148.6875,-1.0,900,10,2,0,0
148.8750,-1.0,900,2,2,0,0
148.8750,-1.0,900,10,2,0,0
149.0625,-1.0,900,2,2,0,0
149.0625,-1.0,900,10,2,0,0
149.6250,-1.0,82,3,2,0,0
149.6250,150.0,110,3,2,JumpScratch,4
149.6250,-1.0,83,9,2,0,0
149.6250,150.0,110,9,2,JumpScratch,-4
149.8125,-1.0,900,3,2,0,0
149.8125,-1.0,900,9,2,0,0
150.0,150.1875,110,5,2,JumpScratch,-3
150.0,150.1875,110,7,2,JumpScratch,3
150.1875,151.1250,110,4,2,0,0
150.1875,151.1250,110,8,2,0,0
150.3750,-1.0,900,4,2,0,0
150.3750,-1.0,900,8,2,0,0
150.5625,-1.0,900,4,2,0,0
150.5625,-1.0,900,8,2,0,0
150.7500,-1.0,900,4,2,0,0
150.7500,-1.0,900,8,2,0,0
150.9375,-1.0,900,4,2,0,0
150.9375,-1.0,900,8,2,0,0
151.5000,-1.0,10,5,2,0,0
151.5000,-1.0,10,7,2,0,0
151.6875,-1.0,80,4,2,0,0
151.6875,152.0625,100,4,2,0,0
151.6875,-1.0,80,8,2,0,0
151.6875,152.0625,100,8,2,0,0
151.8750,-1.0,900,4,2,0,0
151.8750,-1.0,900,8,2,0,0
152.2500,-1.0,10,3,2,0,0
152.2500,-1.0,20,9,2,0,0
152.6250,-1.0,50,4,3,0,0
152.6250,-1.0,10,7,3,0,0
153.0,-1.0,20,2,4,0,0
153.0,-1.0,50,8,4,0,0
153.3750,-1.0,10,1,6,0,0
153.3750,-1.0,20,7,6,0,0
153.3750,154.5000,110,1,12,0,0
153.5625,-1.0,900,1,12,0,0
153.7500,-1.0,900,1,12,0,0
153.7500,-1.0,40,1,12,0,0
153.9375,-1.0,900,1,12,0,0
154.1250,-1.0,900,1,12,0,0
154.1250,-1.0,40,1,12,0,0
154.3125,-1.0,900,1,12,0,0
157.1250,-1.0,83,11,2,0,0
157.1250,157.1719,110,11,2,JumpScratch,-3
157.1719,157.2188,110,10,2,JumpScratch,-3
157.2188,157.2656,110,9,2,JumpScratch,-3
157.2656,157.3125,110,8,2,JumpScratch,-3
157.3125,157.3594,110,7,2,JumpScratch,-3
157.3594,157.4063,110,6,2,JumpScratch,-3
157.4063,157.4531,110,5,2,JumpScratch,-3
157.4531,157.5000,110,4,2,JumpScratch,-3
157.5000,157.5469,110,3,2,JumpScratch,-3
157.5469,157.5938,110,2,2,JumpScratch,-3
157.5938,157.6406,110,1,2,JumpScratch,-2
158.2500,-1.0,20,2,3,0,0
158.2500,-1.0,10,8,3,0,0
158.4375,-1.0,20,3,3,0,0
158.4375,-1.0,10,9,3,0,0
158.6250,-1.0,83,2,3,0,0
158.6250,159.0,110,2,3,JumpScratch,4
158.6250,-1.0,80,8,3,0,0
158.6250,158.8125,100,8,3,0,0
158.8125,-1.0,900,2,3,0,0
159.0,-1.0,10,9,3,0,0
159.1875,-1.0,10,2,3,0,0
159.1875,-1.0,10,8,3,0,0
159.3750,-1.0,83,3,3,0,0
159.3750,159.7500,110,3,3,JumpScratch,-5
159.3750,-1.0,80,9,3,0,0
159.3750,159.5625,100,9,3,0,0
159.5625,-1.0,900,3,3,0,0
159.7500,160.1250,110,1,3,JumpScratch,6
159.7500,-1.0,80,7,3,0,0
159.7500,159.9375,100,7,3,0,0
159.9375,-1.0,900,1,3,0,0
160.1250,160.5000,110,4,3,JumpScratch,-5
160.1250,-1.0,80,10,3,0,0
160.1250,160.3125,100,10,3,0,0
160.3125,-1.0,900,4,3,0,0
160.5000,160.8750,110,2,3,JumpScratch,5
160.5000,-1.0,80,8,3,0,0
160.5000,160.6875,100,8,3,0,0
160.6875,-1.0,900,2,3,0,0
161.2500,-1.0,20,2,3,0,0
161.2500,-1.0,10,8,3,0,0
161.4375,-1.0,20,3,3,0,0
161.4375,-1.0,10,9,3,0,0
161.6250,-1.0,50,2,3,0,0
161.6250,-1.0,50,8,3,0,0
162.0,-1.0,20,3,3,0,0
162.0,-1.0,10,9,3,0,0
162.1875,-1.0,20,2,3,0,0
162.1875,-1.0,10,8,3,0,0
162.3750,-1.0,83,3,3,0,0
162.3750,162.7500,110,3,3,JumpScratch,-5
162.3750,-1.0,80,9,3,0,0
162.3750,162.5625,100,9,3,0,0
162.5625,-1.0,900,3,3,0,0
162.7500,163.1250,110,1,3,JumpScratch,6
162.7500,-1.0,80,7,3,0,0
162.7500,162.9375,100,7,3,0,0
162.9375,-1.0,900,1,3,0,0
163.1250,163.5000,110,4,3,JumpScratch,-5
163.1250,-1.0,80,10,3,0,0
163.1250,163.3125,100,10,3,0,0
163.3125,-1.0,900,4,3,0,0
163.5000,-1.0,80,8,3,0,0
163.5000,163.6875,100,8,3,0,0
163.8750,-1.0,80,11,2,0,0
163.8750,164.0625,100,11,2,0,0
164.2500,-1.0,10,9,2,0,0
164.4375,-1.0,80,9,2,0,0
164.4375,164.6250,100,9,2,0,0
164.8125,-1.0,10,7,2,0,0
165.0,-1.0,80,7,2,0,0
165.0,165.1875,100,7,2,0,0
165.3750,-1.0,10,9,2,0,0
165.5625,-1.0,80,9,2,0,0
165.5625,165.7500,100,9,2,0,0
165.9375,-1.0,10,11,2,0,0
166.1250,-1.0,80,11,2,0,0
166.1250,166.3125,100,11,2,0,0
166.5000,-1.0,80,9,2,0,0
166.5000,167.0625,100,9,2,0,0
166.6875,-1.0,900,9,2,0,0
166.8750,-1.0,900,9,2,0,0
167.2500,-1.0,80,8,2,0,0
167.2500,168.3750,100,8,2,0,0
167.4375,-1.0,900,8,2,0,0
167.6250,-1.0,900,8,2,0,0
167.8125,-1.0,900,8,2,0,0
168.0,-1.0,20,4,2,0,0
168.0,-1.0,900,8,2,0,0
168.1875,-1.0,20,3,2,0,0
168.1875,-1.0,900,8,2,0,0
168.3750,-1.0,83,2,2,0,0
168.3750,168.7500,110,2,2,JumpScratch,5
168.5625,-1.0,900,2,2,0,0
168.7500,168.9375,110,5,2,JumpScratch,-5
168.9375,169.3125,110,2,2,JumpScratch,5
169.1250,-1.0,900,2,2,0,0
169.3125,169.5000,110,5,2,JumpScratch,-5
170.2500,-1.0,20,3,3,0,0
170.2500,-1.0,10,9,3,0,0
170.4375,-1.0,20,2,3,0,0
170.4375,-1.0,10,8,3,0,0
170.6250,-1.0,83,3,3,0,0
170.6250,171.0,110,3,3,JumpScratch,-4
170.6250,-1.0,80,9,3,0,0
170.6250,170.8125,100,9,3,0,0
170.8125,-1.0,900,3,3,0,0
171.0,-1.0,10,8,3,0,0
171.1875,-1.0,20,3,3,0,0
171.1875,-1.0,10,9,3,0,0
171.3750,-1.0,83,2,3,0,0
171.3750,171.7500,110,2,3,JumpScratch,5
171.3750,-1.0,80,8,3,0,0
171.3750,171.5625,100,8,3,0,0
171.5625,-1.0,900,2,3,0,0
171.7500,172.1250,110,4,3,JumpScratch,-6
171.7500,-1.0,80,10,3,0,0
171.7500,171.9375,100,10,3,0,0
171.9375,-1.0,900,4,3,0,0
172.1250,172.5000,110,1,3,JumpScratch,5
172.1250,-1.0,80,7,3,0,0
172.1250,172.3125,100,7,3,0,0
172.3125,-1.0,900,1,3,0,0
172.5000,172.8750,110,3,3,JumpScratch,-5
172.5000,-1.0,80,9,3,0,0
172.5000,172.6875,100,9,3,0,0
172.6875,-1.0,900,3,3,0,0
173.2500,-1.0,10,9,3,0,0
173.4375,-1.0,10,8,3,0,0
173.6250,-1.0,80,9,3,0,0
173.6250,173.8125,100,9,3,0,0
174.0,-1.0,10,8,3,0,0
174.1875,-1.0,10,9,3,0,0
174.3750,-1.0,80,7,3,0,0
174.3750,174.5625,100,7,3,0,0
174.7500,-1.0,80,8,3,0,0
174.7500,174.9375,100,8,3,0,0
175.1250,-1.0,80,10,3,0,0
175.1250,175.3125,100,10,3,0,0
175.5000,-1.0,80,8,3,0,0
175.5000,175.6875,100,8,3,0,0
175.8750,-1.0,10,7,2,0,0
176.0625,-1.0,10,9,2,0,0
176.2500,-1.0,10,11,2,0,0
176.4375,-1.0,10,9,2,0,0
176.8125,-1.0,10,7,2,0,0
177.0,-1.0,80,9,2,0,0
177.0,177.1875,100,9,2,0,0
177.3750,-1.0,10,11,2,0,0
177.5625,-1.0,10,9,2,0,0
177.9375,-1.0,10,7,2,0,0
178.1250,-1.0,80,11,2,0,0
178.1250,178.3125,100,11,2,0,0
178.5000,-1.0,80,8,2,0,0
178.5000,179.0625,100,8,2,0,0
178.6875,-1.0,900,8,2,0,0
178.8750,-1.0,900,8,2,0,0
179.2500,-1.0,80,10,2,0,0
179.2500,180.5625,100,10,2,0,0
179.4375,-1.0,900,10,2,0,0
179.6250,-1.0,900,10,2,0,0
179.8125,-1.0,900,10,2,0,0
180.0,-1.0,900,10,2,0,0
180.1875,-1.0,900,10,2,0,0
180.3750,-1.0,900,10,2,0,0
181.5000,-1.0,10,8,2,0,0
181.6875,-1.0,10,9,2,0,0
181.8750,-1.0,10,11,2,0,0
181.8750,182.0625,100,11,2,0,0
182.2500,-1.0,10,9,2,0,0
182.4375,-1.0,10,8,2,0,0
182.8125,-1.0,10,8,2,0,0
183.0,-1.0,10,11,2,0,0
183.0,183.1875,100,11,2,0,0
183.3750,-1.0,10,11,2,0,0
183.5625,-1.0,10,8,2,0,0
183.9375,-1.0,10,7,2,0,0
184.1250,-1.0,10,11,2,0,0
184.1250,184.3125,100,11,2,0,0
184.5000,-1.0,10,8,2,0,0
184.6875,-1.0,10,10,2,0,0
184.6875,184.8750,100,10,2,0,0
185.0625,-1.0,10,7,2,0,0
185.2500,-1.0,10,9,2,0,0
185.2500,186.0,100,9,2,0,0
185.4375,-1.0,900,9,2,0,0
185.6250,-1.0,900,9,2,0,0
185.8125,-1.0,900,9,2,0,0
186.1875,-1.0,200,1,2,0,0
186.3750,-1.0,80,3,2,0,0
186.3750,186.5625,100,3,2,0,0
186.7500,-1.0,200,3,2,0,0
186.9375,-1.0,200,2,2,0,0
187.3125,-1.0,200,1,2,0,0
187.5000,-1.0,80,5,2,0,0
187.5000,187.6875,100,5,2,0,0
187.8750,-1.0,200,4,2,0,0
188.0625,-1.0,80,3,2,0,0
188.0625,188.2500,100,3,2,0,0
188.4375,-1.0,200,1,2,0,0
188.6250,-1.0,80,4,2,0,0
188.6250,188.8125,100,4,2,0,0
189.0,-1.0,200,1,2,0,0
189.1875,-1.0,80,4,2,0,0
189.1875,189.3750,100,4,2,0,0
189.5625,-1.0,200,2,2,0,0
189.7500,-1.0,80,5,2,0,0
189.7500,190.1250,100,5,2,0,0
189.9375,-1.0,900,5,2,0,0
190.6875,-1.0,10,11,2,0,0
190.8750,-1.0,10,8,2,0,0
190.8750,191.0625,100,8,2,0,0
191.2500,-1.0,10,9,2,0,0
191.4375,-1.0,10,11,2,0,0
191.8125,-1.0,200,1,2,0,0
192.0,-1.0,80,4,2,0,0
192.0,192.1875,100,4,2,0,0
192.3750,-1.0,200,3,2,0,0
192.5625,-1.0,200,1,2,0,0
192.9375,-1.0,200,5,2,0,0
192.9375,-1.0,10,7,2,0,0
193.1250,-1.0,200,4,2,0,0
193.1250,-1.0,10,8,2,0,0
193.3125,-1.0,200,3,2,0,0
193.3125,-1.0,10,9,2,0,0
193.5000,-1.0,200,1,2,0,0
193.5000,-1.0,10,11,2,0,0
193.6875,-1.0,80,3,2,0,0
193.6875,193.8750,100,3,2,0,0
193.6875,-1.0,10,9,2,0,0
193.6875,193.8750,100,9,2,0,0
194.0625,-1.0,200,4,2,0,0
194.0625,-1.0,10,8,2,0,0
194.2500,-1.0,80,2,2,0,0
194.2500,194.6250,100,2,2,0,0
194.2500,-1.0,10,10,2,0,0
194.2500,194.6250,100,10,2,0,0
194.4375,-1.0,900,2,2,0,0
194.4375,-1.0,900,10,2,0,0
195.0,-1.0,200,4,2,0,0
195.0,-1.0,10,8,2,0,0
195.1875,-1.0,200,4,2,0,0
195.1875,-1.0,10,8,2,0,0
195.3750,-1.0,80,2,2,0,0
195.3750,195.5625,100,2,2,0,0
195.3750,-1.0,10,10,2,0,0
195.3750,195.5625,100,10,2,0,0
195.7500,-1.0,200,4,2,0,0
195.7500,-1.0,10,8,2,0,0
195.9375,-1.0,200,3,2,0,0
195.9375,-1.0,10,9,2,0,0
196.3125,-1.0,200,3,2,0,0
196.3125,-1.0,10,9,2,0,0
196.5000,-1.0,80,2,2,0,0
196.5000,196.6875,100,2,2,0,0
196.5000,-1.0,10,10,2,0,0
196.5000,196.6875,100,10,2,0,0
196.8750,-1.0,200,2,2,0,0
196.8750,-1.0,10,10,2,0,0
197.0625,-1.0,200,3,2,0,0
197.0625,-1.0,10,9,2,0,0
197.2500,-1.0,200,5,2,0,0
197.2500,-1.0,10,7,2,0,0
197.4375,-1.0,200,3,2,0,0
197.4375,-1.0,10,9,2,0,0
197.6250,-1.0,83,1,12,0,0
197.6250,199.1250,110,1,12,0,0
197.8125,-1.0,900,1,12,0,0
198.0,-1.0,20,1,12,0,0
198.1875,-1.0,900,1,12,0,0
198.3750,-1.0,20,1,12,0,0
198.5625,-1.0,900,1,12,0,0
198.7500,-1.0,20,1,12,0,0
198.9375,-1.0,20,1,12,0,0
199.5000,-1.0,20,1,4,0,0
199.5000,-1.0,20,7,2,0,0
199.6875,-1.0,20,3,4,0,0
199.6875,-1.0,20,9,2,0,0
199.8750,-1.0,20,5,4,0,0
199.8750,-1.0,83,11,2,0,0
199.8750,199.9219,110,11,2,JumpScratch,-3
199.9219,199.9688,110,10,2,JumpScratch,-3
199.9688,200.0156,110,9,2,JumpScratch,-3
200.0156,200.0625,110,8,2,JumpScratch,-3
200.0625,-1.0,20,1,4,0,0
200.0625,200.1094,110,7,2,JumpScratch,-3
200.1094,200.1563,110,6,2,JumpScratch,-3
200.1563,200.2031,110,5,2,JumpScratch,-3
200.2031,200.2500,110,4,2,JumpScratch,-3
200.2500,200.2969,110,3,2,JumpScratch,-3
200.2969,200.3438,110,2,2,JumpScratch,-3
200.3438,200.3906,110,1,2,JumpScratch,-2
201.0,-1.0,200,1,3,0,0
201.0,-1.0,10,6,2,0,0
201.1875,-1.0,200,4,2,0,0
201.1875,-1.0,10,8,2,0,0
201.3750,-1.0,80,6,2,0,0
201.3750,201.5625,100,6,2,0,0
201.3750,-1.0,10,10,3,0,0
201.3750,201.5625,100,10,3,0,0
201.7500,-1.0,200,6,2,0,0
201.7500,-1.0,10,10,3,0,0
201.9375,-1.0,200,4,2,0,0
201.9375,-1.0,10,8,2,0,0
202.1250,-1.0,80,1,3,0,0
202.1250,202.3125,100,1,3,0,0
202.1250,-1.0,10,6,2,0,0
202.3125,-1.0,10,8,2,0,0
202.5000,-1.0,200,6,2,0,0
202.5000,-1.0,10,10,3,0,0
202.5000,202.6875,100,10,3,0,0
202.6875,-1.0,200,4,2,0,0
202.8750,-1.0,80,1,3,0,0
202.8750,203.0625,100,1,3,0,0
202.8750,-1.0,10,6,2,0,0
203.0625,-1.0,10,8,2,0,0
203.2500,-1.0,200,6,2,0,0
203.2500,-1.0,10,10,3,0,0
203.2500,203.4375,100,10,3,0,0
203.4375,-1.0,200,4,2,0,0
203.6250,-1.0,200,1,3,0,0
203.6250,-1.0,10,10,3,0,0
204.0,-1.0,200,4,2,0,0
204.0,-1.0,10,10,3,0,0
204.1875,-1.0,10,6,2,0,0
204.3750,-1.0,80,1,3,0,0
204.3750,204.5625,100,1,3,0,0
204.3750,-1.0,10,8,2,0,0
204.3750,204.5625,100,8,2,0,0
204.7500,-1.0,200,4,2,0,0
204.7500,-1.0,10,10,3,0,0
204.9375,-1.0,200,6,2,0,0
205.1250,-1.0,80,1,3,0,0
205.1250,205.3125,100,1,3,0,0
205.1250,-1.0,10,6,2,0,0
205.3125,-1.0,10,6,2,0,0
205.5000,-1.0,200,6,2,0,0
205.5000,-1.0,10,10,3,0,0
205.5000,205.6875,100,10,3,0,0
205.6875,-1.0,200,6,2,0,0
205.8750,-1.0,80,1,3,0,0
205.8750,206.0625,100,1,3,0,0
205.8750,-1.0,10,6,2,0,0
206.0625,-1.0,10,6,2,0,0
206.2500,-1.0,200,6,2,0,0
206.2500,-1.0,10,10,3,0,0
206.2500,206.4375,100,10,3,0,0
206.4375,-1.0,200,6,2,0,0
206.6250,-1.0,10,8,2,0,0
206.6250,206.8125,100,8,2,0,0
207.0,-1.0,10,10,2,0,0
207.1875,-1.0,10,8,2,0,0
207.1875,207.3750,100,8,2,0,0
207.5625,-1.0,10,7,2,0,0
207.7500,-1.0,10,9,2,0,0
207.7500,207.9375,100,9,2,0,0
208.1250,-1.0,10,10,2,0,0
208.3125,-1.0,10,8,2,0,0
208.3125,208.5000,100,8,2,0,0
208.6875,-1.0,10,7,2,0,0
208.8750,-1.0,10,11,2,0,0
208.8750,209.0625,100,11,2,0,0
209.2500,-1.0,10,8,2,0,0
209.2500,209.8125,100,8,2,0,0
209.4375,-1.0,900,8,2,0,0
209.6250,-1.0,900,8,2,0,0
210.0,-1.0,81,5,2,0,0
210.0,210.1875,101,5,2,0,0
210.0,-1.0,10,10,2,0,0
210.0,211.8750,100,10,2,0,0
210.1875,-1.0,900,10,2,0,0
210.3750,-1.0,81,5,2,0,0
210.3750,210.5625,101,5,2,0,0
210.3750,-1.0,900,10,2,0,0
210.5625,-1.0,900,10,2,0,0
210.7500,-1.0,81,5,2,0,0
210.7500,210.9375,101,5,2,0,0
210.7500,-1.0,900,10,2,0,0
210.9375,-1.0,900,10,2,0,0
211.1250,-1.0,900,10,2,0,0
211.3125,-1.0,900,10,2,0,0
211.5000,-1.0,20,1,2,0,0
211.5000,-1.0,900,10,2,0,0
211.6875,-1.0,81,2,2,0,0
211.6875,211.8750,101,2,2,0,0
211.6875,-1.0,900,10,2,0,0
212.0625,-1.0,20,2,2,0,0
212.2500,-1.0,81,3,2,0,0
212.2500,214.1250,101,3,2,0,0
212.4375,-1.0,900,3,2,0,0
212.6250,-1.0,900,3,2,0,0
212.8125,-1.0,900,3,2,0,0
213.0,-1.0,900,3,2,0,0
213.0,-1.0,10,10,2,0,0
213.1875,-1.0,900,3,2,0,0
213.1875,-1.0,10,7,2,0,0
213.3750,-1.0,900,3,2,0,0
213.3750,-1.0,10,10,2,0,0
213.3750,213.5625,100,10,2,0,0
213.5625,-1.0,900,3,2,0,0
213.7500,-1.0,900,3,2,0,0
213.7500,-1.0,10,10,2,0,0
213.9375,-1.0,900,3,2,0,0
213.9375,-1.0,10,7,2,0,0
214.1250,-1.0,10,10,2,0,0
214.1250,214.3125,100,10,2,0,0
214.5000,-1.0,20,2,2,0,0
214.5000,-1.0,10,11,2,0,0
214.5000,214.6875,100,11,2,0,0
214.8750,-1.0,81,5,2,0,0
214.8750,215.4375,101,5,2,0,0
214.8750,-1.0,10,8,2,0,0
214.8750,215.0625,100,8,2,0,0
215.0625,-1.0,900,5,2,0,0
215.2500,-1.0,900,5,2,0,0
215.2500,-1.0,10,9,2,0,0
215.2500,215.6250,100,9,2,0,0
215.4375,-1.0,900,9,2,0,0
215.6250,-1.0,81,2,2,0,0
215.6250,217.1250,101,2,2,0,0
215.8125,-1.0,900,2,2,0,0
216.0,-1.0,900,2,2,0,0
216.0,-1.0,10,10,2,0,0
216.1875,-1.0,900,2,2,0,0
216.1875,-1.0,10,7,2,0,0
216.3750,-1.0,900,2,2,0,0
216.3750,-1.0,10,10,2,0,0
216.3750,216.5625,100,10,2,0,0
216.5625,-1.0,900,2,2,0,0
216.7500,-1.0,900,2,2,0,0
216.7500,-1.0,20,10,2,0,0
216.9375,-1.0,900,2,2,0,0
216.9375,-1.0,20,7,2,0,0
217.1250,-1.0,81,8,2,0,0
217.1250,217.3125,101,8,2,0,0
217.5000,-1.0,81,10,2,0,0
217.5000,217.6875,101,10,2,0,0
217.8750,-1.0,20,11,2,0,0
218.0625,-1.0,20,10,2,0,0
218.2500,-1.0,10,9,2,0,0
218.2500,218.4375,100,9,2,0,0
218.6250,-1.0,80,1,3,0,0
218.6250,218.8125,100,1,3,0,0
218.6250,-1.0,10,10,3,0,0
218.6250,218.8125,100,10,3,0,0
219.0,-1.0,200,3,3,0,0
219.0,-1.0,10,8,3,0,0
219.1875,-1.0,50,4,3,0,0
219.1875,-1.0,50,7,3,0,0
219.5625,-1.0,200,3,3,0,0
219.5625,-1.0,10,8,3,0,0
219.7500,-1.0,80,1,3,0,0
219.7500,219.9375,100,1,3,0,0
219.7500,-1.0,10,10,3,0,0
219.7500,219.9375,100,10,3,0,0
220.1250,-1.0,200,3,3,0,0
220.1250,-1.0,10,8,3,0,0
220.3125,-1.0,50,4,3,0,0
220.3125,-1.0,50,7,3,0,0
220.6875,-1.0,200,3,3,0,0
220.6875,-1.0,10,8,3,0,0
220.8750,-1.0,80,1,3,0,0
220.8750,221.0625,100,1,3,0,0
220.8750,-1.0,10,10,3,0,0
220.8750,221.0625,100,10,3,0,0
221.2500,-1.0,80,3,3,0,0
221.2500,221.8125,100,3,3,0,0
221.2500,-1.0,10,8,3,0,0
221.2500,221.8125,100,8,3,0,0
221.4375,-1.0,900,3,3,0,0
221.4375,-1.0,900,8,3,0,0
221.6250,-1.0,900,3,3,0,0
221.6250,-1.0,900,8,3,0,0
222.0,-1.0,80,4,3,0,0
222.0,222.3750,100,4,3,0,0
222.0,-1.0,10,10,3,0,0
222.0,223.8750,100,10,3,0,0
222.1875,-1.0,900,4,3,0,0
222.1875,-1.0,900,10,3,0,0
222.3750,-1.0,900,10,3,0,0
222.5625,-1.0,900,10,3,0,0
222.7500,-1.0,80,1,3,0,0
222.7500,222.9375,100,1,3,0,0
222.7500,-1.0,900,10,3,0,0
222.9375,-1.0,900,10,3,0,0
223.1250,-1.0,80,2,3,0,0
223.1250,223.5000,100,2,3,0,0
223.1250,-1.0,900,10,3,0,0
223.3125,-1.0,900,2,3,0,0
223.3125,-1.0,900,10,3,0,0
223.5000,-1.0,900,10,3,0,0
223.6875,-1.0,80,4,3,0,0
223.6875,224.0625,100,4,3,0,0
223.6875,-1.0,900,10,3,0,0
223.8750,-1.0,900,4,3,0,0
224.2500,-1.0,80,3,3,0,0
224.2500,224.6250,100,3,3,0,0
224.4375,-1.0,900,3,3,0,0
224.8125,-1.0,80,1,3,0,0
224.8125,226.1250,100,1,3,0,0
225.0,-1.0,900,1,3,0,0
225.0,-1.0,10,7,2,0,0
225.1875,-1.0,900,1,3,0,0
225.1875,-1.0,10,9,2,0,0
225.3750,-1.0,900,1,3,0,0
225.3750,-1.0,10,11,2,0,0
225.5625,-1.0,900,1,3,0,0
225.7500,-1.0,900,1,3,0,0
225.7500,-1.0,10,11,2,0,0
225.9375,-1.0,900,1,3,0,0
225.9375,-1.0,10,9,2,0,0
226.1250,-1.0,10,7,2,0,0
226.5000,-1.0,10,11,2,0,0
226.8750,-1.0,10,8,2,0,0
227.2500,-1.0,10,10,2,0,0
227.6250,-1.0,81,3,2,0,0
227.6250,229.1250,101,3,2,0,0
227.8125,-1.0,900,3,2,0,0
228.0,-1.0,900,3,2,0,0
228.1875,-1.0,900,3,2,0,0
228.3750,-1.0,900,3,2,0,0
228.5625,-1.0,900,3,2,0,0
228.7500,-1.0,900,3,2,0,0
228.9375,-1.0,900,3,2,0,0
229.1250,-1.0,81,9,2,0,0
229.1250,229.8750,101,9,2,0,0
229.3125,-1.0,900,9,2,0,0
229.5000,-1.0,900,9,2,0,0
229.6875,-1.0,900,9,2,0,0
230.6250,-1.0,81,4,2,0,0
230.6250,232.1250,101,4,2,0,0
230.8125,-1.0,900,4,2,0,0
231.0,-1.0,900,4,2,0,0
231.1875,-1.0,900,4,2,0,0
231.3750,-1.0,900,4,2,0,0
231.5625,-1.0,900,4,2,0,0
231.7500,-1.0,900,4,2,0,0
231.9375,-1.0,900,4,2,0,0
232.1250,-1.0,81,7,2,0,0
232.1250,232.8750,101,7,2,0,0
232.3125,-1.0,900,7,2,0,0
232.5000,-1.0,900,7,2,0,0
232.6875,-1.0,900,7,2,0,0
233.6250,-1.0,81,10,2,0,0
233.6250,235.1250,101,10,2,0,0
233.8125,-1.0,900,10,2,0,0
234.0,-1.0,900,10,2,0,0
234.1875,-1.0,900,10,2,0,0
234.3750,-1.0,900,10,2,0,0
234.5625,-1.0,900,10,2,0,0
234.7500,-1.0,900,10,2,0,0
234.9375,-1.0,900,10,2,0,0
235.1250,-1.0,81,3,2,0,0
235.1250,235.8750,101,3,2,0,0
235.3125,-1.0,900,3,2,0,0
235.5000,-1.0,900,3,2,0,0
235.6875,-1.0,900,3,2,0,0
237.0,-1.0,200,1,2,0,0
237.0,-1.0,10,7,2,0,0
237.1875,-1.0,200,3,2,0,0
237.1875,-1.0,10,9,2,0,0
237.3750,-1.0,200,5,2,0,0
237.3750,-1.0,10,11,2,0,0
237.7500,-1.0,200,5,2,0,0
237.7500,-1.0,10,11,2,0,0
237.9375,-1.0,200,3,2,0,0
237.9375,-1.0,10,9,2,0,0
238.1250,-1.0,200,1,2,0,0
238.1250,-1.0,10,7,2,0,0
238.5000,-1.0,200,5,2,0,0
238.5000,-1.0,10,11,2,0,0
238.8750,-1.0,200,2,2,0,0
238.8750,-1.0,10,8,2,0,0
239.2500,-1.0,200,4,2,0,0
239.2500,-1.0,10,10,2,0,0
239.6250,-1.0,20,2,2,0,0
240.0,-1.0,20,4,2,0,0
240.3750,-1.0,20,6,2,0,0
240.7500,-1.0,20,8,2,0,0
241.1250,-1.0,20,10,2,0,0
241.5000,-1.0,20,8,2,0,0
241.6875,-1.0,20,5,2,0,0
241.7813,-1.0,20,7,2,0,0
241.8750,-1.0,20,6,2,0,0
242.2500,-1.0,20,4,2,0,0
242.6250,-1.0,20,2,2,0,0
243.0,-1.0,20,4,2,0,0
243.3750,-1.0,20,6,2,0,0
243.7500,-1.0,20,8,2,0,0
244.1250,-1.0,20,10,2,0,0
244.5000,-1.0,20,8,2,0,0
244.6875,-1.0,20,5,2,0,0
244.7813,-1.0,20,7,2,0,0
244.8750,-1.0,20,6,2,0,0
245.2500,-1.0,20,4,2,0,0
245.6250,-1.0,200,5,2,0,0
245.6250,-1.0,10,7,2,0,0
246.0,-1.0,200,5,2,0,0
246.0,-1.0,10,7,2,0,0
246.3750,-1.0,200,4,3,0,0
246.3750,-1.0,10,7,3,0,0
246.7500,-1.0,200,4,3,0,0
246.7500,-1.0,10,7,3,0,0
247.1250,-1.0,200,3,4,0,0
247.1250,-1.0,10,7,4,0,0
247.5000,-1.0,200,3,4,0,0
247.5000,-1.0,10,7,4,0,0
247.6875,-1.0,10,7,4,0,0
247.8750,-1.0,200,2,5,0,0
247.8750,-1.0,50,7,6,0,0
248.0625,-1.0,200,2,5,0,0
248.2500,-1.0,50,1,6,0,0
248.2500,-1.0,10,7,6,0,0
248.4375,-1.0,10,7,6,0,0