0.0,-1.0,50,4,3,0,0
6.1364,15.1705,0,0,0,14,11340
0.0,-1.0,80,8,2,0,0
0.0,0.3409,100,8,2,0,0
82.2216,82.2216,0,0,0,11,4020
0.0,-1.0,80,11,2,0,0
0.0,0.3409,100,11,2,0,0
83.1818,92.7273,0,0,0,14,11340
0.1705,-1.0,900,8,2,0,0
0.1705,-1.0,900,11,2,0,0
0.3409,-1.0,82,6,2,0,0
0.3409,0.3977,110,6,2,JumpScratch,-3
0.3977,0.4545,110,5,2,JumpScratch,-3
0.4545,0.5114,110,4,2,JumpScratch,-3
0.5114,0.5682,110,3,2,JumpScratch,-3
0.5682,0.6250,110,2,2,JumpScratch,-3
0.6250,1.1932,100,1,2,0,0
0.6818,-1.0,82,8,2,0,0
0.6818,2.0455,110,8,2,0,0
0.6818,-1.0,82,11,2,0,0
0.6818,0.8523,110,11,2,JumpScratch,-8
0.7955,-1.0,900,1,2,0,0
0.8523,-1.0,30,1,2,0,0
0.8523,1.1932,110,5,2,JumpScratch,8
0.9659,-1.0,900,1,2,0,0
1.0227,-1.0,900,5,2,0,0
1.0227,-1.0,900,8,2,0,0
1.1364,-1.0,900,1,2,0,0
1.1932,2.0455,110,11,2,0,0
1.3636,-1.0,900,8,2,0,0
1.3636,-1.0,900,11,2,0,0
1.5341,-1.0,81,4,2,0,0
1.5341,1.5767,101,4,2,0,0
1.5341,-1.0,900,8,2,0,0
1.5341,-1.0,900,11,2,0,0
1.7045,-1.0,900,8,2,0,0
1.7045,-1.0,900,11,2,0,0
1.8750,-1.0,81,4,2,0,0
1.8750,1.9176,101,4,2,0,0
1.8750,-1.0,900,8,2,0,0
1.8750,-1.0,900,11,2,0,0
2.2159,-1.0,10,5,2,0,0
2.3864,-1.0,10,7,2,0,0
2.7273,-1.0,80,1,2,0,0
2.7273,3.4091,100,1,2,0,0
2.7273,-1.0,80,4,2,0,0
2.7273,3.4091,100,4,2,0,0
2.7273,-1.0,50,7,3,0,0
2.8977,-1.0,900,1,2,0,0
2.8977,-1.0,900,4,2,0,0
3.0682,-1.0,900,1,2,0,0
3.0682,-1.0,900,4,2,0,0
3.2386,-1.0,900,1,2,0,0
3.2386,-1.0,900,4,2,0,0
3.4091,-1.0,82,6,7,0,0
3.4091,3.5795,110,6,7,JumpScratch,-9
3.5795,3.7500,110,4,6,JumpScratch,-8
3.7500,3.9205,110,2,5,JumpScratch,-6
3.9205,4.2614,110,1,3,JumpScratch,6
4.0909,-1.0,900,1,3,0,0
4.2614,4.6023,110,1,6,JumpScratch,9
4.4318,-1.0,900,1,6,0,0
4.6023,4.9432,110,1,9,JumpScratch,12
4.7727,-1.0,900,1,9,0,0
5.2841,-1.0,10,5,2,0,0
5.3693,-1.0,10,7,2,0,0
5.4545,-1.0,10,1,3,0,0
5.4545,-1.0,10,10,3,0,0
5.7955,-1.0,50,1,3,0,0
5.7955,-1.0,50,4,3,0,0
5.7955,-1.0,50,7,3,0,0
5.7955,-1.0,50,10,3,0,0
6.1364,-1.0,80,1,3,0,0
6.1364,6.3068,100,1,3,0,0
6.1364,-1.0,10,7,3,0,0
6.1364,-1.0,10,10,3,0,0
6.3068,-1.0,80,4,3,0,0
6.3068,6.4773,100,4,3,0,0
6.4773,-1.0,80,10,3,0,0
6.4773,6.6477,100,10,3,0,0
6.6477,-1.0,50,4,3,0,0
6.6477,-1.0,80,7,3,0,0
6.6477,6.9886,100,7,3,0,0
6.8182,-1.0,900,7,3,0,0
6.9886,-1.0,80,4,3,0,0
6.9886,7.3295,100,4,3,0,0
6.9886,-1.0,10,10,3,0,0
7.1591,-1.0,900,4,3,0,0
7.1591,-1.0,10,7,3,0,0
7.3295,-1.0,82,1,3,0,0
7.3295,7.6705,110,1,3,0,0
7.3295,-1.0,50,10,3,0,0
7.5000,-1.0,900,1,3,0,0
7.6705,-1.0,10,7,3,0,0
7.6705,-1.0,82,10,3,0,0
7.6705,8.0114,110,10,3,0,0
7.8409,-1.0,900,10,3,0,0
8.0114,-1.0,80,4,3,0,0
8.0114,8.1818,100,4,3,0,0
8.1818,-1.0,82,1,3,0,0
8.1818,8.5227,110,1,3,0,0
8.1818,-1.0,82,7,3,0,0
8.1818,8.5227,110,7,3,0,0
8.3523,-1.0,900,1,3,0,0
8.3523,-1.0,900,7,3,0,0
8.8636,-1.0,10,1,3,0,0
8.8636,-1.0,80,7,3,0,0
8.8636,9.0341,100,7,3,0,0
9.0341,-1.0,80,4,3,0,0
9.0341,9.2045,100,4,3,0,0
9.2045,-1.0,80,7,3,0,0
9.2045,9.3750,100,7,3,0,0
9.3750,-1.0,50,1,3,0,0
9.3750,-1.0,80,10,3,0,0
9.3750,9.7159,100,10,3,0,0
9.5455,-1.0,900,10,3,0,0
9.7159,-1.0,50,4,3,0,0
9.7159,-1.0,80,7,3,0,0
9.7159,10.0568,100,7,3,0,0
9.8864,-1.0,900,7,3,0,0
10.0568,-1.0,50,1,3,0,0
10.0568,-1.0,80,10,3,0,0
10.0568,10.3977,100,10,3,0,0
10.2273,-1.0,900,10,3,0,0
10.3977,-1.0,10,4,3,0,0
10.3977,-1.0,10,7,3,0,0
10.5682,-1.0,10,1,3,0,0
10.6534,-1.0,10,4,3,0,0
10.7386,-1.0,10,7,3,0,0
10.8239,-1.0,10,10,3,0,0
10.9091,-1.0,20,1,3,0,0
10.9091,-1.0,20,4,3,0,0
11.2500,-1.0,50,4,3,0,0
11.2500,-1.0,81,7,3,0,0
11.2500,11.5909,101,7,3,0,0
11.2500,-1.0,81,10,3,0,0
11.2500,11.5909,101,10,3,0,0
11.4205,-1.0,900,7,3,0,0
11.4205,-1.0,900,10,3,0,0
11.5909,-1.0,80,1,3,0,0
11.5909,11.7614,100,1,3,0,0
11.7614,-1.0,80,4,3,0,0
11.7614,11.9318,100,4,3,0,0
11.9318,-1.0,80,10,3,0,0
11.9318,12.1023,100,10,3,0,0
12.1023,-1.0,50,4,3,0,0
12.1023,-1.0,80,7,3,0,0
12.1023,12.4432,100,7,3,0,0
12.2727,-1.0,900,7,3,0,0
12.4432,-1.0,80,4,3,0,0
12.4432,12.7841,100,4,3,0,0
12.4432,-1.0,10,10,3,0,0
12.6136,-1.0,900,4,3,0,0
12.6136,-1.0,10,7,3,0,0
12.7841,-1.0,80,1,3,0,0
12.7841,13.1250,100,1,3,0,0
12.7841,-1.0,50,10,3,0,0
12.9545,-1.0,900,1,3,0,0
13.1250,-1.0,10,4,3,0,0
13.1250,-1.0,80,10,3,0,0
13.1250,13.4659,100,10,3,0,0
13.2955,-1.0,10,1,3,0,0
13.2955,-1.0,900,10,3,0,0
13.4659,-1.0,80,4,3,0,0
13.4659,13.6364,100,4,3,0,0
13.4659,-1.0,10,7,3,0,0
13.6364,-1.0,82,1,3,0,0
13.6364,14.1477,110,1,3,0,0
13.6364,-1.0,50,10,3,0,0
13.8068,-1.0,900,1,3,0,0
13.9773,-1.0,900,1,3,0,0
13.9773,-1.0,10,4,3,0,0
13.9773,-1.0,10,7,3,0,0
14.1477,-1.0,10,7,3,0,0
14.1477,-1.0,82,10,3,0,0
14.1477,14.8295,110,10,3,0,0
14.3182,-1.0,900,10,3,0,0
14.4886,-1.0,10,1,3,0,0
14.4886,-1.0,900,10,3,0,0
14.6591,-1.0,10,4,3,0,0
14.6591,-1.0,10,7,3,0,0
14.6591,-1.0,900,10,3,0,0
14.8295,-1.0,80,1,3,0,0
14.8295,15.1705,100,1,3,0,0
14.8295,-1.0,80,4,3,0,0
14.8295,15.1705,100,4,3,0,0
15.0,-1.0,900,1,3,0,0
15.0,-1.0,900,4,3,0,0
15.1705,-1.0,10,7,3,0,0
15.1705,-1.0,10,10,3,0,0
15.3409,-1.0,10,4,3,0,0
15.3409,-1.0,10,7,3,0,0
15.5114,-1.0,80,1,3,0,0
15.5114,16.0227,100,1,3,0,0
15.5114,-1.0,10,4,3,0,0
15.6818,-1.0,900,1,3,0,0
15.8523,-1.0,900,1,3,0,0
15.8523,-1.0,82,7,3,0,0
15.8523,16.0227,110,7,3,0,0
15.8523,-1.0,82,10,3,0,0
15.8523,16.0227,110,10,3,0,0
16.3636,-1.0,20,1,3,0,0
16.3636,-1.0,81,10,3,0,0
16.3636,16.7045,101,10,3,0,0
16.5341,-1.0,900,10,3,0,0
16.7045,-1.0,10,1,3,0,0
16.7045,-1.0,10,7,2,0,0
16.8750,-1.0,10,7,2,0,0
17.0455,-1.0,10,1,3,0,0
17.0455,-1.0,10,10,2,0,0
17.2159,-1.0,80,8,2,0,0
17.2159,17.5568,100,8,2,0,0
17.3864,-1.0,10,1,3,0,0
17.3864,-1.0,900,8,2,0,0
17.5568,-1.0,80,11,2,0,0
17.5568,17.8977,100,11,2,0,0
17.7273,-1.0,10,1,3,0,0
17.7273,-1.0,900,11,2,0,0
17.8977,-1.0,80,8,2,0,0
17.8977,18.2386,100,8,2,0,0
18.0682,-1.0,10,4,3,0,0
18.0682,-1.0,900,8,2,0,0
18.2386,-1.0,80,4,2,0,0
18.2386,18.5795,100,4,2,0,0
18.4091,-1.0,900,4,2,0,0
18.4091,-1.0,10,7,3,0,0
18.5795,-1.0,80,1,2,0,0
18.5795,18.9205,100,1,2,0,0
18.7500,-1.0,900,1,2,0,0
18.7500,-1.0,10,10,3,0,0
18.9205,-1.0,10,8,2,0,0
19.0909,-1.0,80,2,2,0,0
19.0909,19.4318,100,2,2,0,0
19.0909,-1.0,80,5,2,0,0
19.0909,19.4318,100,5,2,0,0
19.0909,-1.0,10,10,3,0,0
19.2614,-1.0,900,2,2,0,0
19.2614,-1.0,900,5,2,0,0
19.4318,-1.0,10,10,3,0,0
19.6023,-1.0,82,1,2,0,0
19.6023,19.9432,110,1,2,JumpScratch,8
19.6023,-1.0,82,4,2,0,0
19.6023,20.6250,110,4,2,0,0
19.7727,-1.0,900,1,2,0,0
19.7727,-1.0,900,4,2,0,0
19.7727,-1.0,10,10,3,0,0
19.9432,20.2841,110,7,2,JumpScratch,-8
20.1136,-1.0,900,4,2,0,0
20.1136,-1.0,900,7,2,0,0
20.1136,-1.0,10,10,3,0,0
20.2841,20.6250,110,1,2,0,0
20.4545,-1.0,900,1,2,0,0
20.4545,-1.0,900,4,2,0,0
20.4545,-1.0,10,10,3,0,0
20.7955,-1.0,10,7,2,0,0
20.7955,-1.0,10,10,3,0,0
20.9659,-1.0,10,1,3,0,0
20.9659,-1.0,10,5,2,0,0
21.1364,-1.0,10,10,3,0,0
21.2216,-1.0,10,7,3,0,0
21.3068,-1.0,10,4,3,0,0
21.3920,-1.0,10,1,3,0,0
21.4773,-1.0,83,8,3,0,0
21.4773,21.5199,110,8,3,JumpScratch,-4
21.5199,21.5625,110,7,3,JumpScratch,-4
21.5625,21.6051,110,6,3,JumpScratch,-4
21.6051,21.6477,110,5,3,JumpScratch,4
21.6477,21.6903,110,6,3,JumpScratch,4
21.6903,21.7330,110,7,3,JumpScratch,4
21.7330,21.7756,110,8,3,JumpScratch,4
21.7756,21.8182,110,9,3,JumpScratch,4
21.8182,-1.0,20,1,3,0,0
21.8182,-1.0,20,4,3,0,0
21.9886,-1.0,10,4,3,0,0
22.1591,-1.0,10,5,3,0,0
22.3295,-1.0,50,3,4,0,0
22.3295,-1.0,20,7,3,0,0
22.3295,-1.0,20,10,3,0,0
22.6705,-1.0,10,6,3,0,0
22.8409,-1.0,20,1,3,0,0
22.8409,-1.0,20,4,3,0,0
22.8409,-1.0,50,7,4,0,0
23.0114,-1.0,10,5,3,0,0
23.1818,-1.0,50,3,4,0,0
23.1818,-1.0,20,7,3,0,0
23.1818,-1.0,20,10,3,0,0
23.5227,-1.0,50,6,2,0,0
23.8636,-1.0,20,1,3,0,0
23.8636,-1.0,20,10,3,0,0
24.2045,-1.0,80,1,2,0,0
24.2045,24.3750,100,1,2,0,0
24.2045,-1.0,20,10,3,0,0
24.3750,-1.0,80,4,2,0,0
24.3750,24.5455,100,4,2,0,0
24.5455,-1.0,80,7,2,0,0
24.5455,24.7159,100,7,2,0,0
24.7159,-1.0,80,5,2,0,0
24.7159,24.8864,100,5,2,0,0
24.8864,-1.0,20,1,3,0,0
24.8864,-1.0,80,8,2,0,0
24.8864,25.0568,100,8,2,0,0
25.0568,-1.0,50,4,3,0,0
25.0568,-1.0,82,11,2,0,0
25.0568,25.3977,110,11,2,JumpScratch,-5
25.2273,-1.0,900,11,2,0,0
25.3977,-1.0,83,5,3,0,0
25.3977,25.4403,110,5,3,JumpScratch,-4
25.3977,25.7386,110,8,3,JumpScratch,-5
25.4403,25.4830,110,4,2,JumpScratch,-3
25.5682,-1.0,900,8,3,0,0
25.7386,-1.0,83,3,3,0,0
25.7386,25.7813,110,3,3,JumpScratch,-4
25.7386,26.0795,110,6,3,JumpScratch,7
25.7813,25.8239,110,2,2,JumpScratch,-3
25.9091,-1.0,900,6,3,0,0
26.0795,-1.0,81,2,3,0,0
26.0795,26.4205,101,2,3,0,0
26.2500,-1.0,900,2,3,0,0
26.4205,-1.0,10,7,3,0,0
26.5909,-1.0,50,4,3,JumpScratch,-3
26.5909,-1.0,20,8,2,0,0
26.5909,-1.0,20,11,2,0,0
26.9318,-1.0,10,4,3,0,0
27.1023,-1.0,20,1,2,0,0
27.1023,-1.0,20,4,2,0,0
27.1023,-1.0,50,7,3,JumpScratch,3
27.4432,-1.0,82,1,2,0,0
27.4432,28.1250,110,1,2,JumpScratch,3
27.4432,-1.0,82,11,2,0,0
27.4432,28.1250,110,11,2,JumpScratch,-3
27.6136,-1.0,900,1,2,0,0
27.6136,-1.0,900,11,2,0,0
27.7841,-1.0,900,1,2,0,0
27.7841,-1.0,83,4,2,0,0
27.7841,28.1250,110,4,2,JumpScratch,3
27.7841,-1.0,83,8,2,0,0
27.7841,28.1250,110,8,2,JumpScratch,-3
27.7841,-1.0,900,11,2,0,0
27.9545,-1.0,900,1,2,0,0
27.9545,-1.0,900,4,2,0,0
27.9545,-1.0,900,8,2,0,0
27.9545,-1.0,900,11,2,0,0
28.1250,28.2955,110,1,12,0,0
28.6364,-1.0,80,11,2,0,0
28.6364,28.8068,100,11,2,0,0
28.8068,-1.0,80,8,2,0,0
28.8068,28.9773,100,8,2,0,0
28.9773,-1.0,80,5,2,0,0
28.9773,29.1477,100,5,2,0,0
29.1477,-1.0,82,1,3,0,0
29.1477,29.8295,110,1,3,0,0
29.1477,-1.0,50,8,2,0,0
29.1477,-1.0,50,11,2,0,0
29.3182,-1.0,900,1,3,0,0
29.4886,-1.0,900,1,3,0,0
29.4886,-1.0,20,8,3,0,0
29.6591,-1.0,900,1,3,0,0
29.6591,-1.0,20,9,3,0,0
29.8295,-1.0,20,10,3,0,0
30.1705,-1.0,80,4,2,0,0
30.1705,30.3409,100,4,2,0,0
30.1705,-1.0,50,7,3,0,0
30.3409,-1.0,80,1,2,0,0
30.3409,30.5114,100,1,2,0,0
30.5114,-1.0,80,11,2,0,0
30.5114,30.6818,100,11,2,0,0
30.6818,-1.0,80,4,2,0,0
30.6818,31.0227,100,4,2,0,0
30.6818,-1.0,80,8,2,0,0
30.6818,31.0227,100,8,2,0,0
30.8523,-1.0,900,4,2,0,0
30.8523,-1.0,900,8,2,0,0
31.0227,-1.0,80,2,2,0,0
31.0227,31.3636,100,2,2,0,0
31.0227,-1.0,80,10,2,0,0
31.0227,31.3636,100,10,2,0,0
31.1932,-1.0,900,2,2,0,0
31.1932,-1.0,900,10,2,0,0
31.3636,-1.0,80,5,2,0,0
31.3636,31.7045,100,5,2,0,0
31.3636,-1.0,80,7,2,0,0
31.3636,31.7045,100,7,2,0,0
31.5341,-1.0,900,5,2,0,0
31.5341,-1.0,900,7,2,0,0
31.7045,-1.0,82,3,2,0,0
31.7045,32.0455,110,3,2,JumpScratch,-4
31.7045,-1.0,82,9,2,0,0
31.7045,32.0455,110,9,2,JumpScratch,4
31.8750,-1.0,900,3,2,0,0
31.8750,-1.0,900,9,2,0,0
32.0455,32.7273,110,1,3,JumpScratch,8
32.0455,32.8977,110,10,3,JumpScratch,-12
32.2159,-1.0,900,1,3,0,0
32.2159,-1.0,900,10,3,0,0
32.3864,-1.0,900,1,3,0,0
32.3864,-1.0,900,10,3,0,0
32.5568,-1.0,900,1,3,0,0
32.5568,-1.0,900,10,3,0,0
32.7273,33.2386,110,5,4,JumpScratch,8
32.7273,-1.0,900,10,3,0,0
32.8977,34.0909,110,1,3,JumpScratch,4
33.0682,-1.0,900,1,3,0,0
33.0682,-1.0,900,5,4,0,0
33.2386,-1.0,900,1,3,0,0
33.2386,34.4318,110,10,3,JumpScratch,-4
33.4091,-1.0,900,1,3,0,0
33.4091,-1.0,900,10,3,0,0
33.5795,-1.0,900,1,3,0,0
33.5795,-1.0,81,4,6,0,0
33.5795,33.6222,101,4,6,0,0
33.5795,-1.0,900,10,3,0,0
33.7500,-1.0,900,1,3,0,0
33.7500,-1.0,900,10,3,0,0
33.9205,-1.0,900,1,3,0,0
33.9205,-1.0,81,4,6,0,0
33.9205,33.9631,101,4,6,0,0
33.9205,-1.0,900,10,3,0,0
34.0909,34.1761,110,2,3,JumpScratch,5
34.0909,-1.0,900,10,3,0,0
34.1761,34.2614,110,4,3,JumpScratch,5
34.2614,34.3466,110,6,3,JumpScratch,-5
34.2614,-1.0,900,10,3,0,0
34.3466,34.4318,110,4,3,JumpScratch,-6
34.4318,34.5170,110,9,3,JumpScratch,-5
34.5170,34.6023,110,7,3,JumpScratch,-5
34.6023,34.6875,110,5,3,JumpScratch,5
34.6875,34.7727,110,7,3,JumpScratch,6
34.7727,-1.0,83,1,3,0,0
34.7727,35.7955,110,1,3,JumpScratch,12
34.7727,35.6250,110,10,3,JumpScratch,-8
34.9432,-1.0,900,1,3,0,0
34.9432,-1.0,900,10,3,0,0
35.1136,-1.0,900,1,3,0,0
35.1136,-1.0,10,5,2,0,0
35.1136,-1.0,900,10,3,0,0
35.2841,-1.0,900,1,3,0,0
35.2841,-1.0,10,7,2,0,0
35.2841,-1.0,900,10,3,0,0
35.4545,-1.0,900,1,3,0,0
35.4545,-1.0,900,10,3,0,0
35.6250,-1.0,900,1,3,0,0
35.6250,35.9659,110,5,4,JumpScratch,-8
35.7955,36.3068,110,10,3,JumpScratch,-9
35.9659,36.6477,110,1,3,JumpScratch,9
35.9659,-1.0,900,10,3,0,0
36.1364,-1.0,900,1,3,0,0
36.1364,-1.0,900,10,3,0,0
36.3068,-1.0,900,1,3,0,0
36.3068,-1.0,31,1,3,0,0
36.3068,36.9886,100,10,3,0,0
36.4773,-1.0,900,1,3,0,0
36.4773,-1.0,900,10,3,0,0
36.6477,36.9886,100,1,3,0,0
36.6477,-1.0,900,10,3,0,0
36.6477,-1.0,30,10,3,0,0
36.8182,-1.0,900,1,3,0,0
36.8182,-1.0,900,10,3,0,0
36.9886,-1.0,81,4,3,0,0
36.9886,37.5000,101,4,3,0,0
36.9886,-1.0,81,7,3,0,0
36.9886,37.5000,101,7,3,0,0
37.1591,-1.0,900,4,3,0,0
37.1591,-1.0,900,7,3,0,0
37.3295,-1.0,900,4,3,0,0
37.3295,-1.0,900,7,3,0,0
37.5000,-1.0,83,1,3,0,0
37.5000,38.1818,110,1,3,JumpScratch,8
37.5000,-1.0,83,10,3,0,0
37.5000,38.3523,110,10,3,JumpScratch,-12
37.6705,-1.0,900,1,3,0,0
37.6705,-1.0,900,10,3,0,0
37.8409,-1.0,900,1,3,0,0
37.8409,-1.0,900,10,3,0,0
38.0114,-1.0,900,1,3,0,0
38.0114,-1.0,900,10,3,0,0
38.1818,38.6932,110,5,4,JumpScratch,-8
38.1818,-1.0,900,10,3,0,0
38.3523,38.5227,110,1,3,JumpScratch,12
38.5227,39.5455,110,10,3,JumpScratch,-4
38.6932,39.8864,110,1,3,JumpScratch,4
38.6932,-1.0,900,10,3,0,0
38.8636,-1.0,900,1,3,0,0
38.8636,-1.0,900,10,3,0,0
39.0341,-1.0,900,1,3,0,0
39.0341,-1.0,81,4,6,0,0
39.0341,39.0767,101,4,6,0,0
39.0341,-1.0,900,10,3,0,0
39.2045,-1.0,900,1,3,0,0
39.2045,-1.0,900,10,3,0,0
39.3750,-1.0,900,1,3,0,0
39.3750,-1.0,81,4,6,0,0
39.3750,39.4176,101,4,6,0,0
39.3750,-1.0,900,10,3,0,0
39.5455,-1.0,900,1,3,0,0
39.5455,39.6307,110,9,3,JumpScratch,-5
39.6307,39.7159,110,7,3,JumpScratch,-5
39.7159,-1.0,900,1,3,0,0
39.7159,39.8011,110,5,3,JumpScratch,5
39.8011,39.8864,110,7,3,JumpScratch,6
39.8864,39.9716,110,2,3,JumpScratch,5
39.9716,40.0568,110,4,3,JumpScratch,5
40.0568,40.1420,110,6,3,JumpScratch,-5
40.1420,40.2273,110,4,3,JumpScratch,-6
40.2273,41.2500,110,1,3,0,0
40.2273,-1.0,83,10,3,0,0
40.2273,41.2500,110,10,3,0,0
40.3977,-1.0,900,1,3,0,0
40.3977,-1.0,900,10,3,0,0
40.5682,-1.0,900,1,3,0,0
40.5682,-1.0,900,10,3,0,0
40.7386,-1.0,900,1,3,0,0
40.7386,-1.0,83,7,3,0,0
40.7386,41.2500,110,7,3,0,0
40.7386,-1.0,900,10,3,0,0
40.9091,-1.0,900,1,3,0,0
40.9091,-1.0,83,4,3,0,0
40.9091,41.2500,110,4,3,0,0
40.9091,-1.0,900,7,3,0,0
40.9091,-1.0,900,10,3,0,0
41.0795,-1.0,900,1,3,0,0
41.0795,-1.0,900,4,3,0,0
41.0795,-1.0,900,7,3,0,0
41.0795,-1.0,900,10,3,0,0
41.5909,-1.0,10,11,2,0,0
41.6761,-1.0,10,8,2,0,0
41.7614,-1.0,10,2,2,0,0
41.8466,-1.0,10,5,2,0,0
41.9318,-1.0,10,10,2,0,0
42.0170,-1.0,10,7,2,0,0
42.1023,-1.0,10,1,2,0,0
42.1875,-1.0,10,4,2,0,0
42.2727,-1.0,10,7,2,0,0
42.3580,-1.0,10,10,2,0,0
42.4432,-1.0,10,5,2,0,0
42.5284,-1.0,10,2,2,0,0
42.6136,-1.0,83,9,4,0,0
42.6136,42.6563,110,9,4,JumpScratch,-5
42.6563,42.6989,110,8,3,JumpScratch,-4
42.6989,42.7415,110,7,3,JumpScratch,-4
42.7415,42.7841,110,6,3,JumpScratch,-4
42.7841,42.8267,110,5,3,JumpScratch,-4
42.8267,42.8693,110,4,3,JumpScratch,-4
42.8693,42.9119,110,3,3,JumpScratch,-4
42.9119,42.9545,110,2,3,JumpScratch,-4
43.2955,-1.0,50,1,3,0,0
43.2955,-1.0,50,5,4,0,0
43.2955,-1.0,50,10,3,0,0
43.6364,-1.0,80,1,3,0,0
43.6364,43.9773,100,1,3,0,0
43.6364,-1.0,10,10,3,0,0
43.8068,-1.0,900,1,3,0,0
43.8068,-1.0,10,7,3,0,0
43.8920,-1.0,10,4,3,0,0
43.9773,-1.0,10,7,3,0,0
44.1477,-1.0,80,1,3,0,0
44.1477,44.4886,100,1,3,0,0
44.1477,-1.0,80,4,3,0,0
44.1477,44.4886,100,4,3,0,0
44.1477,-1.0,50,7,4,0,0
44.3182,-1.0,900,1,3,0,0
44.3182,-1.0,900,4,3,0,0
44.4886,-1.0,10,10,3,0,0
44.5739,-1.0,10,7,3,0,0
44.6591,-1.0,10,4,3,0,0
44.8295,-1.0,10,8,2,0,0
44.8295,-1.0,10,11,2,0,0
45.0,-1.0,10,2,2,0,0
45.0,-1.0,10,5,2,0,0
45.1705,-1.0,10,7,3,0,0
45.2557,-1.0,10,4,3,0,0
45.3409,-1.0,10,1,3,0,0
45.5114,-1.0,10,7,2,0,0
45.5114,-1.0,10,10,2,0,0
45.6818,-1.0,83,1,2,0,0
45.6818,46.0227,110,1,2,0,0
45.6818,-1.0,83,4,2,0,0
45.6818,46.0227,110,4,2,0,0
45.8523,-1.0,900,1,2,0,0
45.8523,-1.0,900,4,2,0,0
46.0227,-1.0,83,7,2,0,0
46.0227,46.3636,110,7,2,0,0
46.0227,-1.0,83,10,2,0,0
46.0227,46.3636,110,10,2,0,0
46.1932,-1.0,900,7,2,0,0
46.1932,-1.0,900,10,2,0,0
46.3636,-1.0,83,2,2,0,0
46.3636,46.7045,110,2,2,0,0
46.3636,-1.0,83,5,2,0,0
46.3636,46.7045,110,5,2,0,0
46.5341,-1.0,900,2,2,0,0
46.5341,-1.0,900,5,2,0,0
46.7045,-1.0,81,8,2,0,0
46.7045,47.0455,101,8,2,0,0
46.7045,-1.0,81,11,2,0,0
46.7045,47.0455,101,11,2,0,0
46.8750,-1.0,900,8,2,0,0
46.8750,-1.0,900,11,2,0,0
47.0455,-1.0,10,1,3,0,0
47.3864,-1.0,10,4,2,0,0
47.3864,-1.0,10,8,2,0,0
47.5568,-1.0,10,4,2,0,0
47.5568,-1.0,10,8,2,0,0
47.7273,-1.0,80,1,3,0,0
47.7273,48.0682,100,1,3,0,0
47.7273,-1.0,80,10,3,0,0
47.7273,48.0682,100,10,3,0,0
47.8977,-1.0,900,1,3,0,0
47.8977,-1.0,900,10,3,0,0
48.0682,-1.0,10,4,3,0,0
48.0682,-1.0,80,7,3,0,0
48.0682,48.4091,100,7,3,0,0
48.2386,-1.0,900,7,3,0,0
48.4091,-1.0,10,1,3,0,0
48.4091,-1.0,10,5,2,0,0
48.5795,-1.0,10,7,2,0,0
48.5795,-1.0,10,10,2,0,0
48.6648,-1.0,10,5,2,0,0
48.7500,-1.0,83,7,3,0,0
48.7500,48.7926,110,7,3,JumpScratch,4
48.7926,48.8352,110,8,3,JumpScratch,4
48.8352,49.0909,100,9,3,0,0
49.0057,-1.0,900,9,3,0,0
49.0909,-1.0,10,2,3,0,0
49.0909,-1.0,10,6,2,0,0
49.2614,-1.0,10,8,2,0,0
49.2614,-1.0,10,11,2,0,0
49.3466,-1.0,10,6,2,0,0
49.4318,-1.0,83,8,3,0,0
49.4318,49.4744,110,8,3,JumpScratch,4
49.4744,49.5170,110,9,3,JumpScratch,4
49.5170,49.7727,100,10,3,0,0
49.6875,-1.0,900,10,3,0,0
49.7727,-1.0,10,3,3,0,0
49.7727,-1.0,10,7,2,0,0
49.9432,-1.0,10,8,3,0,0
50.0284,-1.0,10,4,3,0,0
50.1136,-1.0,50,7,3,0,0
50.1136,-1.0,50,10,3,0,0
50.2841,-1.0,10,3,3,0,0
50.3693,-1.0,10,7,3,0,0
50.4545,-1.0,50,1,3,0,0
50.4545,-1.0,50,4,3,0,0
50.7102,-1.0,10,4,3,0,0
50.7102,-1.0,10,7,3,0,0
50.9659,-1.0,10,7,3,0,0
50.9659,-1.0,10,10,3,0,0
51.1364,-1.0,81,1,3,0,0
51.1364,52.5000,101,1,3,0,0
51.1364,-1.0,81,10,3,0,0
51.1364,52.5000,101,10,3,0,0
51.3068,-1.0,900,1,3,0,0
51.3068,-1.0,10,7,2,0,0
51.3068,-1.0,900,10,3,0,0
51.3920,-1.0,10,5,2,0,0
51.4773,-1.0,900,1,3,0,0
51.4773,-1.0,10,7,2,0,0
51.4773,-1.0,900,10,3,0,0
51.6477,-1.0,900,1,3,0,0
51.6477,-1.0,10,5,2,0,0
51.6477,-1.0,900,10,3,0,0
51.7330,-1.0,10,7,2,0,0
51.8182,-1.0,900,1,3,0,0
51.8182,-1.0,10,4,3,0,0
51.8182,-1.0,900,10,3,0,0
51.9034,-1.0,10,7,3,0,0
51.9886,-1.0,900,1,3,0,0
51.9886,-1.0,10,4,3,0,0
51.9886,-1.0,900,10,3,0,0
52.0739,-1.0,10,7,3,0,0
52.1591,-1.0,900,1,3,0,0
52.1591,-1.0,10,4,4,0,0
52.1591,-1.0,900,10,3,0,0
52.2443,-1.0,10,6,4,0,0
52.3295,-1.0,900,1,3,0,0
52.3295,-1.0,10,4,4,0,0
52.3295,-1.0,900,10,3,0,0
52.4148,-1.0,10,6,4,0,0
52.5000,53.1818,110,1,3,0,0
52.5000,-1.0,83,4,6,0,0
52.5000,53.1818,110,4,6,0,0
52.5000,53.1818,110,10,3,0,0
52.5568,-1.0,31,1,3,0,0
52.6136,-1.0,31,4,6,0,0
52.6705,-1.0,900,1,3,0,0
52.6705,-1.0,900,4,6,0,0
52.6705,-1.0,900,10,3,0,0
52.6705,-1.0,31,10,3,0,0
52.7273,-1.0,31,4,6,0,0
52.7841,-1.0,31,1,3,0,0
52.8409,-1.0,900,1,3,0,0
52.8409,-1.0,900,4,6,0,0
52.8409,-1.0,31,4,6,0,0
52.8409,-1.0,900,10,3,0,0
52.8977,-1.0,31,10,3,0,0
52.9545,-1.0,31,4,6,0,0
53.0114,-1.0,900,1,3,0,0
53.0114,-1.0,31,1,3,0,0
53.0114,-1.0,900,4,6,0,0
53.0114,-1.0,900,10,3,0,0
53.0682,-1.0,31,4,6,0,0
53.1250,-1.0,31,10,3,0,0
53.8636,-1.0,50,2,4,0,0
53.8636,-1.0,83,7,3,0,0
53.8636,53.9063,110,7,3,JumpScratch,5
53.9063,53.9489,110,9,3,JumpScratch,4
53.9489,54.3750,110,10,3,JumpScratch,-12
54.1193,-1.0,900,10,3,0,0
54.2045,-1.0,82,4,3,0,0
54.2045,54.8864,110,4,3,0,0
54.2045,-1.0,82,7,3,0,0
54.2045,54.7159,110,7,3,0,0
54.2898,-1.0,900,10,3,0,0
54.3750,54.8864,110,1,3,0,0
54.5455,-1.0,900,1,3,0,0
54.5455,-1.0,900,4,3,0,0
54.5455,-1.0,900,7,3,0,0
54.7159,-1.0,900,1,3,0,0
54.7159,-1.0,900,4,3,0,0
55.2273,-1.0,83,4,3,0,0
55.2273,55.2699,110,4,3,JumpScratch,-5
55.2273,-1.0,50,8,4,0,0
55.2699,55.3125,110,2,3,JumpScratch,-4
55.3125,55.7386,110,1,3,JumpScratch,12
55.4830,-1.0,900,1,3,0,0
55.5682,-1.0,82,4,3,0,0
55.5682,56.0795,110,4,3,0,0
55.5682,-1.0,82,7,3,0,0
55.5682,56.2500,110,7,3,0,0
55.6534,-1.0,900,1,3,0,0
55.7386,-1.0,900,7,3,0,0
55.7386,56.2500,110,10,3,0,0
55.9091,-1.0,900,4,3,0,0
55.9091,-1.0,900,7,3,0,0
55.9091,-1.0,900,10,3,0,0
56.0795,-1.0,900,7,3,0,0
56.0795,-1.0,900,10,3,0,0
56.4205,-1.0,10,1,3,0,0
56.5909,-1.0,50,4,3,0,0
56.5909,-1.0,80,8,2,0,0
56.5909,56.7614,100,8,2,0,0
56.5909,-1.0,80,11,2,0,0
56.5909,56.7614,100,11,2,0,0
56.9318,-1.0,80,2,2,0,0
56.9318,57.1023,100,2,2,0,0
56.9318,-1.0,80,5,2,0,0
56.9318,57.1023,100,5,2,0,0
56.9318,-1.0,50,8,3,0,0
57.2727,-1.0,50,3,3,0,0
57.2727,-1.0,80,7,2,0,0
57.2727,57.6136,100,7,2,0,0
57.2727,-1.0,80,10,2,0,0
57.2727,57.6136,100,10,2,0,0
57.4432,-1.0,900,7,2,0,0
57.4432,-1.0,900,10,2,0,0
57.6136,-1.0,10,4,3,0,0
57.7841,-1.0,80,1,2,0,0
57.7841,58.2955,100,1,2,0,0
57.7841,-1.0,80,4,2,0,0
57.7841,58.2955,100,4,2,0,0
57.7841,-1.0,50,7,3,0,0
57.9545,-1.0,900,1,2,0,0
57.9545,-1.0,900,4,2,0,0
58.1250,-1.0,900,1,2,0,0
58.1250,-1.0,900,4,2,0,0
58.1250,-1.0,10,6,3,0,0
58.2955,-1.0,50,9,3,0,0
58.4659,-1.0,80,5,2,0,0
58.4659,58.8068,100,5,2,0,0
58.6364,-1.0,900,5,2,0,0
58.8068,-1.0,20,1,3,0,0
58.8068,-1.0,80,8,2,0,0
58.8068,58.9773,100,8,2,0,0
58.9773,-1.0,20,1,3,0,0
58.9773,-1.0,80,11,2,0,0
58.9773,59.1477,100,11,2,0,0
59.1477,-1.0,80,4,2,0,0
59.1477,59.3182,100,4,2,0,0
59.3182,-1.0,50,7,2,0,0
59.3182,-1.0,50,10,3,0,0
59.6591,-1.0,20,1,3,0,0
59.6591,-1.0,20,10,3,0,0
59.8295,-1.0,80,8,2,0,0
59.8295,60.0,100,8,2,0,0
60.0,-1.0,50,1,3,0,0
60.0,-1.0,50,5,2,0,0
60.3409,-1.0,20,1,3,0,0
60.3409,-1.0,20,10,3,0,0
60.5114,-1.0,80,4,3,0,0
60.5114,60.6818,100,4,3,0,0
60.6818,-1.0,50,7,3,0,0
60.6818,-1.0,50,10,3,0,0
61.0227,-1.0,20,1,3,0,0
61.0227,-1.0,20,10,3,0,0
61.1932,-1.0,80,7,3,0,0
61.1932,61.3636,100,7,3,0,0
61.3636,-1.0,50,1,3,0,0
61.3636,-1.0,50,4,3,0,0
61.3636,-1.0,80,10,3,0,0
61.3636,61.5341,100,10,3,0,0
61.5341,-1.0,80,7,3,0,0
61.5341,61.7045,100,7,3,0,0
61.7045,-1.0,81,4,3,0,0
61.7045,61.8750,101,4,3,0,0
61.7045,-1.0,20,10,3,0,0
61.8750,-1.0,80,1,3,0,0
61.8750,62.0455,100,1,3,0,0
62.0455,-1.0,82,7,3,0,0
62.0455,62.3864,110,7,3,0,0
62.0455,-1.0,82,10,3,0,0
62.0455,62.3864,110,10,3,0,0
62.2159,-1.0,900,7,3,0,0
62.2159,-1.0,900,10,3,0,0
62.3864,-1.0,80,4,3,0,0
62.3864,62.7273,100,4,3,0,0
62.5568,-1.0,900,4,3,0,0
62.7273,-1.0,10,7,3,0,0
62.7273,-1.0,10,10,3,0,0
62.8977,-1.0,10,4,3,0,0
62.8977,-1.0,10,7,3,0,0
63.0682,-1.0,10,1,3,0,0
63.0682,-1.0,10,4,3,0,0
63.2386,-1.0,50,1,3,0,0
63.2386,-1.0,50,10,3,0,0
63.5795,-1.0,10,5,2,0,0
63.5795,-1.0,10,7,2,0,0
63.7500,-1.0,50,1,4,0,0
63.7500,-1.0,50,9,4,0,0
64.0909,-1.0,10,4,3,0,0
64.0909,-1.0,10,7,3,0,0
64.2614,-1.0,10,4,3,0,0
64.3466,-1.0,10,7,3,0,0
64.4318,-1.0,50,3,8,0,0
64.7727,-1.0,83,4,3,0,0
64.7727,64.8153,110,4,3,JumpScratch,-5
64.7727,-1.0,50,8,4,0,0
64.8153,64.8580,110,2,3,JumpScratch,-4
64.8580,65.2841,110,1,3,JumpScratch,12
65.0284,-1.0,900,1,3,0,0
65.1136,-1.0,82,4,3,0,0
65.1136,65.6250,110,4,3,0,0
65.1136,-1.0,82,7,3,0,0
65.1136,65.7955,110,7,3,0,0
65.1989,-1.0,900,1,3,0,0
65.2841,65.7955,110,10,3,0,0
65.4545,-1.0,900,4,3,0,0
65.4545,-1.0,900,7,3,0,0
65.4545,-1.0,900,10,3,0,0
65.6250,-1.0,900,7,3,0,0
65.6250,-1.0,900,10,3,0,0
66.1364,-1.0,50,2,4,0,0
66.1364,-1.0,83,7,3,0,0
66.1364,66.1790,110,7,3,JumpScratch,5
66.1790,66.2216,110,9,3,JumpScratch,4
66.2216,66.6477,110,10,3,JumpScratch,-12
66.3920,-1.0,900,10,3,0,0
66.4773,-1.0,82,4,3,0,0
66.4773,67.1591,110,4,3,0,0
66.4773,-1.0,82,7,3,0,0
66.4773,66.9886,110,7,3,0,0
66.5625,-1.0,900,10,3,0,0
66.6477,67.1591,110,1,3,0,0
66.8182,-1.0,900,1,3,0,0
66.8182,-1.0,900,4,3,0,0
66.8182,-1.0,900,7,3,0,0
66.9886,-1.0,900,1,3,0,0
66.9886,-1.0,900,4,3,0,0
67.3295,-1.0,10,10,3,0,0
67.5000,-1.0,50,1,3,0,0
67.5000,-1.0,50,4,3,0,0
67.5000,-1.0,20,7,3,0,0
67.6705,-1.0,10,6,3,0,0
67.8409,-1.0,20,4,3,0,0
67.8409,-1.0,50,7,3,0,0
67.8409,-1.0,50,10,3,0,0
68.0114,-1.0,10,5,3,0,0
68.1818,-1.0,50,1,3,0,0
68.1818,-1.0,50,4,3,0,0
68.1818,-1.0,20,7,3,0,0
68.3523,-1.0,10,6,3,0,0
68.5227,-1.0,20,4,3,0,0
68.5227,-1.0,50,7,3,0,0
68.5227,-1.0,50,10,3,0,0
68.6932,-1.0,10,5,3,0,0
68.8636,-1.0,50,1,3,0,0
68.8636,-1.0,50,4,3,0,0
68.8636,-1.0,81,7,3,0,0
68.8636,69.2045,101,7,3,0,0
69.0341,-1.0,900,7,3,0,0
69.2045,-1.0,10,4,3,0,0
69.2045,-1.0,10,10,3,0,0
69.3750,-1.0,10,1,3,0,0
69.4602,-1.0,10,4,3,0,0
69.5455,-1.0,50,7,3,0,0
69.5455,-1.0,50,10,3,0,0
69.8864,-1.0,80,4,3,0,0
69.8864,70.0568,100,4,3,0,0
70.0568,-1.0,80,7,3,0,0
70.0568,70.2273,100,7,3,0,0
70.2273,-1.0,10,1,3,0,0
70.2273,-1.0,10,10,3,0,0
70.3977,-1.0,10,4,3,0,0
70.5682,-1.0,10,1,3,0,0
70.5682,-1.0,10,10,3,0,0
70.7386,-1.0,10,4,2,0,0
70.8239,-1.0,10,7,2,0,0
70.9091,-1.0,80,1,3,0,0
70.9091,71.0795,100,1,3,0,0
70.9091,-1.0,10,10,3,0,0
71.0795,-1.0,81,4,3,0,0
71.0795,71.2500,101,4,3,0,0
71.2500,-1.0,83,7,3,0,0
71.2500,71.4205,110,7,3,JumpScratch,6
71.4205,-1.0,50,2,4,0,0
71.4205,71.9318,110,10,3,JumpScratch,-6
71.5909,-1.0,900,10,3,0,0
71.7614,-1.0,900,10,3,0,0
71.9318,-1.0,50,1,3,0,0
71.9318,-1.0,50,4,3,0,0
71.9318,72.2727,110,7,3,JumpScratch,6
72.1023,-1.0,900,7,3,0,0
72.2727,-1.0,50,1,3,0,0
72.2727,-1.0,50,4,3,0,0
72.6136,-1.0,80,7,3,0,0
72.6136,72.7841,100,7,3,0,0
72.7841,-1.0,80,4,3,0,0
72.7841,72.9545,100,4,3,0,0
72.9545,-1.0,10,1,3,0,0
72.9545,-1.0,10,10,3,0,0
73.1250,-1.0,10,7,3,0,0
73.2955,-1.0,10,1,3,0,0
73.2955,-1.0,10,10,3,0,0
73.4659,-1.0,10,8,2,0,0
73.5511,-1.0,10,5,2,0,0
73.6364,-1.0,10,1,3,0,0
73.6364,-1.0,80,10,3,0,0
73.6364,73.8068,100,10,3,0,0
73.8068,-1.0,81,7,3,0,0
73.8068,73.9773,101,7,3,0,0
73.9773,-1.0,83,4,3,0,0
73.9773,74.1477,110,4,3,JumpScratch,-6
74.1477,74.6591,110,1,3,JumpScratch,6
74.1477,-1.0,50,8,4,0,0
74.3182,-1.0,900,1,3,0,0
74.4886,-1.0,900,1,3,0,0
74.6591,75.0,110,4,3,JumpScratch,-6
74.6591,-1.0,50,7,3,0,0
74.6591,-1.0,50,10,3,0,0
74.8295,-1.0,900,4,3,0,0
75.0,-1.0,50,7,3,0,0
75.0,-1.0,50,10,3,0,0
75.3409,-1.0,80,4,3,0,0
75.3409,75.5114,100,4,3,0,0
75.5114,-1.0,80,7,3,0,0
75.5114,75.6818,100,7,3,0,0
75.6818,-1.0,10,1,3,0,0
75.6818,-1.0,10,10,3,0,0
75.8523,-1.0,10,4,3,0,0
76.0227,-1.0,10,1,3,0,0
76.0227,-1.0,10,7,2,0,0
76.0227,-1.0,10,10,3,0,0
76.1932,-1.0,10,4,2,0,0
76.2784,-1.0,10,7,2,0,0
76.3636,-1.0,80,1,3,0,0
76.3636,76.5341,100,1,3,0,0
76.3636,-1.0,10,10,3,0,0
76.5341,-1.0,81,4,3,0,0
76.5341,76.7045,101,4,3,0,0
76.7045,-1.0,83,7,3,0,0
76.7045,76.8750,110,7,3,JumpScratch,6
76.8750,-1.0,50,2,4,0,0
76.8750,77.3864,110,10,3,JumpScratch,-6
77.0455,-1.0,900,10,3,0,0
77.2159,-1.0,900,10,3,0,0
77.3864,-1.0,50,1,3,0,0
77.3864,-1.0,50,4,3,0,0
77.3864,77.7273,110,7,3,JumpScratch,6
77.5568,-1.0,900,7,3,0,0
77.7273,-1.0,50,1,3,0,0
77.7273,-1.0,50,4,3,0,0
78.0682,-1.0,80,7,3,0,0
78.0682,78.2386,100,7,3,0,0
78.2386,-1.0,80,4,3,0,0
78.2386,78.4091,100,4,3,0,0
78.4091,-1.0,10,1,3,0,0
78.4091,-1.0,10,10,3,0,0
78.5795,-1.0,10,7,3,0,0
78.7500,-1.0,10,1,3,0,0
78.7500,-1.0,10,5,2,0,0
78.7500,-1.0,10,10,3,0,0
78.9205,-1.0,10,8,2,0,0
79.0057,-1.0,10,5,2,0,0
79.0909,-1.0,10,1,3,0,0
79.1761,-1.0,10,5,2,0,0
79.2614,-1.0,20,8,2,0,0
79.4318,-1.0,20,1,3,0,0
79.4318,-1.0,20,10,3,0,0
79.6023,-1.0,50,3,4,0,0
79.6023,-1.0,50,7,4,0,0
80.1136,-1.0,83,1,3,0,0
80.1136,80.4545,110,1,3,0,0
80.1136,-1.0,10,4,3,0,0
80.1136,-1.0,50,10,3,0,0
80.2841,-1.0,900,1,3,0,0
80.4545,-1.0,10,7,3,0,0
80.4545,-1.0,83,10,3,0,0
80.4545,80.7955,110,10,3,0,0
80.6250,-1.0,900,10,3,0,0
80.7955,-1.0,20,1,3,0,0
80.7955,-1.0,10,5,4,0,0
80.9659,-1.0,81,1,4,0,0
80.9659,82.3295,101,1,4,0,0
80.9659,-1.0,81,5,4,0,0
80.9659,82.4148,101,5,4,0,0
80.9659,-1.0,81,9,4,0,0
80.9659,82.5000,101,9,4,0,0
81.1364,-1.0,900,1,4,0,0
81.1364,-1.0,900,5,4,0,0
81.1364,-1.0,900,9,4,0,0
81.3068,-1.0,900,1,4,0,0
81.3068,-1.0,900,5,4,0,0
81.3068,-1.0,900,9,4,0,0
81.4773,-1.0,900,1,4,0,0
81.4773,-1.0,900,5,4,0,0
81.4773,-1.0,900,9,4,0,0
81.6477,-1.0,900,1,4,0,0
81.6477,-1.0,900,5,4,0,0
81.6477,-1.0,900,9,4,0,0
81.8182,-1.0,900,1,4,0,0
81.8182,-1.0,900,5,4,0,0
81.8182,-1.0,900,9,4,0,0
81.9886,-1.0,900,1,4,0,0
81.9886,-1.0,900,5,4,0,0
81.9886,-1.0,900,9,4,0,0
82.1591,-1.0,900,1,4,0,0
82.1591,-1.0,900,5,4,0,0
82.1591,-1.0,900,9,4,0,0
82.3295,-1.0,900,5,4,0,0
82.3295,-1.0,900,9,4,0,0
82.8409,-1.0,50,1,3,0,0
82.8409,-1.0,50,4,3,0,0
82.8409,-1.0,50,7,3,0,0
82.8409,-1.0,50,10,3,0,0
83.1818,-1.0,80,1,3,0,0
83.1818,83.3523,100,1,3,0,0
83.1818,-1.0,10,7,3,0,0
83.1818,-1.0,10,10,3,0,0
83.3523,-1.0,80,4,3,0,0
83.3523,83.5227,100,4,3,0,0
83.5227,-1.0,80,10,3,0,0
83.5227,83.6932,100,10,3,0,0
83.6932,-1.0,50,4,3,0,0
83.6932,-1.0,80,7,3,0,0
83.6932,84.0341,100,7,3,0,0
83.8636,-1.0,900,7,3,0,0
84.0341,-1.0,80,4,3,0,0
84.0341,84.3750,100,4,3,0,0
84.0341,-1.0,10,10,3,0,0
84.2045,-1.0,900,4,3,0,0
84.2045,-1.0,10,7,3,0,0
84.3750,-1.0,82,1,3,0,0
84.3750,84.7159,110,1,3,0,0
84.3750,-1.0,50,10,3,0,0
84.5455,-1.0,900,1,3,0,0
84.7159,-1.0,82,7,3,0,0
84.7159,85.0568,110,7,3,0,0
84.7159,-1.0,10,10,3,0,0
84.8864,-1.0,900,7,3,0,0
85.0568,-1.0,80,4,3,0,0
85.0568,85.2273,100,4,3,0,0
85.2273,-1.0,82,1,3,0,0
85.2273,85.5682,110,1,3,0,0
85.2273,-1.0,82,10,3,0,0
85.2273,85.5682,110,10,3,0,0
85.3977,-1.0,900,1,3,0,0
85.3977,-1.0,900,10,3,0,0
85.9091,-1.0,80,4,3,0,0
85.9091,86.0795,100,4,3,0,0
85.9091,-1.0,10,7,3,0,0
86.0795,-1.0,80,1,3,0,0
86.0795,86.2500,100,1,3,0,0
86.2500,-1.0,80,7,3,0,0
86.2500,86.4205,100,7,3,0,0
86.4205,-1.0,50,4,3,0,0
86.4205,-1.0,80,10,3,0,0
86.4205,86.7614,100,10,3,0,0
86.5909,-1.0,900,10,3,0,0
86.7614,-1.0,50,1,3,0,0
86.7614,-1.0,80,7,3,0,0
86.7614,87.1023,100,7,3,0,0
86.9318,-1.0,900,7,3,0,0
87.1023,-1.0,50,4,3,0,0
87.1023,-1.0,80,10,3,0,0
87.1023,87.4432,100,10,3,0,0
87.2727,-1.0,900,10,3,0,0
87.4432,-1.0,10,4,3,0,0
87.4432,-1.0,10,7,3,0,0
87.6136,-1.0,10,1,3,0,0
87.6989,-1.0,10,4,3,0,0
87.7841,-1.0,10,7,3,0,0
87.8693,-1.0,10,10,3,0,0
87.9545,-1.0,20,1,3,0,0
87.9545,-1.0,20,4,3,0,0
88.2955,-1.0,50,4,3,0,0
88.2955,-1.0,81,7,3,0,0
88.2955,88.6364,101,7,3,0,0
88.2955,-1.0,81,10,3,0,0
88.2955,88.6364,101,10,3,0,0
88.4659,-1.0,900,7,3,0,0
88.4659,-1.0,900,10,3,0,0
88.6364,-1.0,80,1,3,0,0
88.6364,88.8068,100,1,3,0,0
88.8068,-1.0,80,4,3,0,0
88.8068,88.9773,100,4,3,0,0
88.9773,-1.0,80,10,3,0,0
88.9773,89.1477,100,10,3,0,0
89.1477,-1.0,50,4,3,0,0
89.1477,-1.0,80,7,3,0,0
89.1477,89.4886,100,7,3,0,0
89.3182,-1.0,900,7,3,0,0
89.4886,-1.0,80,4,3,0,0
89.4886,89.8295,100,4,3,0,0
89.4886,-1.0,10,10,3,0,0
89.6591,-1.0,900,4,3,0,0
89.6591,-1.0,10,7,3,0,0
89.8295,-1.0,80,1,3,0,0
89.8295,90.1705,100,1,3,0,0
89.8295,-1.0,50,10,3,0,0
90.0,-1.0,900,1,3,0,0
90.1705,-1.0,10,4,3,0,0
90.1705,-1.0,80,10,3,0,0
90.1705,90.5114,100,10,3,0,0
90.3409,-1.0,10,1,3,0,0
90.3409,-1.0,900,10,3,0,0
90.5114,-1.0,80,4,3,0,0
90.5114,90.6818,100,4,3,0,0
90.5114,-1.0,10,7,3,0,0
90.6818,-1.0,82,1,3,0,0
90.6818,91.1932,110,1,3,0,0
90.6818,-1.0,50,10,3,0,0
90.8523,-1.0,900,1,3,0,0
91.0227,-1.0,900,1,3,0,0
91.0227,-1.0,10,4,3,0,0
91.0227,-1.0,10,7,3,0,0
91.1932,-1.0,10,7,3,0,0
91.1932,-1.0,82,10,3,0,0
91.1932,91.8750,110,10,3,0,0
91.3636,-1.0,900,10,3,0,0
91.5341,-1.0,10,1,3,0,0
91.5341,-1.0,900,10,3,0,0
91.7045,-1.0,10,4,3,0,0
91.7045,-1.0,10,7,3,0,0
91.7045,-1.0,900,10,3,0,0
91.8750,-1.0,80,1,3,0,0
91.8750,92.2159,100,1,3,0,0
91.8750,-1.0,80,4,3,0,0
91.8750,92.2159,100,4,3,0,0
92.0455,-1.0,900,1,3,0,0
92.0455,-1.0,900,4,3,0,0
92.2159,-1.0,10,7,3,0,0
92.2159,-1.0,10,10,3,0,0
92.3864,-1.0,10,4,3,0,0
92.3864,-1.0,10,7,3,0,0
92.5568,-1.0,80,1,3,0,0
92.5568,92.7273,100,1,3,0,0
92.5568,-1.0,80,4,3,0,0
92.5568,92.7273,100,4,3,0,0
92.7273,-1.0,50,7,3,0,0
93.0682,-1.0,50,1,3,0,0
93.0682,-1.0,80,7,3,0,0
93.0682,93.4091,100,7,3,0,0
93.0682,-1.0,80,10,3,0,0
93.0682,93.4091,100,10,3,0,0
93.2386,-1.0,900,7,3,0,0
93.2386,-1.0,900,10,3,0,0
93.4091,-1.0,10,1,3,0,0
93.4091,-1.0,10,4,3,0,0
93.5795,-1.0,10,4,3,0,0
93.5795,-1.0,10,7,3,0,0
93.7500,-1.0,10,7,3,0,0
93.7500,-1.0,10,10,3,0,0
94.0909,-1.0,10,4,2,0,0
94.0909,-1.0,10,8,2,0,0
94.2614,-1.0,10,4,2,0,0
94.2614,-1.0,10,8,2,0,0
94.4318,-1.0,10,4,2,0,0
94.4318,-1.0,10,8,2,0,0
94.6023,-1.0,50,1,3,0,0
94.6023,-1.0,50,4,3,0,0
94.6023,-1.0,81,10,3,0,0
94.6023,96.1364,101,10,3,0,0
94.7727,-1.0,900,10,3,0,0
94.9432,-1.0,900,10,3,0,0
95.1136,-1.0,900,10,3,0,0
95.2841,-1.0,900,10,3,0,0
95.4545,-1.0,900,10,3,0,0
95.6250,-1.0,900,10,3,0,0
95.7955,-1.0,900,10,3,0,0
95.9659,-1.0,900,10,3,0,0
96.1364,-1.0,20,1,3,0,0
96.1364,-1.0,10,4,3,0,0
96.1364,-1.0,10,7,3,0,0