0.0,-1.0,10,5,2,0,0
51.0638,58.7234,0,0,0,14,3010
0.0399,-1.0,80,10,2,0,0
0.0399,0.8511,100,10,2,0,0
62.2766,62.2766,0,0,0,11,3010
0.3590,-1.0,900,10,2,0,0
63.5532,63.5532,0,0,0,11,3010
0.6782,-1.0,900,10,2,0,0
64.8298,64.8298,0,0,0,31,3010
0.8511,-1.0,10,3,2,0,0
66.1064,66.1064,0,0,0,31,3010
0.8511,-1.0,10,6,2,0,0
67.3830,67.3830,0,0,0,31,3010
1.1702,-1.0,10,3,2,0,0
68.6596,68.6596,0,0,0,11,3010
1.1702,-1.0,10,6,2,0,0
69.9362,69.9362,0,0,0,11,3010
1.5957,-1.0,10,7,2,0,0
71.2128,71.2128,0,0,0,11,3010
1.6356,-1.0,80,2,2,0,0
1.6356,2.2340,100,2,2,0,0
72.4894,72.4894,0,0,0,11,3010
1.9548,-1.0,900,2,2,0,0
73.7660,73.7660,0,0,0,11,3010
2.2340,-1.0,10,5,2,0,0
75.0426,75.0426,0,0,0,11,3010
2.5532,-1.0,10,6,2,0,0
76.3191,76.3191,0,0,0,11,3010
2.5931,-1.0,80,2,2,0,0
2.5931,3.4043,100,2,2,0,0
77.5957,77.5957,0,0,0,11,3010
2.9122,-1.0,900,2,2,0,0
78.8723,78.8723,0,0,0,11,3010
3.2314,-1.0,900,2,2,0,0
80.1489,80.1489,0,0,0,11,3010
3.4043,-1.0,10,6,2,0,0
81.4255,81.4255,0,0,0,11,3010
3.4043,-1.0,10,9,2,0,0
122.5532,127.2340,0,0,0,14,3010
3.7234,-1.0,10,6,2,0,0
131.3191,140.3192,0,0,0,11,3010
3.7234,-1.0,10,9,2,0,0
140.3192,148.0851,0,0,0,14,3010
4.1489,-1.0,10,5,2,0,0
149.0851,149.0851,0,0,0,34,3010
4.1888,-1.0,80,10,2,0,0
4.1888,4.7872,100,10,2,0,0
115.8936,115.8936,0,0,0,11,10030
4.5080,-1.0,900,10,2,0,0
172.0638,172.0638,0,0,0,11,3010
4.7872,-1.0,10,7,2,0,0
173.3404,173.3404,0,0,0,11,3010
5.1064,-1.0,10,4,2,0,0
174.6170,174.6170,0,0,0,11,3010
5.1463,-1.0,80,8,2,0,0
5.1463,5.9574,100,8,2,0,0
175.8936,175.8936,0,0,0,11,3010
5.4654,-1.0,900,8,2,0,0
177.1702,177.1702,0,0,0,11,3010
5.7846,-1.0,900,8,2,0,0
178.4468,178.4468,0,0,0,11,3010
5.9574,-1.0,10,5,2,0,0
179.7234,179.7234,0,0,0,11,3010
5.9574,-1.0,10,11,2,0,0
181.0,181.0,0,0,0,11,3010
6.2766,-1.0,10,5,2,0,0
182.2766,182.2766,0,0,0,11,3010
6.2766,-1.0,10,11,2,0,0
183.5532,183.5532,0,0,0,11,3010
6.7021,-1.0,10,7,2,0,0
184.8298,184.8298,0,0,0,11,3010
6.7420,-1.0,80,2,2,0,0
6.7420,7.3404,100,2,2,0,0
186.1064,186.1064,0,0,0,11,3010
7.0612,-1.0,900,2,2,0,0
187.3830,187.3830,0,0,0,11,3010
7.3404,-1.0,10,5,2,0,0
188.6596,188.6596,0,0,0,11,3010
7.6596,-1.0,10,8,2,0,0
189.9362,189.9362,0,0,0,11,3010
7.6995,-1.0,80,4,2,0,0
7.6995,8.5106,100,4,2,0,0
191.2128,191.2128,0,0,0,11,3010
8.0186,-1.0,900,4,2,0,0
192.4894,192.4894,0,0,0,11,3010
8.3378,-1.0,900,4,2,0,0
197.5957,197.5957,0,0,0,11,4010
8.5106,-1.0,10,1,2,0,0
8.5106,-1.0,10,7,2,0,0
8.8298,-1.0,10,1,2,0,0
8.8298,-1.0,10,7,2,0,0
9.2553,-1.0,10,5,2,0,0
9.2952,-1.0,80,10,2,0,0
9.2952,9.8936,100,10,2,0,0
9.6144,-1.0,900,10,2,0,0
9.8936,-1.0,10,7,2,0,0
10.2128,-1.0,10,1,2,0,0
10.2128,-1.0,10,4,2,0,0
10.2128,-1.0,10,7,3,0,0
10.5319,-1.0,10,1,2,0,0
10.5319,-1.0,10,4,2,0,0
10.5319,-1.0,10,7,3,0,0
10.8511,-1.0,10,4,3,0,0
10.8511,-1.0,50,9,4,0,0
11.0638,-1.0,10,2,2,0,0
11.3830,-1.0,10,2,2,0,0
11.8085,-1.0,10,2,2,0,0
11.8085,-1.0,10,7,3,0,0
12.1277,-1.0,10,4,3,0,0
12.1277,-1.0,50,9,4,0,0
12.3404,-1.0,10,4,3,0,0
12.4468,-1.0,10,7,3,0,0
12.7660,-1.0,10,4,3,0,0
12.7660,-1.0,10,8,2,0,0
12.7660,-1.0,10,11,2,0,0
13.0851,-1.0,10,4,3,0,0
13.0851,-1.0,10,8,2,0,0
13.0851,-1.0,10,11,2,0,0
13.4043,-1.0,50,1,4,0,0
13.4043,-1.0,10,7,3,0,0
13.6170,-1.0,10,10,2,0,0
13.9362,-1.0,10,10,2,0,0
14.3617,-1.0,10,4,3,0,0
14.3617,-1.0,10,10,2,0,0
14.6809,-1.0,50,1,4,0,0
14.6809,-1.0,10,7,3,0,0
14.8936,-1.0,10,7,3,0,0
15.0,-1.0,10,4,3,0,0
15.3191,-1.0,10,1,2,0,0
15.3191,-1.0,10,4,2,0,0
15.3191,-1.0,10,7,3,0,0
15.6383,-1.0,10,1,2,0,0
15.6383,-1.0,10,4,2,0,0
15.6383,-1.0,10,7,3,0,0
15.9574,-1.0,10,4,3,0,0
15.9574,-1.0,50,9,4,0,0
16.1702,-1.0,10,2,2,0,0
16.4894,-1.0,10,2,2,0,0
16.9149,-1.0,10,2,2,0,0
16.9149,-1.0,10,7,3,0,0
17.2340,-1.0,10,4,3,0,0
17.2340,-1.0,50,9,4,0,0
17.4468,-1.0,10,4,3,0,0
17.5532,-1.0,10,7,3,0,0
17.8723,-1.0,80,6,2,0,0
17.8723,19.0426,100,6,2,0,0
18.1915,-1.0,900,6,2,0,0
18.5106,-1.0,900,6,2,0,0
18.5106,-1.0,80,9,2,0,0
18.5106,19.0426,100,9,2,0,0
18.8298,-1.0,900,6,2,0,0
18.8298,-1.0,900,9,2,0,0
19.0426,-1.0,10,3,2,0,0
19.4681,-1.0,82,4,2,0,0
19.4681,20.1064,110,4,2,0,0
19.7872,-1.0,900,4,2,0,0
19.7872,-1.0,82,8,2,0,0
19.7872,20.1064,110,8,2,0,0
20.4255,-1.0,80,2,2,0,0
20.4255,21.0638,100,2,2,0,0
20.4255,-1.0,80,5,2,0,0
20.4255,21.0638,100,5,2,0,0
20.4255,-1.0,82,8,2,0,0
20.4255,21.0638,110,8,2,JumpScratch,4
20.7447,-1.0,900,2,2,0,0
20.7447,-1.0,900,5,2,0,0
20.7447,-1.0,900,8,2,0,0
21.0638,21.3830,110,10,2,0,0
21.3830,-1.0,80,3,2,0,0
21.3830,21.7021,100,3,2,0,0
21.3830,-1.0,80,6,2,0,0
21.3830,21.7021,100,6,2,0,0
22.0213,-1.0,80,2,2,0,0
22.0213,23.2979,100,2,2,0,0
22.0213,-1.0,10,7,2,0,0
22.3404,-1.0,900,2,2,0,0
22.3404,-1.0,80,7,2,0,0
22.3404,22.6596,100,7,2,0,0
22.6596,-1.0,900,2,2,0,0
22.6596,-1.0,80,10,2,0,0
22.6596,23.2979,100,10,2,0,0
22.9787,-1.0,900,2,2,0,0
22.9787,-1.0,900,10,2,0,0
23.2979,-1.0,82,5,2,0,0
23.2979,23.9362,110,5,2,0,0
23.6170,-1.0,900,5,2,0,0
23.6170,-1.0,82,7,2,0,0
23.6170,23.9362,110,7,2,0,0
24.5745,-1.0,10,1,2,0,0
24.5745,-1.0,10,4,2,0,0
24.5745,-1.0,10,7,2,0,0
24.8936,-1.0,82,10,2,0,0
24.8936,26.1702,110,10,2,0,0
25.2128,-1.0,82,7,2,0,0
25.2128,26.1702,110,7,2,0,0
25.2128,-1.0,900,10,2,0,0
25.5319,-1.0,82,4,2,0,0
25.5319,26.4894,110,4,2,0,0
25.5319,-1.0,900,7,2,0,0
25.5319,-1.0,900,10,2,0,0
25.8511,-1.0,900,4,2,0,0
25.8511,-1.0,900,7,2,0,0
25.8511,-1.0,900,10,2,0,0
26.1702,-1.0,82,1,2,0,0
26.1702,26.4894,110,1,2,0,0
26.1702,-1.0,900,4,2,0,0
27.1277,-1.0,10,6,2,0,0
27.1277,-1.0,80,9,2,0,0
27.1277,27.4468,100,9,2,0,0
27.4468,-1.0,80,3,2,0,0
27.4468,28.4043,100,3,2,0,0
27.7660,-1.0,900,3,2,0,0
27.7660,-1.0,80,6,2,0,0
27.7660,28.4043,100,6,2,0,0
27.7660,-1.0,80,9,2,0,0
27.7660,28.7234,100,9,2,0,0
28.0851,-1.0,900,3,2,0,0
28.0851,-1.0,900,6,2,0,0
28.0851,-1.0,900,9,2,0,0
28.4043,-1.0,900,9,2,0,0
28.7234,-1.0,10,3,2,0,0
29.0426,-1.0,10,3,2,0,0
29.0426,-1.0,10,6,2,0,0
29.3617,-1.0,80,11,2,0,0
29.3617,29.6809,100,11,2,0,0
29.6809,-1.0,80,8,2,0,0
29.6809,30.0,100,8,2,0,0
30.0,-1.0,80,5,2,0,0
30.0,30.3191,100,5,2,0,0
30.3191,-1.0,10,2,2,0,0
30.6383,-1.0,80,2,2,0,0
30.6383,31.2766,100,2,2,0,0
30.6383,-1.0,80,5,2,0,0
30.6383,31.2766,100,5,2,0,0
30.9574,-1.0,900,2,2,0,0
30.9574,-1.0,900,5,2,0,0
31.2766,-1.0,10,8,2,0,0
31.5957,-1.0,10,3,2,0,0
31.5957,-1.0,80,6,2,0,0
31.5957,32.2340,100,6,2,0,0
31.5957,-1.0,10,10,2,0,0
31.9149,-1.0,900,6,2,0,0
32.2340,-1.0,10,2,2,0,0
32.2340,-1.0,10,9,2,0,0
32.8723,-1.0,80,1,2,0,0
32.8723,34.1489,100,1,2,0,0
32.8723,-1.0,80,4,2,0,0
32.8723,34.1489,100,4,2,0,0
32.8723,-1.0,82,7,2,0,0
32.8723,33.1915,110,7,2,JumpScratch,5
33.1915,-1.0,900,1,2,0,0
33.1915,-1.0,900,4,2,0,0
33.1915,33.5106,110,10,2,JumpScratch,-4
33.5106,-1.0,900,1,2,0,0
33.5106,-1.0,900,4,2,0,0
33.5106,33.8298,110,8,2,JumpScratch,5
33.8298,-1.0,900,1,2,0,0
33.8298,-1.0,900,4,2,0,0
33.8298,34.1489,110,11,2,JumpScratch,-4
34.7872,-1.0,10,2,2,0,0
34.7872,-1.0,10,6,2,0,0
35.1064,-1.0,10,4,2,0,0
35.1064,-1.0,10,8,2,0,0
35.4255,-1.0,80,6,2,0,0
35.4255,35.7447,100,6,2,0,0
35.7447,-1.0,80,3,2,0,0
35.7447,36.3830,100,3,2,0,0
35.7447,-1.0,80,9,2,0,0
35.7447,36.3830,100,9,2,0,0
36.0638,-1.0,900,3,2,0,0
36.0638,-1.0,900,9,2,0,0
36.3830,-1.0,10,6,2,0,0
36.7021,-1.0,82,5,2,0,0
36.7021,37.9787,110,5,2,JumpScratch,4
36.7021,-1.0,82,9,2,0,0
36.7021,37.9787,110,9,2,JumpScratch,4
37.0213,-1.0,900,5,2,0,0
37.0213,-1.0,900,9,2,0,0
37.3404,-1.0,82,1,2,0,0
37.3404,37.9787,110,1,2,JumpScratch,4
37.3404,-1.0,900,5,2,0,0
37.3404,-1.0,900,9,2,0,0
37.6596,-1.0,900,1,2,0,0
37.6596,-1.0,900,5,2,0,0
37.6596,-1.0,900,9,2,0,0
37.9787,39.2553,110,3,2,0,0
37.9787,39.2553,110,7,2,0,0
37.9787,39.2553,110,11,2,0,0
38.2979,-1.0,900,3,2,0,0
38.2979,-1.0,900,7,2,0,0
38.2979,-1.0,900,11,2,0,0
38.6170,-1.0,900,3,2,0,0
38.6170,-1.0,900,7,2,0,0
38.6170,-1.0,900,11,2,0,0
38.9362,-1.0,900,3,2,0,0
38.9362,-1.0,900,7,2,0,0
38.9362,-1.0,900,11,2,0,0
39.5745,-1.0,10,1,2,0,0
39.5745,-1.0,10,4,2,0,0
39.8936,-1.0,10,1,2,0,0
39.8936,-1.0,10,4,2,0,0
40.1064,-1.0,10,8,2,0,0
40.1064,-1.0,10,11,2,0,0
40.2128,-1.0,10,3,3,0,0
40.4255,-1.0,10,6,2,0,0
40.4255,-1.0,10,9,2,0,0
40.5319,-1.0,50,1,3,0,0
40.8511,-1.0,80,4,2,0,0
40.8511,41.1702,100,4,2,0,0
41.4894,-1.0,82,3,2,0,0
41.4894,41.7021,110,3,2,JumpScratch,-4
41.4894,-1.0,82,7,2,0,0
41.4894,41.7021,110,7,2,JumpScratch,-4
41.4894,-1.0,82,11,2,0,0
41.4894,41.7021,110,11,2,JumpScratch,-4
41.7021,42.3404,110,1,2,JumpScratch,4
42.0213,-1.0,900,1,2,0,0
42.1277,-1.0,82,5,2,0,0
42.1277,42.3404,110,5,2,JumpScratch,4
42.1277,-1.0,82,9,2,0,0
42.1277,42.3404,110,9,2,JumpScratch,4
42.3404,43.2979,110,11,2,0,0
42.6596,-1.0,900,11,2,0,0
42.7660,-1.0,50,1,2,0,0
42.7660,-1.0,50,4,2,0,0
42.9787,-1.0,10,8,2,0,0
42.9787,-1.0,900,11,2,0,0
43.0851,-1.0,10,5,2,0,0
43.2979,-1.0,50,1,2,0,0
43.9362,-1.0,10,11,2,0,0
44.0426,-1.0,82,1,2,0,0
44.0426,44.2553,110,1,2,JumpScratch,4
44.0426,-1.0,82,5,2,0,0
44.0426,44.2553,110,5,2,JumpScratch,4
44.0426,-1.0,82,9,2,0,0
44.0426,44.2553,110,9,2,JumpScratch,4
44.2553,44.8936,110,11,2,JumpScratch,-4
44.5745,-1.0,900,11,2,0,0
44.6809,-1.0,82,3,2,0,0
44.6809,44.8936,110,3,2,JumpScratch,-4
44.6809,-1.0,82,7,2,0,0
44.6809,44.8936,110,7,2,JumpScratch,-4
44.8936,45.2128,110,1,2,0,0
45.2128,-1.0,50,7,2,0,0
45.2128,-1.0,50,10,2,0,0
45.5319,-1.0,10,11,2,0,0
45.8511,-1.0,10,1,2,0,0
45.8511,-1.0,10,4,2,0,0
45.8511,-1.0,82,8,2,0,0
45.8511,46.5957,110,8,2,JumpScratch,-5
46.1702,-1.0,900,8,2,0,0
46.2766,-1.0,10,11,2,0,0
46.4894,-1.0,900,8,2,0,0
46.5957,-1.0,10,1,3,0,0
46.5957,47.2340,110,5,2,JumpScratch,5
46.9149,-1.0,900,5,2,0,0
46.9149,-1.0,10,8,3,0,0
47.2340,-1.0,10,1,3,0,0
47.2340,47.7660,110,8,2,0,0
47.5532,-1.0,900,8,2,0,0
47.7660,-1.0,50,3,3,0,0
48.1915,-1.0,10,1,2,0,0
48.4043,-1.0,82,4,2,0,0
48.4043,49.1489,110,4,2,JumpScratch,5
48.4043,-1.0,10,8,2,0,0
48.4043,-1.0,10,11,2,0,0
48.7234,-1.0,900,4,2,0,0
48.8298,-1.0,10,1,2,0,0
49.0426,-1.0,900,4,2,0,0
49.1489,49.6809,110,7,2,0,0
49.1489,-1.0,10,10,3,0,0
49.4681,-1.0,10,3,3,0,0
49.4681,-1.0,900,7,2,0,0
50.1064,-1.0,20,1,3,0,0
50.1064,-1.0,20,4,3,0,0
50.1064,-1.0,50,7,3,0,0
50.6383,-1.0,50,4,3,0,0
50.6383,-1.0,20,7,3,0,0
50.6383,-1.0,20,10,3,0,0
51.0638,-1.0,81,1,3,0,0
51.0638,51.7021,101,1,3,0,0
51.0638,-1.0,20,4,3,0,0
51.0638,-1.0,20,7,3,0,0
51.0638,-1.0,81,10,3,0,0
51.0638,51.7021,101,10,3,0,0
51.3830,-1.0,900,1,3,0,0
51.3830,-1.0,900,10,3,0,0
52.0213,-1.0,10,7,3,0,0
52.0213,-1.0,10,10,3,0,0
52.2340,-1.0,80,1,3,0,0
52.2340,53.2979,100,1,3,0,0
52.2340,-1.0,10,4,3,0,0
52.2340,-1.0,10,7,3,0,0
52.5532,-1.0,900,1,3,0,0
52.6596,-1.0,10,7,3,0,0
52.6596,-1.0,10,10,3,0,0
52.8723,-1.0,900,1,3,0,0
52.9787,-1.0,10,4,3,0,0
53.1915,-1.0,900,1,3,0,0
53.2979,-1.0,10,7,3,0,0
53.2979,-1.0,10,10,3,0,0
53.6170,-1.0,10,1,3,0,0
53.6170,-1.0,10,4,3,0,0
53.6170,-1.0,80,10,3,0,0
53.6170,54.2553,100,10,3,0,0
53.9362,-1.0,10,7,3,0,0
53.9362,-1.0,900,10,3,0,0
54.2553,-1.0,10,1,3,0,0
54.2553,-1.0,10,4,3,0,0
54.5745,-1.0,82,4,3,0,0
54.5745,55.5319,110,4,3,0,0
54.5745,-1.0,82,7,3,0,0
54.5745,55.5319,110,7,3,0,0
54.8936,-1.0,900,4,3,0,0
54.8936,-1.0,900,7,3,0,0
55.2128,-1.0,900,4,3,0,0
55.2128,-1.0,900,7,3,0,0
56.0638,-1.0,80,7,3,0,0
56.0638,56.4894,100,7,3,0,0
56.0638,-1.0,80,10,3,0,0
56.0638,57.1277,100,10,3,0,0
56.3830,-1.0,900,7,3,0,0
56.3830,-1.0,900,10,3,0,0
56.4894,-1.0,10,4,3,0,0
56.7021,-1.0,900,10,3,0,0
57.0213,-1.0,900,10,3,0,0
57.1277,-1.0,80,1,3,0,0
57.1277,58.4043,100,1,3,0,0
57.1277,-1.0,80,4,3,0,0
57.1277,57.7660,100,4,3,0,0
57.4468,-1.0,900,1,3,0,0
57.4468,-1.0,900,4,3,0,0
57.7660,-1.0,900,1,3,0,0
57.7660,-1.0,10,10,3,0,0
58.0851,-1.0,900,1,3,0,0
58.0851,-1.0,10,7,3,0,0
58.4043,-1.0,10,4,3,0,0
59.3617,-1.0,50,7,3,0,0
60.0,-1.0,80,4,3,0,0
60.0,60.6383,100,4,3,0,0
60.0,-1.0,80,10,3,0,0
60.0,60.6383,100,10,3,0,0
60.3191,-1.0,900,4,3,0,0
60.3191,-1.0,900,10,3,0,0
60.6383,-1.0,80,1,3,0,0
60.6383,61.2766,100,1,3,0,0
60.6383,-1.0,82,7,3,0,0
60.6383,61.2766,110,7,3,JumpScratch,5
60.9574,-1.0,900,1,3,0,0
60.9574,-1.0,900,7,3,0,0
61.2766,-1.0,81,4,3,0,0
61.2766,61.8085,101,4,3,0,0
61.5957,-1.0,900,4,3,0,0
61.8085,-1.0,10,1,3,0,0
61.8085,-1.0,10,7,3,0,0
61.9149,-1.0,10,7,3,0,0
62.2340,-1.0,82,4,3,0,0
62.2340,62.4468,110,4,3,JumpScratch,-5
62.2340,-1.0,82,10,3,0,0
62.2340,62.4468,110,10,3,JumpScratch,-5
62.7660,-1.0,80,1,2,0,0
62.7660,63.5106,100,1,2,0,0
62.7660,-1.0,10,6,2,0,0
63.0851,-1.0,900,1,2,0,0
63.1915,-1.0,10,7,2,0,0
63.1915,-1.0,10,11,2,0,0
63.4043,-1.0,900,1,2,0,0
63.5106,-1.0,10,5,2,0,0
63.5106,-1.0,10,9,2,0,0
63.8298,-1.0,50,2,5,0,0
63.8298,-1.0,81,7,3,0,0
63.8298,64.3617,101,7,3,0,0
63.8298,-1.0,10,11,2,0,0
64.1489,-1.0,900,7,3,0,0
64.3617,-1.0,10,4,3,0,0
64.3617,-1.0,10,10,3,0,0
64.4681,-1.0,10,4,3,0,0
64.7872,-1.0,80,1,3,0,0
64.7872,65.4255,100,1,3,0,0
64.7872,-1.0,80,7,3,0,0
64.7872,65.4255,100,7,3,0,0
65.1064,-1.0,900,1,3,0,0
65.1064,-1.0,900,7,3,0,0
65.7447,-1.0,10,4,3,0,0
65.7447,-1.0,10,10,3,0,0
66.0638,-1.0,10,1,3,0,0
66.0638,-1.0,10,7,3,0,0
66.3830,-1.0,81,4,3,0,0
66.3830,66.9149,101,4,3,0,0
66.3830,-1.0,50,7,5,0,0
66.7021,-1.0,900,4,3,0,0
66.9149,-1.0,10,1,3,0,0
66.9149,-1.0,10,10,3,0,0
67.0213,-1.0,10,7,3,0,0
67.3404,-1.0,80,4,3,0,0
67.3404,67.5532,100,4,3,0,0
67.3404,-1.0,80,10,3,0,0
67.3404,67.5532,100,10,3,0,0
67.5532,-1.0,10,1,3,0,0
67.5532,-1.0,10,7,3,0,0
67.8723,-1.0,80,1,2,0,0
67.8723,68.6170,100,1,2,0,0
67.8723,-1.0,10,6,2,0,0
67.8723,-1.0,10,9,2,0,0
68.1915,-1.0,900,1,2,0,0
68.2979,-1.0,10,8,2,0,0
68.2979,-1.0,10,11,2,0,0
68.5106,-1.0,900,1,2,0,0
68.6170,-1.0,82,5,2,0,0
68.6170,68.9362,110,5,2,JumpScratch,4
68.6170,-1.0,82,9,2,0,0
68.6170,68.9362,110,9,2,JumpScratch,4
68.9362,69.8936,110,7,2,JumpScratch,-4
68.9362,69.8936,110,11,2,JumpScratch,-4
69.2553,-1.0,900,7,2,0,0
69.2553,-1.0,900,11,2,0,0
69.5745,-1.0,82,3,2,0,0
69.5745,69.8936,110,3,2,JumpScratch,-4
69.5745,-1.0,900,7,2,0,0
69.5745,-1.0,900,11,2,0,0
69.8936,70.8511,110,1,2,0,0
69.8936,70.8511,110,5,2,0,0
70.2128,-1.0,900,1,2,0,0
70.2128,-1.0,900,5,2,0,0
70.5319,-1.0,900,1,2,0,0
70.5319,-1.0,900,5,2,0,0
71.1702,-1.0,10,7,3,0,0
71.4894,-1.0,50,3,4,0,0
71.4894,-1.0,81,10,3,0,0
71.4894,72.1277,101,10,3,0,0
71.8085,-1.0,900,10,3,0,0
72.1277,-1.0,82,1,3,0,0
72.1277,72.3404,110,1,3,JumpScratch,4
72.1277,-1.0,82,5,3,0,0
72.1277,72.3404,110,5,3,JumpScratch,4
72.6596,-1.0,50,2,3,0,0
72.6596,-1.0,81,7,2,0,0
72.6596,73.4043,101,7,2,0,0
72.6596,-1.0,81,10,3,0,0
72.6596,73.7234,101,10,3,0,0
72.9787,-1.0,900,7,2,0,0
72.9787,-1.0,900,10,3,0,0
73.2979,-1.0,900,7,2,0,0
73.2979,-1.0,900,10,3,0,0
73.4043,-1.0,10,3,3,0,0
73.6170,-1.0,900,10,3,0,0
73.7234,-1.0,10,6,3,0,0
74.0426,-1.0,20,1,3,0,0
74.0426,-1.0,20,5,3,0,0
74.3617,-1.0,20,1,3,0,0
74.3617,-1.0,20,5,3,0,0
74.6809,-1.0,82,6,3,0,0
74.6809,74.8936,110,6,3,JumpScratch,-4
74.6809,-1.0,82,10,3,0,0
74.6809,74.8936,110,10,3,JumpScratch,-4
75.2128,-1.0,81,1,3,0,0
75.2128,76.2766,101,1,3,0,0
75.2128,-1.0,81,5,2,0,0
75.2128,75.9574,101,5,2,0,0
75.2128,-1.0,50,9,3,0,0
75.5319,-1.0,900,1,3,0,0
75.5319,-1.0,900,5,2,0,0
75.8511,-1.0,900,1,3,0,0
75.8511,-1.0,900,5,2,0,0
75.9574,-1.0,10,8,3,0,0
76.1702,-1.0,900,1,3,0,0
76.2766,-1.0,10,5,3,0,0
76.5957,-1.0,83,8,2,0,0
76.5957,77.1277,110,8,2,JumpScratch,-3
76.5957,-1.0,83,11,2,0,0
76.5957,77.1277,110,11,2,JumpScratch,-3
76.9149,-1.0,900,8,2,0,0
76.9149,-1.0,900,11,2,0,0
77.2340,-1.0,83,1,2,0,0
77.2340,77.5532,110,1,2,JumpScratch,3
77.2340,-1.0,83,4,2,0,0
77.2340,77.5532,110,4,2,JumpScratch,3
77.7660,-1.0,50,7,3,0,0
77.7660,-1.0,50,10,3,0,0
78.0851,-1.0,80,4,2,0,0
78.0851,78.5106,100,4,2,0,0
78.0851,-1.0,80,8,2,0,0
78.0851,78.5106,100,8,2,0,0
78.4043,-1.0,900,4,2,0,0
78.4043,-1.0,900,8,2,0,0
78.5106,-1.0,80,1,2,0,0
78.5106,78.8298,100,1,2,0,0
78.5106,-1.0,80,11,2,0,0
78.5106,78.8298,100,11,2,0,0
78.8298,-1.0,10,4,3,0,0
78.8298,-1.0,10,7,3,0,0
79.1489,-1.0,83,1,3,0,0
79.1489,79.6809,110,1,3,JumpScratch,4
79.1489,-1.0,83,10,3,0,0
79.1489,79.6809,110,10,3,JumpScratch,-4
79.4681,-1.0,900,1,3,0,0
79.4681,-1.0,900,10,3,0,0
79.6809,81.7021,110,3,2,0,0
79.6809,81.7021,110,9,2,0,0
80.0,-1.0,900,3,2,0,0
80.0,-1.0,900,9,2,0,0
80.1064,-1.0,83,6,2,0,0
80.1064,81.7021,110,6,2,0,0
80.3192,-1.0,900,3,2,0,0
80.3192,-1.0,900,9,2,0,0
80.4255,-1.0,900,6,2,0,0
80.6383,-1.0,900,3,2,0,0
80.6383,-1.0,900,9,2,0,0
80.7447,-1.0,900,6,2,0,0
80.9574,-1.0,900,3,2,0,0
80.9574,-1.0,900,9,2,0,0
81.0638,-1.0,900,6,2,0,0
81.2766,-1.0,900,3,2,0,0
81.2766,-1.0,900,9,2,0,0
81.3830,-1.0,900,6,2,0,0
81.5957,-1.0,900,3,2,0,0
81.5957,-1.0,900,9,2,0,0
84.2553,-1.0,10,1,2,0,0
84.2553,-1.0,10,4,2,0,0
84.2553,-1.0,10,7,3,0,0
84.5745,-1.0,10,1,2,0,0
84.5745,-1.0,10,4,2,0,0
84.5745,-1.0,10,7,3,0,0
84.8936,-1.0,10,4,3,0,0
84.8936,-1.0,50,9,4,0,0
85.1064,-1.0,10,2,2,0,0
85.4255,-1.0,10,2,2,0,0
85.8511,-1.0,10,2,2,0,0
85.8511,-1.0,10,7,3,0,0
86.1702,-1.0,10,4,3,0,0
86.1702,-1.0,50,9,4,0,0
86.3830,-1.0,10,4,3,0,0
86.4894,-1.0,10,7,3,0,0
86.8085,-1.0,10,4,3,0,0
86.8085,-1.0,10,8,2,0,0
86.8085,-1.0,10,11,2,0,0
87.1277,-1.0,10,4,3,0,0
87.1277,-1.0,10,8,2,0,0
87.1277,-1.0,10,11,2,0,0
87.4468,-1.0,50,1,4,0,0
87.4468,-1.0,10,7,3,0,0
87.6596,-1.0,10,10,2,0,0
87.9787,-1.0,10,10,2,0,0
88.4043,-1.0,10,4,3,0,0
88.4043,-1.0,10,10,2,0,0
88.7234,-1.0,50,1,4,0,0
88.7234,-1.0,10,7,3,0,0
88.9362,-1.0,10,7,3,0,0
89.0426,-1.0,10,4,3,0,0
89.3617,-1.0,80,6,2,0,0
89.3617,90.5319,100,6,2,0,0
89.6809,-1.0,900,6,2,0,0
90.0,-1.0,80,3,2,0,0
90.0,90.5319,100,3,2,0,0
90.0,-1.0,900,6,2,0,0
90.3191,-1.0,900,3,2,0,0
90.3191,-1.0,900,6,2,0,0
90.5319,-1.0,10,9,2,0,0
90.9574,-1.0,82,8,2,0,0
90.9574,91.5957,110,8,2,0,0
91.2766,-1.0,82,4,2,0,0
91.2766,91.5957,110,4,2,0,0
91.2766,-1.0,900,8,2,0,0
91.9149,-1.0,50,1,3,0,0
91.9149,-1.0,50,4,3,0,0
91.9149,-1.0,50,7,3,0,0
92.8723,-1.0,10,4,2,0,0
93.1915,-1.0,80,5,2,0,0
93.1915,93.7234,100,5,2,0,0
93.1915,-1.0,80,8,2,0,0
93.1915,93.7234,100,8,2,0,0
93.1915,-1.0,80,11,2,0,0
93.1915,93.7234,100,11,2,0,0
93.5106,-1.0,900,5,2,0,0
93.5106,-1.0,900,8,2,0,0
93.5106,-1.0,900,11,2,0,0
93.7234,-1.0,10,2,2,0,0
94.1489,-1.0,80,7,2,0,0
94.1489,94.7872,100,7,2,0,0
94.4681,-1.0,900,7,2,0,0
94.7872,-1.0,80,2,2,0,0
94.7872,95.1064,100,2,2,0,0
94.7872,-1.0,80,10,2,0,0
94.7872,95.1064,100,10,2,0,0
95.1064,-1.0,82,4,2,0,0
95.1064,95.4255,110,4,2,0,0
95.1064,-1.0,82,8,2,0,0
95.1064,95.4255,110,8,2,0,0
96.0638,-1.0,80,7,2,0,0
96.0638,96.3830,100,7,2,0,0
96.3830,-1.0,80,4,2,0,0
96.3830,96.7021,100,4,2,0,0
96.7021,-1.0,10,1,2,0,0
97.0213,-1.0,50,4,3,0,0
97.0213,-1.0,50,7,3,0,0
97.0213,-1.0,50,10,3,0,0
97.5532,-1.0,10,3,2,0,0
97.6596,-1.0,10,6,2,0,0
97.9787,-1.0,10,5,2,0,0
98.2979,-1.0,80,1,2,0,0
98.2979,98.8298,100,1,2,0,0
98.2979,-1.0,80,4,2,0,0
98.2979,98.8298,100,4,2,0,0
98.2979,-1.0,80,7,2,0,0
98.2979,98.8298,100,7,2,0,0
98.6170,-1.0,900,1,2,0,0
98.6170,-1.0,900,4,2,0,0
98.6170,-1.0,900,7,2,0,0
98.8298,-1.0,10,10,2,0,0
99.2553,-1.0,80,5,2,0,0
99.2553,100.2128,100,5,2,0,0
99.2553,-1.0,80,8,2,0,0
99.2553,100.2128,100,8,2,0,0
99.5745,-1.0,900,5,2,0,0
99.5745,-1.0,900,8,2,0,0
99.8936,-1.0,900,5,2,0,0
99.8936,-1.0,900,8,2,0,0
99.8936,-1.0,10,11,2,0,0
100.2128,-1.0,10,2,2,0,0
100.5319,-1.0,10,4,2,0,0
100.5319,-1.0,80,7,2,0,0
100.5319,101.1702,100,7,2,0,0
100.8511,-1.0,900,7,2,0,0
101.1702,-1.0,10,2,2,0,0
101.1702,-1.0,10,5,2,0,0
101.4894,-1.0,10,6,2,0,0
101.8085,-1.0,10,7,2,0,0
101.8085,-1.0,10,10,2,0,0
102.1277,-1.0,50,1,3,0,0
102.1277,-1.0,50,4,3,0,0
102.1277,-1.0,50,7,3,0,0
103.0851,-1.0,10,4,2,0,0
103.4043,-1.0,80,5,2,0,0
103.4043,103.9362,100,5,2,0,0
103.4043,-1.0,80,8,2,0,0
103.4043,103.9362,100,8,2,0,0
103.4043,-1.0,80,11,2,0,0
103.4043,103.9362,100,11,2,0,0
103.7234,-1.0,900,5,2,0,0
103.7234,-1.0,900,8,2,0,0
103.7234,-1.0,900,11,2,0,0
103.9362,-1.0,10,2,2,0,0
104.3617,-1.0,80,4,2,0,0
104.3617,104.6809,100,4,2,0,0
104.6809,-1.0,80,8,2,0,0
104.6809,105.0,100,8,2,0,0
105.0,-1.0,80,5,2,0,0
105.0,105.3191,100,5,2,0,0
105.3191,-1.0,80,2,2,0,0
105.3191,105.6383,100,2,2,0,0
105.6383,-1.0,50,7,2,0,0
105.6383,-1.0,50,10,2,0,0
106.2766,-1.0,80,2,2,0,0
106.2766,106.5957,100,2,2,0,0
106.5957,-1.0,80,5,2,0,0
106.5957,106.9149,100,5,2,0,0
106.9149,-1.0,80,8,2,0,0
106.9149,107.2340,100,8,2,0,0
107.2340,-1.0,80,1,2,0,0
107.2340,107.8723,100,1,2,0,0
107.2340,-1.0,80,11,2,0,0
107.2340,107.8723,100,11,2,0,0
107.5532,-1.0,900,1,2,0,0
107.5532,-1.0,900,11,2,0,0
107.8723,-1.0,10,4,2,0,0
107.8723,-1.0,10,8,2,0,0
108.1915,-1.0,82,4,2,0,0
108.1915,108.8298,110,4,2,JumpScratch,-5
108.1915,-1.0,82,8,2,0,0
108.1915,108.8298,110,8,2,JumpScratch,5
108.5106,-1.0,900,4,2,0,0
108.5106,-1.0,900,8,2,0,0
108.8298,109.4681,110,1,2,JumpScratch,6
108.8298,109.4681,110,11,2,JumpScratch,-6
109.1489,-1.0,900,1,2,0,0
109.1489,-1.0,900,11,2,0,0
109.4681,110.9574,110,5,2,JumpScratch,-6
109.4681,110.9574,110,7,2,JumpScratch,6
109.7872,-1.0,900,5,2,0,0
109.7872,-1.0,900,7,2,0,0
110.1064,-1.0,900,5,2,0,0
110.1064,-1.0,900,7,2,0,0
110.3192,-1.0,10,2,3,0,0
110.4255,-1.0,900,5,2,0,0
110.4255,-1.0,900,7,2,0,0
110.4255,-1.0,10,9,3,0,0
110.6383,-1.0,10,2,3,0,0
110.7447,-1.0,900,5,2,0,0
110.7447,-1.0,900,7,2,0,0
110.9574,111.3830,110,1,3,JumpScratch,6
110.9574,111.3830,110,10,3,JumpScratch,-6
111.2766,-1.0,900,1,3,0,0
111.2766,-1.0,900,10,3,0,0
111.3830,111.7021,110,4,3,JumpScratch,-5
111.3830,111.7021,110,7,3,JumpScratch,5
111.9149,-1.0,10,8,3,0,0
112.0213,-1.0,82,4,3,0,0
112.0213,112.3404,110,4,3,0,0
112.6596,-1.0,10,7,3,0,0
112.6596,-1.0,10,10,3,0,0
112.8723,-1.0,10,2,3,0,0
112.9787,-1.0,10,5,3,0,0
112.9787,-1.0,10,8,3,0,0
113.1915,-1.0,10,4,3,0,0
113.2979,-1.0,10,7,3,0,0
113.2979,-1.0,10,10,3,0,0
113.5106,-1.0,10,2,3,0,0
113.6170,-1.0,10,5,3,0,0
113.6170,-1.0,10,8,3,0,0
113.8298,-1.0,10,4,3,0,0
113.9362,-1.0,20,7,3,0,0
113.9362,-1.0,20,10,3,0,0
114.1489,-1.0,10,7,3,0,0
114.2553,-1.0,20,1,3,0,0
114.2553,-1.0,20,4,3,0,0
114.4681,-1.0,10,4,3,0,0
114.5745,-1.0,81,7,3,0,0
114.5745,114.7872,101,7,3,0,0
114.5745,-1.0,81,10,3,0,0
114.5745,114.7872,101,10,3,0,0
114.7872,-1.0,50,4,3,0,0
115.1064,-1.0,10,7,3,0,0
115.2128,-1.0,10,1,3,0,0
115.2128,-1.0,10,4,3,0,0
115.4255,-1.0,10,9,3,0,0
115.5319,-1.0,10,3,3,0,0
115.5319,-1.0,10,6,3,0,0
115.7447,-1.0,10,7,3,0,0
115.8511,-1.0,10,1,3,0,0
115.8511,-1.0,10,4,3,0,0
116.0638,-1.0,10,9,3,0,0
116.1702,-1.0,20,3,3,0,0
116.1702,-1.0,20,6,3,0,0
116.3830,-1.0,10,7,3,0,0
116.4894,-1.0,81,1,3,0,0
116.4894,116.7021,101,1,3,0,0
116.4894,-1.0,81,4,3,0,0
116.4894,116.7021,101,4,3,0,0
116.7021,-1.0,50,7,3,0,0
117.0213,-1.0,10,4,3,0,0
117.0213,-1.0,10,8,2,0,0
117.0213,-1.0,10,11,2,0,0
117.3404,-1.0,80,4,3,0,0
117.3404,117.7660,100,4,3,0,0
117.3404,-1.0,10,8,2,0,0
117.3404,-1.0,10,11,2,0,0
117.6596,-1.0,900,4,3,0,0
117.7660,-1.0,82,8,2,0,0
117.7660,118.0851,110,8,2,JumpScratch,-4
117.7660,-1.0,82,11,2,0,0
117.7660,118.0851,110,11,2,JumpScratch,-3
118.0851,-1.0,50,1,4,0,0
118.0851,118.7234,110,6,2,JumpScratch,3
118.4043,-1.0,900,6,2,0,0
118.4043,-1.0,82,9,2,0,0
118.4043,118.7234,110,9,2,JumpScratch,4
118.7234,-1.0,50,2,4,0,0
118.7234,119.2553,110,11,2,JumpScratch,-4
119.0426,-1.0,900,11,2,0,0
119.2553,-1.0,50,3,4,0,0
119.6809,-1.0,20,1,2,0,0
119.6809,-1.0,20,4,2,0,0
119.6809,-1.0,20,7,3,0,0
119.8404,-1.0,20,1,2,0,0
119.8404,-1.0,20,4,2,0,0
119.8404,-1.0,81,7,3,0,0
119.8404,120.3191,101,7,3,0,0
120.2128,-1.0,900,7,3,0,0
120.3191,-1.0,83,1,2,0,0
120.3191,120.6383,110,1,2,JumpScratch,3
120.3191,-1.0,83,4,2,0,0
120.3191,120.6383,110,4,2,JumpScratch,4
120.6383,121.2766,110,6,2,JumpScratch,-3
120.6383,-1.0,50,9,4,0,0
120.9574,-1.0,83,3,2,0,0
120.9574,121.2766,110,3,2,JumpScratch,-4
120.9574,-1.0,900,6,2,0,0
121.2766,121.8085,110,1,2,JumpScratch,3
121.2766,-1.0,50,8,4,0,0
121.5957,-1.0,900,1,2,0,0
121.8085,-1.0,50,7,3,0,0
122.1277,-1.0,10,4,3,0,0
122.4468,-1.0,50,7,3,0,0
122.7660,-1.0,10,4,3,0,0
122.8723,-1.0,50,7,3,0,0
122.8723,-1.0,50,10,3,0,0
123.0851,-1.0,10,1,3,0,0
123.1915,-1.0,50,4,3,0,0
123.1915,-1.0,50,7,3,0,0
123.5106,-1.0,80,4,3,0,0
123.5106,123.7234,100,4,3,0,0
123.5106,-1.0,80,10,3,0,0
123.5106,123.7234,100,10,3,0,0
123.7234,-1.0,10,1,3,0,0
123.7234,-1.0,10,7,3,0,0
124.0426,-1.0,10,4,3,0,0
124.0426,-1.0,50,7,3,0,0
124.0426,-1.0,50,10,3,0,0
124.3617,-1.0,80,4,3,0,0
124.3617,125.0,100,4,3,0,0
124.3617,-1.0,50,7,3,0,0
124.3617,-1.0,50,10,3,0,0
124.6809,-1.0,900,4,3,0,0
125.0,-1.0,50,7,3,0,0
125.3192,-1.0,10,1,3,0,0
125.4255,-1.0,50,4,3,0,0
125.4255,-1.0,50,7,3,0,0
125.6383,-1.0,10,4,3,0,0
125.7447,-1.0,50,7,3,0,0
125.7447,-1.0,50,10,3,0,0
126.0638,-1.0,80,1,3,0,0
126.0638,126.2766,100,1,3,0,0
126.0638,-1.0,80,7,3,0,0
126.0638,126.2766,100,7,3,0,0
126.2766,-1.0,10,4,3,0,0
126.2766,-1.0,10,10,3,0,0
126.5957,-1.0,50,1,3,0,0
126.5957,-1.0,50,4,3,0,0
126.5957,-1.0,20,7,3,0,0
126.9149,-1.0,50,1,3,0,0
126.9149,-1.0,50,4,3,0,0
126.9149,-1.0,20,7,3,0,0
127.2340,-1.0,20,4,3,0,0
127.2340,-1.0,50,7,3,0,0
127.2340,-1.0,50,10,3,0,0
127.5532,-1.0,81,4,3,0,0
127.5532,128.2979,101,4,3,0,0
127.5532,-1.0,50,7,3,0,0
127.5532,-1.0,50,10,3,0,0
127.8723,-1.0,900,4,3,0,0
128.1915,-1.0,900,4,3,0,0
128.6170,-1.0,10,7,3,0,0
128.8298,-1.0,10,1,3,0,0
128.8298,-1.0,10,10,3,0,0
128.9362,-1.0,10,4,3,0,0
128.9362,-1.0,10,7,3,0,0
129.2553,-1.0,82,10,3,0,0
129.2553,129.3617,110,10,3,JumpScratch,-5
129.3617,129.4681,110,8,3,JumpScratch,-5
129.5745,-1.0,82,8,3,0,0
129.5745,129.6808,110,8,3,JumpScratch,-5
129.6808,129.7872,110,6,3,JumpScratch,-5
129.8936,-1.0,82,6,3,0,0
129.8936,130.0,110,6,3,JumpScratch,-5
130.0,130.1064,110,4,3,JumpScratch,-5
130.2128,-1.0,50,1,12,0,0
130.5319,-1.0,10,9,3,0,0
130.7447,-1.0,10,1,3,0,0
130.7447,-1.0,10,4,3,0,0
130.8511,-1.0,10,7,3,0,0
131.0638,-1.0,10,3,3,0,0
131.0638,-1.0,10,6,3,0,0
131.1702,-1.0,10,9,3,0,0
131.3830,-1.0,10,1,3,0,0
131.3830,-1.0,10,4,3,0,0
131.4894,-1.0,50,7,3,0,0
131.7021,-1.0,10,7,3,0,0
131.7021,-1.0,10,10,3,0,0
131.8085,-1.0,50,4,3,0,0
132.0213,-1.0,10,1,3,0,0
132.0213,-1.0,10,4,3,0,0
132.1277,-1.0,83,7,3,0,0
132.1277,132.3404,110,7,3,JumpScratch,-5
132.6596,-1.0,50,1,3,0,0
132.6596,-1.0,50,5,4,0,0
132.9787,-1.0,10,7,3,0,0
132.9787,-1.0,10,10,3,0,0
133.0851,-1.0,10,4,3,0,0
133.2979,-1.0,10,5,3,0,0
133.2979,-1.0,10,8,3,0,0
133.4043,-1.0,10,2,3,0,0
133.7234,-1.0,10,4,3,0,0
133.9362,-1.0,10,7,3,0,0
133.9362,-1.0,10,10,3,0,0
134.0426,-1.0,50,4,3,0,0
134.2553,-1.0,10,1,3,0,0
134.2553,-1.0,10,4,3,0,0
134.3617,-1.0,50,7,3,0,0
134.5745,-1.0,10,7,3,0,0
134.5745,-1.0,10,10,3,0,0
134.6809,-1.0,83,4,3,0,0
134.6809,134.8936,110,4,3,JumpScratch,5
135.2128,-1.0,50,3,4,0,0
135.2128,-1.0,81,8,2,0,0
135.2128,135.6383,101,8,2,0,0
135.2128,-1.0,81,11,2,0,0
135.2128,135.6383,101,11,2,0,0
135.5319,-1.0,900,8,2,0,0
135.5319,-1.0,900,11,2,0,0
135.6383,-1.0,10,1,2,0,0
135.6383,-1.0,10,4,2,0,0
135.9574,-1.0,80,7,2,0,0
135.9574,136.2766,100,7,2,0,0
136.2766,-1.0,10,1,2,0,0
136.2766,-1.0,10,4,2,0,0
136.4894,-1.0,81,1,2,0,0
136.4894,136.9149,101,1,2,0,0
136.4894,-1.0,81,4,2,0,0
136.4894,136.9149,101,4,2,0,0
136.4894,-1.0,50,7,4,0,0
136.8085,-1.0,900,1,2,0,0
136.8085,-1.0,900,4,2,0,0
136.9149,-1.0,10,8,2,0,0
136.9149,-1.0,10,11,2,0,0
137.2340,-1.0,80,5,2,0,0
137.2340,137.5532,100,5,2,0,0
137.5532,-1.0,10,8,2,0,0
137.5532,-1.0,10,11,2,0,0
137.7660,-1.0,50,3,4,0,0
137.7660,-1.0,81,8,2,0,0
137.7660,138.1915,101,8,2,0,0
137.7660,-1.0,81,11,2,0,0
137.7660,138.1915,101,11,2,0,0
138.0851,-1.0,900,8,2,0,0
138.0851,-1.0,900,11,2,0,0
138.1915,-1.0,82,4,2,0,0
138.1915,138.5106,110,4,2,JumpScratch,-5
138.5106,139.1489,110,1,3,0,0
138.5106,-1.0,50,7,3,0,0
138.8298,-1.0,900,1,3,0,0
139.3617,-1.0,10,7,3,0,0
139.4681,-1.0,50,1,3,0,0
139.4681,-1.0,50,4,3,0,0
139.6809,-1.0,10,4,3,0,0
139.7872,-1.0,81,7,3,0,0
139.7872,140.0,101,7,3,0,0
139.7872,-1.0,81,10,3,0,0
139.7872,140.0,101,10,3,0,0
140.0,-1.0,50,4,3,JumpScratch,-3
140.3192,-1.0,50,1,3,JumpScratch,-3
140.3192,-1.0,81,4,3,0,0
140.3192,141.7021,101,4,3,0,0
140.3192,-1.0,81,7,3,0,0
140.3192,141.7021,101,7,3,0,0
140.6383,-1.0,900,4,3,0,0
140.6383,-1.0,900,7,3,0,0
140.9574,-1.0,900,4,3,0,0
140.9574,-1.0,900,7,3,0,0
141.2766,-1.0,900,4,3,0,0
141.2766,-1.0,900,7,3,0,0
141.5957,-1.0,900,4,3,0,0
141.5957,-1.0,900,7,3,0,0
141.9149,-1.0,20,1,3,0,0
142.0213,-1.0,50,4,3,0,0
142.0213,-1.0,50,7,3,0,0
142.2340,-1.0,20,4,3,0,0
142.3404,-1.0,81,7,3,0,0
142.3404,142.5532,101,7,3,0,0
142.3404,-1.0,81,10,3,0,0
142.3404,142.5532,101,10,3,0,0
142.5532,-1.0,50,4,3,JumpScratch,-3
142.8723,-1.0,50,1,3,JumpScratch,-3
142.8723,-1.0,81,4,3,0,0
142.8723,144.2553,101,4,3,0,0
142.8723,-1.0,81,7,3,0,0
142.8723,144.2553,101,7,3,0,0
143.1915,-1.0,900,4,3,0,0
143.1915,-1.0,900,7,3,0,0
143.2979,-1.0,81,1,3,0,0
143.2979,144.2553,101,1,3,0,0
143.5106,-1.0,900,4,3,0,0
143.5106,-1.0,900,7,3,0,0
143.6170,-1.0,900,1,3,0,0
143.8298,-1.0,900,4,3,0,0
143.8298,-1.0,900,7,3,0,0
143.9362,-1.0,900,1,3,0,0
144.1489,-1.0,900,4,3,0,0
144.1489,-1.0,900,7,3,0,0
144.5745,-1.0,81,10,3,0,0
144.5745,146.1702,101,10,3,0,0
144.8936,-1.0,81,7,3,0,0
144.8936,146.1702,101,7,3,0,0
144.8936,-1.0,900,10,3,0,0
145.2128,-1.0,81,4,3,0,0
145.2128,146.1702,101,4,3,0,0
145.2128,-1.0,900,7,3,0,0
145.2128,-1.0,900,10,3,0,0
145.5319,-1.0,900,4,3,0,0
145.5319,-1.0,900,7,3,0,0
145.5319,-1.0,900,10,3,0,0
145.8511,-1.0,900,4,3,0,0
145.8511,-1.0,900,7,3,0,0
145.8511,-1.0,900,10,3,0,0
146.4894,-1.0,81,4,3,0,0
146.4894,146.7021,101,4,3,0,0
146.4894,-1.0,81,7,3,0,0
146.4894,146.7021,101,7,3,0,0
146.7021,-1.0,20,1,3,0,0
146.7021,-1.0,20,10,3,0,0
147.1277,-1.0,83,1,3,0,0
147.1277,148.0851,110,1,3,0,0
147.1277,-1.0,20,4,3,0,0
147.1277,-1.0,20,7,3,0,0
147.1277,-1.0,83,10,3,0,0
147.1277,148.0851,110,10,3,0,0
147.4468,-1.0,900,1,3,0,0
147.4468,-1.0,900,10,3,0,0
147.7660,-1.0,900,1,3,0,0
147.7660,-1.0,900,10,3,0,0
150.6383,-1.0,80,1,2,0,0
150.6383,151.9149,100,1,2,0,0
150.6383,-1.0,80,11,2,0,0
150.6383,151.9149,100,11,2,0,0
150.9574,-1.0,900,1,2,0,0
150.9574,-1.0,900,11,2,0,0
151.2766,-1.0,900,1,2,0,0
151.2766,-1.0,900,11,2,0,0
151.5957,-1.0,900,1,2,0,0
151.5957,-1.0,900,11,2,0,0
153.1915,-1.0,80,1,2,0,0
153.1915,154.4681,100,1,2,0,0
153.1915,-1.0,80,11,2,0,0
153.1915,154.4681,100,11,2,0,0
153.5106,-1.0,900,1,2,0,0
153.5106,-1.0,900,11,2,0,0
153.8298,-1.0,900,1,2,0,0
153.8298,-1.0,900,11,2,0,0
154.1489,-1.0,900,1,2,0,0
154.1489,-1.0,900,11,2,0,0
154.7872,-1.0,10,8,2,0,0
155.1064,-1.0,10,8,2,0,0
155.4255,-1.0,80,6,2,0,0
155.4255,156.3830,100,6,2,0,0
155.7447,-1.0,900,6,2,0,0
156.0638,-1.0,10,4,2,0,0
156.0638,-1.0,900,6,2,0,0
156.3830,-1.0,10,8,2,0,0
156.7021,-1.0,10,4,2,0,0
157.0213,-1.0,80,1,2,0,0
157.0213,157.6596,100,1,2,0,0
157.0213,-1.0,80,11,2,0,0
157.0213,157.6596,100,11,2,0,0
157.3404,-1.0,900,1,2,0,0
157.3404,-1.0,10,8,2,0,0
157.3404,-1.0,900,11,2,0,0
157.6596,-1.0,10,4,2,0,0
157.9787,-1.0,10,6,2,0,0
158.2979,-1.0,80,6,2,0,0
158.2979,158.9362,100,6,2,0,0
158.6170,-1.0,900,6,2,0,0
158.9362,-1.0,82,4,2,0,0
158.9362,159.2553,110,4,2,0,0
158.9362,-1.0,82,8,2,0,0
158.9362,159.2553,110,8,2,0,0
159.8936,-1.0,10,5,2,0,0
159.8936,-1.0,10,8,2,0,0
159.8936,-1.0,10,11,2,0,0
160.5319,-1.0,10,5,2,0,0
160.5319,-1.0,10,8,2,0,0
160.5319,-1.0,10,11,2,0,0
160.8511,-1.0,80,1,2,0,0
160.8511,161.1702,100,1,2,0,0
161.1702,-1.0,80,4,2,0,0
161.1702,161.4894,100,4,2,0,0
161.4894,-1.0,80,7,2,0,0
161.4894,161.8085,100,7,2,0,0
161.8085,-1.0,50,3,2,0,0
162.4468,-1.0,80,8,2,0,0
162.4468,162.7660,100,8,2,0,0
162.7660,-1.0,80,5,2,0,0
162.7660,163.0851,100,5,2,0,0
163.0851,-1.0,80,2,2,0,0
163.0851,163.4043,100,2,2,0,0
163.4043,-1.0,80,7,2,0,0
163.4043,164.0426,100,7,2,0,0
163.4043,-1.0,80,10,2,0,0
163.4043,164.0426,100,10,2,0,0
163.7234,-1.0,900,7,2,0,0
163.7234,-1.0,900,10,2,0,0
164.0426,-1.0,82,2,2,0,0
164.0426,164.3617,110,2,2,JumpScratch,6
164.3617,165.0,110,6,2,0,0
164.6809,-1.0,900,6,2,0,0
165.6383,-1.0,80,1,3,0,0
165.6383,168.5106,100,1,3,0,0
165.9574,-1.0,900,1,3,0,0
166.2766,-1.0,900,1,3,0,0
166.5957,-1.0,900,1,3,0,0
166.5957,168.5106,100,4,3,0,0
166.9149,-1.0,900,1,3,0,0
166.9149,-1.0,900,4,3,0,0
167.2340,-1.0,900,1,3,0,0
167.2340,-1.0,900,4,3,0,0
167.2340,168.5106,100,7,3,0,0
167.5532,-1.0,900,1,3,0,0
167.5532,-1.0,900,4,3,0,0
167.5532,-1.0,900,7,3,0,0
167.8723,-1.0,900,1,3,0,0
167.8723,-1.0,900,4,3,0,0
167.8723,-1.0,900,7,3,0,0
167.8723,168.5106,100,10,3,0,0
168.1915,-1.0,900,1,3,0,0
168.1915,-1.0,900,4,3,0,0
168.1915,-1.0,900,7,3,0,0
168.1915,-1.0,900,10,3,0,0
169.1489,-1.0,50,7,3,0,0
169.7872,-1.0,80,4,3,0,0
169.7872,170.4255,100,4,3,0,0
169.7872,-1.0,80,10,3,0,0
169.7872,170.4255,100,10,3,0,0
170.1064,-1.0,900,4,3,0,0
170.1064,-1.0,900,10,3,0,0
170.4255,-1.0,80,1,3,0,0
170.4255,171.0638,100,1,3,0,0
170.4255,-1.0,82,7,3,0,0
170.4255,171.0638,110,7,3,JumpScratch,5
170.7447,-1.0,900,1,3,0,0
170.7447,-1.0,900,7,3,0,0
171.0638,-1.0,81,4,3,0,0
171.0638,171.5957,101,4,3,0,0
171.3830,-1.0,900,4,3,0,0
171.5957,-1.0,10,1,3,0,0
171.5957,-1.0,10,7,3,0,0
171.7021,-1.0,10,7,3,0,0
172.0213,-1.0,82,4,3,0,0
172.0213,172.2340,110,4,3,JumpScratch,-5
172.0213,-1.0,82,10,3,0,0
172.0213,172.2340,110,10,3,JumpScratch,-5
172.5532,-1.0,80,1,2,0,0
172.5532,173.2979,100,1,2,0,0
172.5532,-1.0,10,6,2,0,0
172.8723,-1.0,900,1,2,0,0
172.9787,-1.0,10,4,2,0,0
172.9787,-1.0,10,8,2,0,0
172.9787,-1.0,10,11,2,0,0
173.1915,-1.0,900,1,2,0,0
173.2979,-1.0,10,3,2,0,0
173.2979,-1.0,10,7,2,0,0
173.2979,-1.0,10,10,2,0,0
173.6170,-1.0,50,2,5,0,0
173.6170,-1.0,81,7,3,0,0
173.6170,174.1489,101,7,3,0,0
173.6170,-1.0,10,11,2,0,0
173.9362,-1.0,900,7,3,0,0
174.1489,-1.0,10,4,3,0,0
174.1489,-1.0,10,10,3,0,0
174.2553,-1.0,10,4,3,0,0
174.5745,-1.0,80,1,3,0,0
174.5745,175.2128,100,1,3,0,0
174.5745,-1.0,80,7,3,0,0
174.5745,175.2128,100,7,3,0,0
174.8936,-1.0,900,1,3,0,0
174.8936,-1.0,900,7,3,0,0
175.5319,-1.0,10,4,3,0,0
175.5319,-1.0,10,8,2,0,0
175.5319,-1.0,10,11,2,0,0
175.8511,-1.0,10,1,3,0,0
175.8511,-1.0,10,6,2,0,0
175.8511,-1.0,10,9,2,0,0
176.1702,-1.0,81,4,3,0,0
176.1702,176.7021,101,4,3,0,0
176.1702,-1.0,50,7,5,0,0
176.4894,-1.0,900,4,3,0,0
176.7021,-1.0,10,1,3,0,0
176.7021,-1.0,10,10,3,0,0
176.8085,-1.0,10,7,3,0,0
177.1277,-1.0,80,4,3,0,0
177.1277,177.3404,100,4,3,0,0
177.1277,-1.0,80,10,3,0,0
177.1277,177.3404,100,10,3,0,0
177.3404,-1.0,10,1,3,0,0
177.3404,-1.0,10,7,3,0,0
177.6596,-1.0,80,1,2,0,0
177.6596,178.4043,100,1,2,0,0
177.6596,-1.0,10,6,2,0,0
177.6596,-1.0,10,9,2,0,0
177.9787,-1.0,900,1,2,0,0
178.0851,-1.0,10,4,2,0,0
178.0851,-1.0,10,8,2,0,0
178.0851,-1.0,10,11,2,0,0
178.2979,-1.0,900,1,2,0,0
178.4043,-1.0,82,5,2,0,0
178.4043,178.7234,110,5,2,JumpScratch,4
178.4043,-1.0,82,9,2,0,0
178.4043,178.7234,110,9,2,JumpScratch,4
178.7234,179.6809,110,7,2,JumpScratch,-4
178.7234,179.6809,110,11,2,JumpScratch,-4
179.0426,-1.0,900,7,2,0,0
179.0426,-1.0,900,11,2,0,0
179.3617,-1.0,82,3,2,0,0
179.3617,179.6809,110,3,2,JumpScratch,-4
179.3617,-1.0,900,7,2,0,0
179.3617,-1.0,900,11,2,0,0
179.6809,180.6383,110,1,2,0,0
179.6809,180.6383,110,5,2,0,0
180.0,-1.0,900,1,2,0,0
180.0,-1.0,900,5,2,0,0
180.3191,-1.0,900,1,2,0,0
180.3191,-1.0,900,5,2,0,0
180.9574,-1.0,10,7,3,0,0
181.2766,-1.0,50,3,4,0,0
181.2766,-1.0,81,10,3,0,0
181.2766,181.9149,101,10,3,0,0
181.5957,-1.0,900,10,3,0,0
181.9149,-1.0,82,1,3,0,0
181.9149,182.1277,110,1,3,JumpScratch,4
181.9149,-1.0,82,5,3,0,0
181.9149,182.1277,110,5,3,JumpScratch,4
182.4468,-1.0,50,2,3,0,0
182.4468,-1.0,81,7,2,0,0
182.4468,183.1915,101,7,2,0,0
182.4468,-1.0,81,10,3,0,0
182.4468,183.5106,101,10,3,0,0
182.7660,-1.0,900,7,2,0,0
182.7660,-1.0,900,10,3,0,0
183.0851,-1.0,900,7,2,0,0
183.0851,-1.0,900,10,3,0,0
183.1915,-1.0,10,1,2,0,0
183.1915,-1.0,10,4,2,0,0
183.4043,-1.0,900,10,3,0,0
183.5106,-1.0,10,3,2,0,0
183.5106,-1.0,10,6,2,0,0
183.8298,-1.0,20,1,3,0,0
183.8298,-1.0,20,5,3,0,0
184.1489,-1.0,20,1,3,0,0
184.1489,-1.0,20,5,3,0,0
184.4681,-1.0,82,6,3,0,0
184.4681,184.6809,110,6,3,JumpScratch,-4
184.4681,-1.0,82,10,3,0,0
184.4681,184.6809,110,10,3,JumpScratch,-4
185.0,-1.0,81,1,3,0,0
185.0,186.0638,101,1,3,0,0
185.0,-1.0,81,5,2,0,0
185.0,185.7447,101,5,2,0,0
185.0,-1.0,50,9,3,0,0
185.3192,-1.0,900,1,3,0,0
185.3192,-1.0,900,5,2,0,0
185.6383,-1.0,900,1,3,0,0
185.6383,-1.0,900,5,2,0,0
185.7447,-1.0,10,8,3,0,0
185.9574,-1.0,900,1,3,0,0
186.0638,-1.0,10,5,3,0,0
186.3830,-1.0,50,3,3,0,0
186.3830,-1.0,83,8,2,0,0
186.3830,186.9149,110,8,2,JumpScratch,-3
186.3830,-1.0,83,11,2,0,0
186.3830,186.9149,110,11,2,JumpScratch,-3
186.7021,-1.0,900,8,2,0,0
186.7021,-1.0,900,11,2,0,0
186.9149,187.0213,110,7,2,JumpScratch,4
187.0213,-1.0,83,1,2,0,0
187.0213,187.3404,110,1,2,JumpScratch,3
187.0213,-1.0,83,4,2,0,0
187.0213,187.3404,110,4,2,JumpScratch,3
187.5532,-1.0,50,7,3,0,0
187.5532,-1.0,50,10,3,0,0
187.8723,-1.0,80,4,2,0,0
187.8723,188.2979,100,4,2,0,0
187.8723,-1.0,80,8,2,0,0
187.8723,188.2979,100,8,2,0,0
188.1915,-1.0,900,4,2,0,0
188.1915,-1.0,900,8,2,0,0
188.2979,-1.0,80,1,2,0,0
188.2979,188.6170,100,1,2,0,0
188.2979,-1.0,80,11,2,0,0
188.2979,188.6170,100,11,2,0,0
188.6170,-1.0,10,4,3,0,0
188.6170,-1.0,10,7,3,0,0
188.9362,-1.0,83,6,2,0,0
188.9362,191.4894,110,6,2,0,0
189.2553,-1.0,900,6,2,0,0
189.4681,-1.0,83,1,3,0,0
189.4681,189.8936,110,1,3,JumpScratch,4
189.4681,-1.0,83,10,3,0,0
189.4681,189.8936,110,10,3,JumpScratch,-4
189.5745,-1.0,900,6,2,0,0
189.7872,-1.0,900,1,3,0,0
189.7872,-1.0,900,10,3,0,0
189.8936,191.4894,110,3,2,0,0
189.8936,-1.0,900,6,2,0,0
189.8936,191.4894,110,9,2,0,0
190.2128,-1.0,900,3,2,0,0
190.2128,-1.0,900,6,2,0,0
190.2128,-1.0,900,9,2,0,0
190.5319,-1.0,900,3,2,0,0
190.5319,-1.0,900,6,2,0,0
190.5319,-1.0,900,9,2,0,0
190.8511,-1.0,900,3,2,0,0
190.8511,-1.0,900,6,2,0,0
190.8511,-1.0,900,9,2,0,0
191.1702,-1.0,900,3,2,0,0
191.1702,-1.0,900,6,2,0,0
191.1702,-1.0,900,9,2,0,0
195.0,-1.0,10,9,2,0,0
195.3191,-1.0,10,2,2,0,0
195.3191,-1.0,10,5,2,0,0
195.3191,-1.0,10,11,2,0,0
195.6383,-1.0,10,8,2,0,0
195.9574,-1.0,10,1,2,0,0
195.9574,-1.0,10,4,2,0,0
195.9574,-1.0,10,10,2,0,0
196.2766,-1.0,82,7,2,0,0
196.2766,196.4894,110,7,2,JumpScratch,-4
196.4894,-1.0,82,1,2,0,0
196.4894,196.9149,110,1,2,JumpScratch,4
196.4894,196.9149,110,5,2,JumpScratch,4
196.8085,-1.0,900,1,2,0,0
196.8085,-1.0,900,5,2,0,0
196.8085,-1.0,82,9,2,0,0
196.8085,196.9149,110,9,2,JumpScratch,4
196.9149,199.1489,110,3,2,0,0
196.9149,199.1489,110,7,2,0,0
196.9149,199.1489,110,11,2,0,0
197.2340,-1.0,900,3,2,0,0
197.2340,-1.0,900,7,2,0,0
197.2340,-1.0,900,11,2,0,0
197.5532,-1.0,900,3,2,0,0
197.5532,-1.0,900,7,2,0,0
197.5532,-1.0,900,11,2,0,0
197.8723,-1.0,900,3,2,0,0
197.8723,-1.0,900,7,2,0,0
197.8723,-1.0,900,11,2,0,0
198.1915,-1.0,900,3,2,0,0
198.1915,-1.0,900,7,2,0,0
198.1915,-1.0,900,11,2,0,0
198.5106,-1.0,900,3,2,0,0
198.5106,-1.0,900,7,2,0,0
198.5106,-1.0,900,11,2,0,0
198.8298,-1.0,900,3,2,0,0
198.8298,-1.0,900,7,2,0,0
198.8298,-1.0,900,11,2,0,0
200.7447,-1.0,10,4,2,0,0
201.0638,-1.0,10,2,2,0,0
201.0638,-1.0,10,8,2,0,0
201.0638,-1.0,10,11,2,0,0
201.3830,-1.0,82,5,2,0,0
201.3830,201.5957,110,5,2,JumpScratch,-4
201.5957,202.0213,110,3,2,JumpScratch,4
201.5957,-1.0,82,7,2,0,0
201.5957,202.0213,110,7,2,JumpScratch,4
201.9149,-1.0,900,3,2,0,0
201.9149,-1.0,900,7,2,0,0
202.0213,204.2553,110,5,2,0,0
202.0213,204.2553,110,9,2,0,0
202.3404,-1.0,900,5,2,0,0
202.3404,-1.0,900,9,2,0,0
202.6596,-1.0,900,5,2,0,0
202.6596,-1.0,900,9,2,0,0
202.9787,-1.0,900,5,2,0,0
202.9787,-1.0,900,9,2,0,0
203.2979,-1.0,900,5,2,0,0
203.2979,-1.0,900,9,2,0,0
203.6170,-1.0,900,5,2,0,0
203.6170,-1.0,900,9,2,0,0
203.9362,-1.0,900,5,2,0,0
203.9362,-1.0,900,9,2,0,0
206.0638,-1.0,10,8,2,0,0
206.1702,-1.0,10,1,2,0,0
206.1702,-1.0,10,4,2,0,0
206.1702,-1.0,10,11,2,0,0
206.3830,-1.0,10,7,2,0,0
206.7021,-1.0,82,11,2,0,0
206.7021,207.0213,110,11,2,JumpScratch,-4
207.0213,207.1277,110,9,2,JumpScratch,-4
207.1277,208.7234,110,7,2,0,0
207.4468,-1.0,900,7,2,0,0
207.7660,-1.0,900,7,2,0,0
208.0851,-1.0,900,7,2,0,0
208.4043,-1.0,900,7,2,0,0
209.3617,-1.0,10,5,2,0,0
209.4016,-1.0,80,10,2,0,0
209.4016,209.8936,100,10,2,0,0
209.7207,-1.0,900,10,2,0,0
209.8936,-1.0,10,2,2,0,0
210.0,-1.0,10,5,2,0,0
210.2128,-1.0,10,1,2,0,0
210.2128,-1.0,10,8,2,0,0
210.5319,-1.0,10,1,2,0,0
210.5319,-1.0,10,8,2,0,0
210.9574,-1.0,10,7,2,0,0
210.9973,-1.0,80,1,2,0,0
210.9973,211.2766,100,1,2,0,0
211.2766,-1.0,10,9,2,0,0
211.4894,-1.0,10,3,2,0,0
211.5957,-1.0,10,6,2,0,0