0.8571,-1.0,80,1,4,0,0
0.8571,2.0,100,1,4,0,0
53.4286,68.2857,0,0,0,14,4020
1.1429,-1.0,900,1,4,0,0
96.8571,112.2857,0,0,0,14,4020
1.4286,-1.0,900,1,4,0,0
1.7143,-1.0,900,1,4,0,0
3.1429,-1.0,80,7,4,0,0
3.1429,4.2857,100,7,4,0,0
3.4286,-1.0,900,7,4,0,0
3.7143,-1.0,900,7,4,0,0
4.0,-1.0,900,7,4,0,0
5.4286,-1.0,80,3,4,0,0
5.4286,6.5714,100,3,4,0,0
5.7143,-1.0,900,3,4,0,0
6.0,-1.0,900,3,4,0,0
6.2857,-1.0,900,3,4,0,0
7.7143,-1.0,10,9,4,0,0
8.2857,-1.0,10,3,4,0,0
8.8571,-1.0,10,9,4,0,0
10.0,-1.0,80,1,4,0,0
10.0,11.1429,100,1,4,0,0
10.2857,-1.0,900,1,4,0,0
10.5714,-1.0,900,1,4,0,0
10.5714,-1.0,30,1,4,0,0
10.8571,-1.0,900,1,4,0,0
12.2857,-1.0,10,7,4,0,0
12.8571,-1.0,10,1,4,0,0
13.4286,-1.0,10,7,4,0,0
14.5714,-1.0,80,3,4,0,0
14.5714,15.7143,100,3,4,0,0
14.8571,-1.0,900,3,4,0,0
15.1429,-1.0,900,3,4,0,0
15.1429,-1.0,30,3,4,0,0
15.4286,-1.0,900,3,4,0,0
16.8571,-1.0,80,9,4,0,0
16.8571,19.1429,100,9,4,0,0
17.1429,-1.0,900,9,4,0,0
17.4286,-1.0,900,9,4,0,0
17.7143,-1.0,900,9,4,0,0
18.0,-1.0,900,9,4,0,0
18.2857,-1.0,900,9,4,0,0
18.5714,-1.0,900,9,4,0,0
18.8571,-1.0,900,9,4,0,0
21.4286,-1.0,80,1,4,0,0
21.4286,23.7143,100,1,4,0,0
21.7143,-1.0,900,1,4,0,0
22.0,-1.0,900,1,4,0,0
22.2857,-1.0,900,1,4,0,0
22.5714,-1.0,900,1,4,0,0
22.8571,-1.0,900,1,4,0,0
23.1429,-1.0,900,1,4,0,0
23.4286,-1.0,900,1,4,0,0
26.0,-1.0,80,9,4,0,0
26.0,27.1429,100,9,4,0,0
26.2857,-1.0,900,9,4,0,0
26.5714,-1.0,900,9,4,0,0
26.8571,-1.0,900,9,4,0,0
28.2857,-1.0,10,1,4,0,0
28.8571,-1.0,10,7,4,0,0
29.4286,-1.0,10,1,4,0,0
30.5714,-1.0,80,7,4,0,0
30.5714,31.7143,100,7,4,0,0
30.8571,-1.0,900,7,4,0,0
31.1429,-1.0,900,7,4,0,0
31.4286,-1.0,900,7,4,0,0
32.8571,-1.0,10,3,4,0,0
35.1429,-1.0,10,9,4,0,0
35.7143,-1.0,10,3,4,0,0
37.4286,-1.0,10,7,4,0,0
38.0,-1.0,10,1,4,0,0
39.7143,-1.0,80,9,4,0,0
39.7143,41.4286,100,9,4,0,0
40.0,-1.0,900,9,4,0,0
40.2857,-1.0,900,9,4,0,0
40.2857,-1.0,30,9,4,0,0
40.5714,-1.0,900,9,4,0,0
40.8571,-1.0,900,9,4,0,0
40.8571,-1.0,30,9,4,0,0
41.1429,-1.0,900,9,4,0,0
42.0,-1.0,80,1,4,0,0
42.0,43.1429,100,1,4,0,0
42.2857,-1.0,900,1,4,0,0
42.5714,-1.0,900,1,4,0,0
42.5714,-1.0,30,1,4,0,0
42.8571,-1.0,900,1,4,0,0
44.2857,-1.0,10,9,4,0,0
44.8571,-1.0,10,3,4,0,0
45.4286,-1.0,10,9,4,0,0
46.0,-1.0,10,3,4,0,0
46.5714,-1.0,10,7,4,0,0
47.1429,-1.0,10,1,4,0,0
47.7143,-1.0,10,7,4,0,0
48.2857,-1.0,10,1,4,0,0
48.8571,-1.0,80,9,4,0,0
48.8571,51.1429,100,9,4,0,0
49.1429,-1.0,900,9,4,0,0
49.4286,-1.0,900,9,4,0,0
49.4286,-1.0,30,9,4,0,0
49.7143,-1.0,900,9,4,0,0
50.0,-1.0,900,9,4,0,0
50.0,-1.0,30,9,4,0,0
50.2857,-1.0,900,9,4,0,0
50.5714,-1.0,900,9,4,0,0
50.5714,-1.0,30,9,4,0,0
50.8571,-1.0,900,9,4,0,0
53.4286,-1.0,20,10,3,0,0
54.0,-1.0,10,4,3,0,0
54.5714,-1.0,10,10,3,0,0
55.7143,-1.0,10,1,3,0,0
56.2857,-1.0,10,7,3,0,0
56.8571,-1.0,10,1,3,0,0
58.0,-1.0,20,10,3,0,0
58.5714,-1.0,10,4,3,0,0
59.1429,-1.0,10,10,3,0,0
59.7143,-1.0,10,4,3,0,0
60.2857,-1.0,81,7,3,0,0
60.2857,62.0,101,7,3,0,0
60.5714,-1.0,900,7,3,0,0
60.8571,-1.0,900,7,3,0,0
60.8571,-1.0,30,7,3,0,0
61.1429,-1.0,900,7,3,0,0
61.4286,-1.0,900,7,3,0,0
61.4286,-1.0,30,7,3,0,0
61.7143,-1.0,900,7,3,0,0
62.5714,-1.0,20,4,3,0,0
63.1429,-1.0,10,10,3,0,0
63.7143,-1.0,10,4,3,0,0
64.8571,-1.0,10,7,3,0,0
65.4286,-1.0,10,1,3,0,0
66.0,-1.0,10,7,3,0,0
67.1429,-1.0,20,4,3,0,0
67.7143,-1.0,20,7,3,0,0
68.2857,-1.0,20,4,3,0,0
69.4286,-1.0,10,1,3,0,0
70.5714,-1.0,10,7,3,0,0
71.7143,-1.0,80,3,4,0,0
71.7143,72.8571,100,3,4,0,0
72.0,-1.0,900,3,4,0,0
72.2857,-1.0,900,3,4,0,0
72.5714,-1.0,900,3,4,0,0
74.0,-1.0,10,9,4,0,0
75.1429,-1.0,10,3,4,0,0
76.2857,-1.0,80,7,4,0,0
76.2857,77.4286,100,7,4,0,0
76.5714,-1.0,900,7,4,0,0
76.8571,-1.0,900,7,4,0,0
77.1429,-1.0,900,7,4,0,0
78.5714,-1.0,10,1,4,0,0
79.7143,-1.0,10,7,4,0,0
80.8571,-1.0,10,1,4,0,0
82.0,-1.0,10,7,4,0,0
83.1429,-1.0,10,3,4,0,0
84.2857,-1.0,10,9,4,0,0
85.4286,-1.0,80,3,4,0,0
85.4286,86.5714,100,3,4,0,0
85.7143,-1.0,900,3,4,0,0
86.0,-1.0,900,3,4,0,0
86.2857,-1.0,900,3,4,0,0
87.7143,-1.0,80,7,4,0,0
87.7143,90.0,100,7,4,0,0
88.0,-1.0,900,7,4,0,0
88.2857,-1.0,900,7,4,0,0
88.5714,-1.0,900,7,4,0,0
88.8571,-1.0,900,7,4,0,0
89.1429,-1.0,900,7,4,0,0
89.4286,-1.0,900,7,4,0,0
89.7143,-1.0,900,7,4,0,0
92.2857,-1.0,10,1,4,0,0
93.4286,-1.0,10,9,4,0,0
94.5714,-1.0,10,5,4,0,0
96.8571,-1.0,10,10,3,0,0
97.4286,-1.0,20,4,3,0,0
98.0,-1.0,10,7,3,0,0
99.1429,-1.0,10,1,3,0,0
99.7143,-1.0,10,7,3,0,0
100.2857,-1.0,10,4,3,0,0
101.4286,-1.0,20,10,3,0,0
102.0,-1.0,10,4,3,0,0
102.5714,-1.0,10,7,3,0,0
103.1429,-1.0,10,1,3,0,0
103.7143,-1.0,81,10,3,0,0
103.7143,104.8571,101,10,3,0,0
104.0,-1.0,900,10,3,0,0
104.2857,-1.0,900,10,3,0,0
104.2857,-1.0,30,10,3,0,0
104.5714,-1.0,900,10,3,0,0
106.0,-1.0,20,7,3,0,0
106.5714,-1.0,10,4,3,0,0
107.1429,-1.0,10,10,3,0,0
108.2857,-1.0,10,4,3,0,0
108.8571,-1.0,10,7,3,0,0
109.4286,-1.0,10,1,3,0,0
110.5714,-1.0,81,7,3,0,0
110.5714,111.7143,101,7,3,0,0
110.8571,-1.0,900,7,3,0,0
111.1429,-1.0,900,7,3,0,0
111.1429,-1.0,30,7,3,0,0
111.4286,-1.0,900,7,3,0,0
112.8571,-1.0,80,1,3,0,0
112.8571,115.1429,100,1,3,0,0
113.1429,-1.0,900,1,3,0,0
113.4286,-1.0,900,1,3,0,0
113.7143,-1.0,900,1,3,0,0
114.0,-1.0,900,1,3,0,0
114.2857,-1.0,900,1,3,0,0
114.5714,-1.0,900,1,3,0,0
114.8571,-1.0,900,1,3,0,0
117.4286,-1.0,10,3,4,0,0
118.0,-1.0,10,7,4,0,0
118.5714,-1.0,10,3,4,0,0
119.7143,-1.0,80,9,4,0,0
119.7143,120.8571,100,9,4,0,0
120.0,-1.0,900,9,4,0,0
120.2857,-1.0,900,9,4,0,0
120.2857,-1.0,30,9,4,0,0
120.5714,-1.0,900,9,4,0,0
122.0,-1.0,80,1,4,0,0
122.0,123.1429,100,1,4,0,0
122.2857,-1.0,900,1,4,0,0
122.5714,-1.0,900,1,4,0,0
122.8571,-1.0,900,1,4,0,0
124.2857,-1.0,80,7,4,0,0
124.2857,125.4286,100,7,4,0,0
124.5714,-1.0,900,7,4,0,0
124.8571,-1.0,900,7,4,0,0
125.1429,-1.0,900,7,4,0,0
126.5714,-1.0,80,3,4,0,0
126.5714,127.7143,100,3,4,0,0
126.8571,-1.0,900,3,4,0,0
127.1429,-1.0,900,3,4,0,0
127.4286,-1.0,900,3,4,0,0
128.8571,-1.0,80,9,4,0,0
128.8571,135.7143,100,9,4,0,0
129.1429,-1.0,900,9,4,0,0
129.4286,-1.0,900,9,4,0,0
129.7143,-1.0,900,9,4,0,0
129.7143,-1.0,30,9,4,0,0
130.0,-1.0,900,9,4,0,0
130.2857,-1.0,900,9,4,0,0
130.5714,-1.0,900,9,4,0,0
130.8571,-1.0,900,9,4,0,0
131.1429,-1.0,900,9,4,0,0
131.4286,-1.0,900,9,4,0,0
131.7143,-1.0,900,9,4,0,0
132.0,-1.0,900,9,4,0,0
132.2857,-1.0,900,9,4,0,0
132.5714,-1.0,900,9,4,0,0
132.8571,-1.0,900,9,4,0,0
133.1429,-1.0,900,9,4,0,0
133.4286,-1.0,900,9,4,0,0
133.7143,-1.0,900,9,4,0,0
134.0,-1.0,900,9,4,0,0
134.2857,-1.0,900,9,4,0,0
134.5714,-1.0,900,9,4,0,0
134.8571,-1.0,900,9,4,0,0
135.1429,-1.0,900,9,4,0,0
135.4286,-1.0,900,9,4,0,0