0.8451,-1.0,80,10,3,0,0
0.8451,1.2676,100,10,3,0,0
7.6056,13.3099,0,0,0,14,11040
1.0563,-1.0,900,10,3,0,0
70.9859,77.3239,0,0,0,14,11040
1.6901,-1.0,80,4,3,0,0
1.6901,2.1127,100,4,3,0,0
114.0282,114.0282,0,0,0,36,11041
1.9014,-1.0,900,4,3,0,0
2.5352,-1.0,80,7,3,0,0
2.5352,2.9577,100,7,3,0,0
2.7465,-1.0,900,7,3,0,0
3.3803,-1.0,80,1,3,0,0
3.3803,3.8028,100,1,3,0,0
3.5915,-1.0,900,1,3,0,0
4.2254,-1.0,80,10,3,0,0
4.2254,4.6479,100,10,3,0,0
4.4366,-1.0,900,10,3,0,0
5.0704,-1.0,10,4,3,0,0
5.4930,-1.0,10,7,3,0,0
5.9155,-1.0,82,1,3,0,0
5.9155,6.7606,110,1,3,0,0
6.1268,-1.0,900,1,3,0,0
6.3380,-1.0,900,1,3,0,0
6.5493,-1.0,900,1,3,0,0
7.6056,-1.0,10,10,3,0,0
8.0282,-1.0,10,4,3,0,0
8.4507,-1.0,81,7,3,0,0
8.4507,9.0845,101,7,3,0,0
8.6620,-1.0,900,7,3,0,0
8.6620,-1.0,30,7,3,0,0
8.8732,-1.0,900,7,3,0,0
8.8732,-1.0,30,7,3,0,0
9.5070,-1.0,10,1,3,0,0
9.7183,-1.0,10,7,3,0,0
10.1408,-1.0,83,4,3,0,0
10.1408,10.5634,110,4,3,0,0
10.3521,-1.0,900,4,3,0,0
10.3521,-1.0,31,4,3,0,0
10.9859,-1.0,10,10,3,0,0
11.4085,-1.0,10,4,3,0,0
11.8310,-1.0,83,7,3,0,0
11.8310,12.4648,110,7,3,0,0
12.0423,-1.0,900,7,3,0,0
12.0423,-1.0,31,7,3,0,0
12.2535,-1.0,900,7,3,0,0
12.2535,-1.0,31,7,3,0,0
13.3099,-1.0,10,1,3,0,0
14.3662,-1.0,10,10,3,0,0
14.7887,-1.0,10,4,3,0,0
15.2113,-1.0,10,7,3,0,0
15.6338,-1.0,10,1,3,0,0
16.0563,-1.0,80,10,3,0,0
16.0563,16.6901,100,10,3,0,0
16.2676,-1.0,900,10,3,0,0
16.2676,-1.0,30,10,3,0,0
16.4789,-1.0,900,10,3,0,0
16.4789,-1.0,30,10,3,0,0
17.3239,-1.0,10,4,3,0,0
17.5352,-1.0,10,10,3,0,0
18.1690,-1.0,10,1,3,0,0
18.3803,-1.0,10,7,3,0,0
18.8028,-1.0,10,4,3,0,0
19.0141,-1.0,10,10,3,0,0
19.2254,-1.0,80,4,3,0,0
19.2254,19.6479,100,4,3,0,0
19.4366,-1.0,900,4,3,0,0
19.6479,-1.0,10,10,3,0,0
19.8592,-1.0,10,4,3,0,0
20.2817,-1.0,82,7,3,0,0
20.2817,20.7042,110,7,3,0,0
20.4930,-1.0,900,7,3,0,0
21.3380,-1.0,80,1,3,0,0
21.3380,21.7606,100,1,3,0,0
21.5493,-1.0,900,1,3,0,0
21.5493,-1.0,30,1,3,0,0
22.1831,-1.0,80,7,3,0,0
22.1831,22.6056,100,7,3,0,0
22.3944,-1.0,900,7,3,0,0
22.3944,-1.0,30,7,3,0,0
23.0282,-1.0,80,4,3,0,0
23.0282,24.0845,100,4,3,0,0
23.2394,-1.0,900,4,3,0,0
23.2394,-1.0,30,4,3,0,0
23.4507,-1.0,900,4,3,0,0
23.4507,-1.0,30,4,3,0,0
23.6620,-1.0,900,4,3,0,0
23.8732,-1.0,900,4,3,0,0
24.5070,-1.0,10,10,3,0,0
24.9296,-1.0,10,1,3,0,0
25.1408,-1.0,10,7,3,0,0
25.5634,-1.0,10,4,3,0,0
25.9859,-1.0,82,7,3,0,0
25.9859,26.6197,110,7,3,JumpScratch,6
26.1972,-1.0,900,7,3,0,0
26.4085,-1.0,900,7,3,0,0
26.4085,-1.0,31,7,3,0,0
26.6197,27.0423,110,10,3,JumpScratch,-6
26.8310,-1.0,900,10,3,0,0
27.8873,-1.0,10,1,3,0,0
28.3099,-1.0,10,7,3,0,0
28.7324,-1.0,10,4,3,0,0
29.1549,-1.0,10,10,3,0,0
29.5775,-1.0,80,1,3,0,0
29.5775,30.2113,100,1,3,0,0
29.7887,-1.0,900,1,3,0,0
29.7887,-1.0,30,1,3,0,0
30.0,-1.0,900,1,3,0,0
30.0,-1.0,30,1,3,0,0
30.8451,-1.0,10,7,3,0,0
31.0563,-1.0,10,1,3,0,0
31.6901,-1.0,10,10,3,0,0
31.9014,-1.0,10,4,3,0,0
32.3239,-1.0,10,7,3,0,0
32.5352,-1.0,10,1,3,0,0
32.7465,-1.0,80,7,3,0,0
32.7465,33.1690,100,7,3,0,0
32.9577,-1.0,900,7,3,0,0
33.1690,-1.0,10,1,3,0,0
33.3803,-1.0,10,7,3,0,0
33.8028,-1.0,82,4,3,0,0
33.8028,34.2254,110,4,3,0,0
34.0141,-1.0,900,4,3,0,0
34.8592,-1.0,10,7,3,0,0
35.0704,-1.0,82,1,3,0,0
35.0704,35.3873,110,1,3,0,0
35.2817,-1.0,900,1,3,0,0
35.7042,-1.0,10,7,3,0,0
35.9155,-1.0,10,1,3,0,0
36.3380,-1.0,10,10,3,0,0
36.5493,-1.0,10,4,3,0,0
36.7606,-1.0,10,10,3,0,0
36.9718,-1.0,80,4,3,0,0
36.9718,37.6056,100,4,3,0,0
37.1831,-1.0,900,4,3,0,0
37.3944,-1.0,900,4,3,0,0
38.0282,-1.0,10,10,3,0,0
38.4507,-1.0,10,1,3,0,0
38.6620,-1.0,80,7,3,0,0
38.6620,39.2958,100,7,3,0,0
38.8732,-1.0,900,7,3,0,0
39.0845,-1.0,900,7,3,0,0
39.5070,-1.0,80,1,3,0,0
39.5070,39.9296,100,1,3,0,0
39.7183,-1.0,900,1,3,0,0
39.9296,-1.0,10,10,3,0,0
40.1408,-1.0,10,4,3,0,0
40.5634,-1.0,10,7,3,0,0
40.9859,-1.0,50,3,4,0,0
41.4085,-1.0,82,10,3,0,0
41.4085,42.0423,110,10,3,JumpScratch,-6
41.6197,-1.0,900,10,3,0,0
41.8310,-1.0,900,10,3,0,0
41.8310,-1.0,31,10,3,0,0
42.0423,42.8873,110,7,3,JumpScratch,6
42.2535,-1.0,900,7,3,0,0
42.4648,-1.0,900,7,3,0,0
42.4648,-1.0,31,7,3,0,0
42.6761,-1.0,900,7,3,0,0
42.6761,-1.0,31,7,3,0,0
42.8873,43.5211,110,10,3,0,0
43.0986,-1.0,900,10,3,0,0
43.3099,-1.0,900,10,3,0,0
43.3099,-1.0,31,10,3,0,0
43.9437,-1.0,10,4,3,0,0
44.3662,-1.0,10,7,3,0,0
44.7887,-1.0,82,1,3,0,0
44.7887,45.4225,110,1,3,JumpScratch,6
45.0,-1.0,900,1,3,0,0
45.0,-1.0,31,1,3,0,0
45.2113,-1.0,900,1,3,0,0
45.2113,-1.0,31,1,3,0,0
45.4225,46.2676,110,4,3,JumpScratch,-6
45.6338,-1.0,900,4,3,0,0
45.8451,-1.0,900,4,3,0,0
45.8451,-1.0,31,4,3,0,0
46.0563,-1.0,900,4,3,0,0
46.0563,-1.0,31,4,3,0,0
46.2676,47.1127,110,1,3,JumpScratch,6
46.4789,-1.0,900,1,3,0,0
46.6901,-1.0,900,1,3,0,0
46.6901,-1.0,31,1,3,0,0
46.9014,-1.0,900,1,3,0,0
46.9014,-1.0,31,1,3,0,0
47.1127,47.7465,110,4,3,0,0
47.3239,-1.0,900,4,3,0,0
47.5352,-1.0,900,4,3,0,0
47.5352,-1.0,31,4,3,0,0
48.1690,-1.0,20,8,4,0,0
48.3803,-1.0,20,2,4,0,0
48.5915,-1.0,20,8,4,0,0
49.0141,-1.0,10,1,3,0,0
49.2254,-1.0,10,7,3,0,0
49.4366,-1.0,10,2,3,0,0
49.6479,-1.0,80,8,3,0,0
49.6479,50.0704,100,8,3,0,0
49.8592,-1.0,900,8,3,0,0
50.0704,-1.0,10,3,3,0,0
50.2817,-1.0,10,9,3,0,0
50.4930,-1.0,80,4,3,0,0
50.4930,50.9155,100,4,3,0,0
50.7042,-1.0,900,4,3,0,0
50.9155,-1.0,10,10,3,0,0
51.1268,-1.0,10,4,3,0,0
51.3380,-1.0,10,10,3,0,0
51.9718,-1.0,20,1,4,0,0
51.9718,-1.0,20,7,4,0,0
52.6056,-1.0,20,1,4,0,0
52.6056,-1.0,20,7,4,0,0
53.2394,-1.0,20,3,4,0,0
53.2394,-1.0,20,9,4,0,0
53.8732,-1.0,20,3,4,0,0
53.8732,-1.0,20,9,4,0,0
54.5070,-1.0,83,1,4,0,0
54.5070,55.7746,110,1,4,0,0
54.5070,-1.0,83,7,4,0,0
54.5070,55.7746,110,7,4,0,0
54.7183,-1.0,900,1,4,0,0
54.7183,-1.0,900,7,4,0,0
54.9296,-1.0,900,1,4,0,0
54.9296,-1.0,900,7,4,0,0
55.1408,-1.0,900,1,4,0,0
55.1408,-1.0,900,7,4,0,0
55.3521,-1.0,900,1,4,0,0
55.3521,-1.0,900,7,4,0,0
55.5634,-1.0,900,1,4,0,0
55.5634,-1.0,900,7,4,0,0
57.4648,-1.0,10,10,3,0,0
57.8873,-1.0,10,4,3,0,0
58.3099,-1.0,10,7,3,0,0
58.5211,-1.0,10,1,3,0,0
58.7324,-1.0,10,7,3,0,0
59.1549,-1.0,83,4,3,0,0
59.1549,59.4718,110,4,3,JumpScratch,-6
59.3662,-1.0,900,4,3,0,0
59.4718,59.7887,110,1,3,JumpScratch,6
59.6831,-1.0,900,1,3,0,0
59.7887,60.0,110,4,3,JumpScratch,-6
60.0,60.4225,110,1,3,0,0
60.2113,-1.0,900,1,3,0,0
60.8451,-1.0,10,7,3,0,0
61.2676,-1.0,10,1,3,0,0
61.6901,-1.0,10,10,3,0,0
61.9014,-1.0,10,4,3,0,0
62.1127,-1.0,10,10,3,0,0
62.5352,-1.0,83,1,3,0,0
62.5352,62.8521,110,1,3,JumpScratch,6
62.7465,-1.0,900,1,3,0,0
62.8521,63.1690,110,4,3,JumpScratch,-6
63.0634,-1.0,900,4,3,0,0
63.1690,63.3803,110,1,3,JumpScratch,6
63.8028,-1.0,10,7,3,0,0
64.2254,-1.0,10,4,3,0,0
64.5423,-1.0,10,10,3,0,0
64.8592,-1.0,10,4,3,0,0
65.0704,-1.0,82,10,3,0,0
65.0704,65.4930,110,10,3,0,0
65.2817,-1.0,900,10,3,0,0
65.9155,-1.0,10,1,3,0,0
66.2324,-1.0,10,7,3,0,0
66.5493,-1.0,10,1,3,0,0
66.7606,-1.0,82,7,3,0,0
66.7606,67.1831,110,7,3,0,0
66.9718,-1.0,900,7,3,0,0
67.6056,-1.0,80,4,3,0,0
67.6056,68.0282,100,4,3,0,0
67.8169,-1.0,900,4,3,0,0
68.4507,-1.0,80,7,3,0,0
68.4507,68.8732,100,7,3,0,0
68.6620,-1.0,900,7,3,0,0
69.2958,-1.0,10,1,3,0,0
69.6127,-1.0,10,7,3,0,0
69.9296,-1.0,10,4,3,0,0
70.1408,-1.0,82,10,3,0,0
70.1408,70.5634,110,10,3,0,0
70.3521,-1.0,900,10,3,0,0
70.9859,-1.0,10,1,3,0,0
71.4085,-1.0,10,7,3,0,0
71.8310,-1.0,10,4,3,0,0
72.0423,-1.0,10,10,3,0,0
72.2535,-1.0,10,4,3,0,0
72.6761,-1.0,20,7,3,0,0
72.9930,-1.0,20,1,3,0,0
73.3099,-1.0,20,7,3,0,0
73.5211,-1.0,83,1,3,0,0
73.5211,73.9437,110,1,3,0,0
73.7324,-1.0,900,1,3,0,0
74.3662,-1.0,10,10,3,0,0
74.7887,-1.0,10,4,3,0,0
75.2113,-1.0,10,7,3,0,0
75.4225,-1.0,10,1,3,0,0
75.6338,-1.0,10,7,3,0,0
76.0563,-1.0,20,4,3,0,0
76.3732,-1.0,20,10,3,0,0
76.6901,-1.0,20,4,3,0,0
76.9014,-1.0,20,10,3,0,0
77.3239,-1.0,10,4,3,0,0
77.7465,-1.0,81,10,3,0,0
77.7465,78.1690,101,10,3,0,0
77.9577,-1.0,900,10,3,0,0
78.5915,-1.0,81,4,3,0,0
78.5915,79.0141,101,4,3,0,0
78.8028,-1.0,900,4,3,0,0
79.4366,-1.0,81,7,3,0,0
79.4366,79.8592,101,7,3,0,0
79.6479,-1.0,900,7,3,0,0
80.2817,-1.0,81,1,3,0,0
80.2817,80.7042,101,1,3,0,0
80.4930,-1.0,900,1,3,0,0
81.1268,-1.0,83,10,3,0,0
81.1268,81.7606,110,10,3,JumpScratch,-6
81.3380,-1.0,900,10,3,0,0
81.5493,-1.0,900,10,3,0,0
81.7606,81.9718,110,7,3,JumpScratch,6
81.9718,82.8169,110,10,3,0,0
82.1831,-1.0,900,10,3,0,0
82.3944,-1.0,900,10,3,0,0
82.6056,-1.0,900,10,3,0,0
83.6620,-1.0,83,1,3,0,0
83.6620,83.9789,110,1,3,JumpScratch,6
83.8732,-1.0,900,1,3,0,0
83.9789,84.2958,110,4,3,JumpScratch,-6
84.1901,-1.0,900,4,3,0,0
84.2958,86.1972,110,1,3,0,0
84.5070,-1.0,900,1,3,0,0
84.7183,-1.0,900,1,3,0,0
84.9296,-1.0,900,1,3,0,0
85.1408,-1.0,900,1,3,0,0
85.3521,-1.0,900,1,3,0,0
85.5634,-1.0,900,1,3,0,0
85.7746,-1.0,900,1,3,0,0
85.9859,-1.0,900,1,3,0,0
87.0423,-1.0,83,10,3,0,0
87.0423,87.3592,110,10,3,JumpScratch,-6
87.2535,-1.0,900,10,3,0,0
87.3592,87.6761,110,7,3,JumpScratch,6
87.5704,-1.0,900,7,3,0,0
87.6761,89.5775,110,10,3,0,0
87.8873,-1.0,900,10,3,0,0
88.0986,-1.0,900,10,3,0,0
88.3099,-1.0,900,10,3,0,0
88.5211,-1.0,900,10,3,0,0
88.7324,-1.0,900,10,3,0,0
88.9437,-1.0,900,10,3,0,0
89.1549,-1.0,900,10,3,0,0
89.3662,-1.0,900,10,3,0,0
90.4225,-1.0,83,1,3,0,0
90.4225,90.7394,110,1,3,JumpScratch,6
90.6338,-1.0,900,1,3,0,0
90.7394,91.0563,110,4,3,JumpScratch,-6
90.9507,-1.0,900,4,3,0,0
91.0563,91.2676,110,1,3,JumpScratch,6
91.2676,94.2254,110,4,3,0,0
91.4789,-1.0,900,4,3,0,0
91.6901,-1.0,900,4,3,0,0
91.9014,-1.0,900,4,3,0,0
92.1127,-1.0,900,4,3,0,0
92.3239,-1.0,900,4,3,0,0
92.5352,-1.0,900,4,3,0,0
92.7465,-1.0,900,4,3,0,0
92.9577,-1.0,900,4,3,0,0
93.1690,-1.0,900,4,3,0,0
93.3803,-1.0,900,4,3,0,0
93.5915,-1.0,900,4,3,0,0
93.8028,-1.0,900,4,3,0,0
94.0141,-1.0,900,4,3,0,0
94.6479,-1.0,10,10,3,0,0
94.8592,-1.0,10,4,3,0,0
95.0704,-1.0,10,10,3,0,0
95.4930,-1.0,10,1,3,0,0
95.7042,-1.0,10,7,3,0,0
95.9155,-1.0,10,1,3,0,0
96.3380,-1.0,10,10,3,0,0
96.5493,-1.0,10,4,3,0,0
96.7606,-1.0,10,10,3,0,0
96.9718,-1.0,10,4,3,0,0
97.1831,-1.0,82,7,3,0,0
97.1831,97.6056,110,7,3,0,0
97.3944,-1.0,900,7,3,0,0
97.3944,-1.0,31,7,3,0,0
98.0282,-1.0,10,1,3,0,0
98.4507,-1.0,10,7,3,0,0
98.8732,-1.0,82,4,3,0,0
98.8732,99.5070,110,4,3,0,0
99.0845,-1.0,900,4,3,0,0
99.0845,-1.0,31,4,3,0,0
99.2958,-1.0,900,4,3,0,0
99.2958,-1.0,31,4,3,0,0
99.9296,-1.0,10,10,3,0,0
100.1408,-1.0,10,4,3,0,0
100.5634,-1.0,82,7,3,0,0
100.5634,100.9859,110,7,3,0,0
100.7746,-1.0,900,7,3,0,0
100.7746,-1.0,31,7,3,0,0
101.4085,-1.0,10,1,3,0,0
101.8310,-1.0,10,7,3,0,0
102.2535,-1.0,82,4,3,0,0
102.2535,102.8873,110,4,3,0,0
102.4648,-1.0,900,4,3,0,0
102.4648,-1.0,31,4,3,0,0
102.6761,-1.0,900,4,3,0,0
102.6761,-1.0,31,4,3,0,0
103.3099,-1.0,10,10,3,0,0
103.5211,-1.0,10,4,3,0,0
103.9437,-1.0,82,7,3,0,0
103.9437,104.3662,110,7,3,0,0
104.1549,-1.0,900,7,3,0,0
104.1549,-1.0,31,7,3,0,0
104.7887,-1.0,10,1,3,0,0
105.0,-1.0,10,7,3,0,0
105.2113,-1.0,10,1,3,0,0
105.6338,-1.0,82,7,3,0,0
105.6338,106.2676,110,7,3,0,0
105.8451,-1.0,900,7,3,0,0
105.8451,-1.0,31,7,3,0,0
106.0563,-1.0,900,7,3,0,0
106.0563,-1.0,31,7,3,0,0
106.6901,-1.0,10,4,3,0,0
106.9014,-1.0,10,10,3,0,0
107.3239,-1.0,82,4,3,0,0
107.3239,107.7465,110,4,3,0,0
107.5352,-1.0,900,4,3,0,0
107.5352,-1.0,31,4,3,0,0
108.1690,-1.0,10,10,3,0,0
108.3803,-1.0,10,4,3,0,0
108.5915,-1.0,10,10,3,0,0
109.0141,-1.0,82,1,3,0,0
109.0141,109.6479,110,1,3,JumpScratch,6
109.2254,-1.0,900,1,3,0,0
109.2254,-1.0,31,1,3,0,0
109.4366,-1.0,900,1,3,0,0
109.4366,-1.0,31,1,3,0,0
109.6479,110.4930,110,4,3,0,0
109.8592,-1.0,900,4,3,0,0
110.0704,-1.0,900,4,3,0,0
110.2817,-1.0,900,4,3,0,0
111.5493,-1.0,20,9,4,0,0
111.9718,-1.0,20,1,4,0,0
112.3944,-1.0,10,7,3,0,0
112.6056,-1.0,10,4,3,0,0
112.8169,-1.0,10,7,3,0,0
113.0282,-1.0,50,3,4,0,0