0.0,-1.0,10,2,2,0,0
11.8791,11.8791,0,0,0,33,10910
0.1648,-1.0,10,5,2,0,0
74.3407,84.2308,0,0,0,14,10910
0.3297,-1.0,10,8,2,0,0
123.2967,130.2198,0,0,0,14,10910
0.4945,-1.0,10,11,2,0,0
148.1978,148.1978,0,0,0,11,10871
0.6593,-1.0,10,8,2,0,0
156.7692,156.7692,0,0,0,32,10911
0.8242,-1.0,10,5,2,0,0
0.9890,-1.0,10,2,2,0,0
1.4835,-1.0,10,10,2,0,0
1.6484,-1.0,80,4,2,0,0
1.6484,1.9780,100,4,2,0,0
1.8132,-1.0,900,4,2,0,0
1.9780,-1.0,10,8,2,0,0
2.1429,-1.0,10,2,2,0,0
2.3077,-1.0,10,8,2,0,0
2.8022,-1.0,10,2,2,0,0
2.9670,-1.0,80,8,2,0,0
2.9670,3.2967,100,8,2,0,0
3.1319,-1.0,900,8,2,0,0
3.2967,-1.0,10,4,2,0,0
3.4615,-1.0,10,10,2,0,0
3.6264,-1.0,10,2,2,0,0
3.7912,-1.0,10,5,2,0,0
3.9560,-1.0,10,11,2,0,0
4.1209,-1.0,10,8,2,0,0
4.2857,-1.0,82,4,2,0,0
4.2857,4.6154,110,4,2,JumpScratch,-4
4.4505,-1.0,900,4,2,0,0
4.6154,4.7802,110,2,2,JumpScratch,5
4.7802,4.9451,110,5,2,JumpScratch,-6
4.9451,5.4396,110,1,2,0,0
5.1099,-1.0,900,1,2,0,0
5.2747,-1.0,900,1,2,0,0
5.7692,-1.0,10,10,3,0,0
5.9341,-1.0,10,4,3,0,0
6.0989,-1.0,10,7,3,0,0
6.2637,-1.0,10,10,3,0,0
6.5934,-1.0,10,4,3,0,0
6.7582,-1.0,10,7,3,0,0
6.9231,-1.0,10,4,3,0,0
7.0879,-1.0,10,10,3,0,0
7.2527,-1.0,10,7,3,0,0
7.4176,-1.0,10,4,3,0,0
7.5824,-1.0,10,1,3,0,0
7.9121,-1.0,81,9,4,0,0
7.9121,8.2418,101,9,4,0,0
8.0769,-1.0,900,9,4,0,0
8.2418,-1.0,50,3,4,0,0
8.5714,-1.0,10,7,3,0,0
8.7363,-1.0,10,4,3,0,0
8.9011,-1.0,10,1,3,0,0
8.9011,-1.0,20,7,4,0,0
9.2308,-1.0,10,4,3,0,0
9.3956,-1.0,10,7,3,0,0
9.5604,-1.0,20,3,4,0,0
9.5604,-1.0,10,10,3,0,0
9.8901,-1.0,83,4,3,0,0
9.8901,10.0549,110,4,3,JumpScratch,-6
9.8901,-1.0,83,7,3,0,0
9.8901,10.0549,110,7,3,JumpScratch,6
10.0549,10.3846,110,1,3,0,0
10.0549,10.3846,110,10,3,0,0
10.2198,-1.0,900,1,3,0,0
10.2198,-1.0,900,10,3,0,0
10.7143,-1.0,20,1,4,0,0
10.7143,-1.0,20,9,4,0,0
10.8791,-1.0,81,1,4,0,0
10.8791,12.3626,101,1,4,0,0
10.8791,-1.0,81,9,4,0,0
10.8791,12.3626,101,9,4,0,0
11.0440,-1.0,900,1,4,0,0
11.0440,-1.0,900,9,4,0,0
11.2088,-1.0,900,1,4,0,0
11.2088,-1.0,900,9,4,0,0
11.3736,-1.0,900,1,4,0,0
11.3736,-1.0,900,9,4,0,0
11.5385,-1.0,900,1,4,0,0
11.5385,-1.0,900,9,4,0,0
11.7033,-1.0,900,1,4,0,0
11.7033,-1.0,900,9,4,0,0
11.8681,-1.0,900,1,4,0,0
11.8681,-1.0,900,9,4,0,0
12.0330,-1.0,900,1,4,0,0
12.0330,-1.0,900,9,4,0,0
12.1978,-1.0,900,1,4,0,0
12.1978,-1.0,900,9,4,0,0
13.6813,-1.0,80,10,3,0,0
13.6813,14.1758,100,10,3,0,0
13.8462,-1.0,900,10,3,0,0
14.0110,-1.0,900,10,3,0,0
14.1758,-1.0,10,1,3,0,0
14.5055,-1.0,10,4,3,0,0
14.8352,-1.0,82,7,3,0,0
14.8352,15.3297,110,7,3,0,0
15.0,-1.0,900,7,3,0,0
15.1648,-1.0,900,7,3,0,0
15.6593,-1.0,10,3,4,0,0
15.8242,-1.0,10,7,4,0,0
16.1538,-1.0,80,1,3,0,0
16.1538,16.4835,100,1,3,0,0
16.3187,-1.0,900,1,3,0,0
16.4835,-1.0,10,10,3,0,0
16.6484,-1.0,10,3,4,0,0
16.8132,-1.0,10,10,3,0,0
16.9780,-1.0,10,1,3,0,0
17.1429,-1.0,10,7,4,0,0
17.3077,-1.0,10,1,3,0,0
17.4725,-1.0,83,7,4,0,0
17.4725,17.8022,110,7,4,JumpScratch,6
17.6374,-1.0,900,7,4,0,0
17.8022,-1.0,83,1,4,0,0
17.8022,17.9670,110,1,4,JumpScratch,6
17.8022,17.9670,110,9,4,JumpScratch,-6
17.9670,18.2967,110,3,4,JumpScratch,-6
17.9670,18.2967,110,7,4,JumpScratch,6
18.1319,-1.0,900,3,4,0,0
18.1319,-1.0,900,7,4,0,0
18.6264,-1.0,10,1,4,0,0
18.6264,-1.0,10,9,4,0,0
18.9560,-1.0,81,10,3,0,0
18.9560,19.2857,101,10,3,0,0
19.1209,-1.0,900,10,3,0,0
19.2857,-1.0,10,4,3,0,0
19.4505,-1.0,10,7,3,0,0
19.7802,-1.0,50,1,4,0,0
20.1099,-1.0,81,4,3,0,0
20.1099,20.4396,101,4,3,0,0
20.1099,-1.0,83,10,3,0,0
20.1099,20.4396,110,10,3,0,0
20.2747,-1.0,900,4,3,0,0
20.2747,-1.0,900,10,3,0,0
20.7692,-1.0,83,1,3,0,0
20.7692,21.0989,110,1,3,0,0
20.7692,-1.0,81,7,3,0,0
20.7692,21.0989,101,7,3,0,0
20.9341,-1.0,900,1,3,0,0
20.9341,-1.0,900,7,3,0,0
21.4286,-1.0,10,10,3,0,0
21.5934,-1.0,80,4,3,0,0
21.5934,21.9231,100,4,3,0,0
21.7582,-1.0,900,4,3,0,0
21.9231,-1.0,10,7,3,0,0
22.0879,-1.0,80,1,3,0,0
22.0879,22.4176,100,1,3,0,0
22.2527,-1.0,900,1,3,0,0
22.4176,-1.0,50,9,4,0,0
22.7473,-1.0,80,3,3,0,0
22.7473,23.2418,100,3,3,0,0
22.7473,-1.0,80,8,3,0,0
22.7473,23.2418,100,8,3,0,0
22.9121,-1.0,900,3,3,0,0
22.9121,-1.0,900,8,3,0,0
23.0769,-1.0,900,3,3,0,0
23.0769,-1.0,900,8,3,0,0
23.4066,-1.0,10,4,3,0,0
23.5714,-1.0,10,10,3,0,0
23.7363,-1.0,10,7,3,0,0
23.9011,-1.0,10,4,3,0,0
24.0659,-1.0,83,1,3,0,0
24.0659,24.7253,110,1,3,JumpScratch,6
24.0659,-1.0,83,10,3,0,0
24.0659,24.7253,110,10,3,JumpScratch,-6
24.2308,-1.0,900,1,3,0,0
24.2308,-1.0,900,10,3,0,0
24.3956,-1.0,900,1,3,0,0
24.3956,-1.0,900,10,3,0,0
24.5604,-1.0,900,1,3,0,0
24.5604,-1.0,900,10,3,0,0
24.7253,24.8901,110,4,3,JumpScratch,-6
24.7253,24.8901,110,7,3,JumpScratch,6
24.8901,25.3846,110,1,3,JumpScratch,6
24.8901,25.3846,110,10,3,JumpScratch,-6
25.0549,-1.0,900,1,3,0,0
25.0549,-1.0,900,10,3,0,0
25.2198,-1.0,900,1,3,0,0
25.2198,-1.0,900,10,3,0,0
25.3846,25.5495,110,4,3,JumpScratch,-6
25.3846,25.5495,110,7,3,JumpScratch,6
25.5495,26.5385,110,1,3,0,0
25.7143,-1.0,900,1,3,0,0
25.8791,-1.0,900,1,3,0,0
25.8791,-1.0,10,10,3,0,0
26.0440,-1.0,900,1,3,0,0
26.2088,-1.0,900,1,3,0,0
26.2088,-1.0,10,7,3,0,0
26.3736,-1.0,900,1,3,0,0
26.5385,-1.0,50,10,3,0,0
26.8681,-1.0,81,1,4,0,0
26.8681,28.1868,101,1,4,0,0
26.8681,-1.0,81,9,4,0,0
26.8681,28.1868,101,9,4,0,0
27.0330,-1.0,900,1,4,0,0
27.0330,-1.0,900,9,4,0,0
27.1978,-1.0,900,1,4,0,0
27.1978,-1.0,900,9,4,0,0
27.3626,-1.0,900,1,4,0,0
27.3626,-1.0,900,9,4,0,0
27.5275,-1.0,900,1,4,0,0
27.5275,-1.0,900,9,4,0,0
27.6923,-1.0,900,1,4,0,0
27.6923,-1.0,900,9,4,0,0
27.8571,-1.0,900,1,4,0,0
27.8571,-1.0,900,9,4,0,0
28.0220,-1.0,900,1,4,0,0
28.0220,-1.0,900,9,4,0,0
29.0110,-1.0,10,7,3,0,0
29.1758,-1.0,10,4,3,0,0
29.3407,-1.0,50,1,5,0,0
29.3407,-1.0,50,8,5,0,0
29.6703,-1.0,10,10,3,0,0
29.8352,-1.0,10,7,3,0,0
30.0,-1.0,10,4,3,0,0
30.1648,-1.0,10,1,3,0,0
30.3297,-1.0,10,4,3,0,0
30.4945,-1.0,10,7,3,0,0
30.6593,-1.0,82,1,3,0,0
30.6593,31.1538,110,1,3,JumpScratch,6
30.6593,-1.0,82,10,3,0,0
30.6593,30.9890,110,10,3,JumpScratch,-6
30.8242,-1.0,900,1,3,0,0
30.8242,-1.0,900,10,3,0,0
30.9890,-1.0,900,1,3,0,0
30.9890,31.3187,110,7,3,JumpScratch,6
31.1538,31.3187,110,4,3,JumpScratch,-6
31.1538,-1.0,900,7,3,0,0
31.3187,31.6484,110,1,3,JumpScratch,6
31.3187,31.6484,110,10,3,JumpScratch,-6
31.4835,-1.0,900,1,3,0,0
31.4835,-1.0,900,10,3,0,0
31.6484,31.8132,110,4,3,JumpScratch,-6
31.6484,31.8132,110,7,3,JumpScratch,6
32.1429,-1.0,10,10,3,0,0
32.4725,-1.0,10,4,3,0,0
32.4725,-1.0,10,10,3,0,0
32.8022,-1.0,10,10,3,0,0
33.1319,-1.0,10,1,3,0,0
33.1319,-1.0,10,10,3,0,0
33.4615,-1.0,10,7,3,0,0
33.6264,-1.0,10,4,3,0,0
33.7912,-1.0,80,1,3,0,0
33.7912,34.4505,100,1,3,0,0
33.7912,-1.0,82,10,3,0,0
33.7912,34.1209,110,10,3,JumpScratch,-6
33.9560,-1.0,900,1,3,0,0
33.9560,-1.0,900,10,3,0,0
34.1209,-1.0,900,1,3,0,0
34.1209,34.4505,110,7,3,JumpScratch,6
34.2857,-1.0,900,1,3,0,0
34.2857,-1.0,900,7,3,0,0
34.7802,-1.0,10,4,3,0,0
34.9451,-1.0,10,7,3,0,0
35.1099,-1.0,50,1,4,0,0
35.4396,-1.0,10,7,3,0,0
35.6044,-1.0,10,4,3,0,0
35.7692,-1.0,50,9,4,0,0
35.9341,-1.0,80,1,3,0,0
35.9341,36.2637,100,1,3,0,0
36.0989,-1.0,900,1,3,0,0
36.2637,-1.0,10,10,3,0,0
36.4286,-1.0,10,7,3,0,0
36.5934,-1.0,10,4,3,0,0
36.7582,-1.0,82,1,3,0,0
36.7582,37.0879,110,1,3,0,0
36.7582,-1.0,82,10,3,0,0
36.7582,37.0879,110,10,3,0,0
36.9231,-1.0,900,1,3,0,0
36.9231,-1.0,900,10,3,0,0
37.4176,-1.0,10,1,3,0,0
37.7473,-1.0,10,1,3,0,0
37.7473,-1.0,10,7,3,0,0
38.0769,-1.0,10,1,3,0,0
38.4066,-1.0,10,1,3,0,0
38.4066,-1.0,10,10,3,0,0
38.7363,-1.0,10,4,3,0,0
38.9011,-1.0,10,7,3,0,0
39.0659,-1.0,82,1,3,0,0
39.0659,39.3956,110,1,3,JumpScratch,6
39.0659,-1.0,80,10,3,0,0
39.0659,39.7253,100,10,3,0,0
39.2308,-1.0,900,1,3,0,0
39.2308,-1.0,900,10,3,0,0
39.3956,39.7253,110,4,3,JumpScratch,-6
39.3956,-1.0,900,10,3,0,0
39.5604,-1.0,900,4,3,0,0
39.5604,-1.0,900,10,3,0,0
40.0549,-1.0,10,7,4,0,0
40.2198,-1.0,10,4,3,0,0
40.3846,-1.0,50,8,5,0,0
40.7143,-1.0,10,3,4,0,0
40.8791,-1.0,10,7,3,0,0
41.0440,-1.0,10,4,3,0,0
41.2088,-1.0,50,1,4,0,0
41.2088,-1.0,83,10,3,0,0
41.2088,41.5385,110,10,3,JumpScratch,-6
41.3736,-1.0,900,10,3,0,0
41.5385,-1.0,83,4,3,0,0
41.5385,41.7033,110,4,3,JumpScratch,-6
41.5385,41.7033,110,7,3,JumpScratch,6
41.7033,41.8681,110,1,3,JumpScratch,6
41.7033,41.8681,110,10,3,JumpScratch,-6
41.8681,42.0330,110,4,3,JumpScratch,-6
41.8681,42.0330,110,7,3,JumpScratch,6
42.0330,42.3626,110,1,3,0,0
42.0330,42.3626,110,10,3,0,0
42.1978,-1.0,900,1,3,0,0
42.1978,-1.0,900,10,3,0,0
42.6923,-1.0,80,1,3,0,0
42.6923,43.0220,100,1,3,0,0
42.6923,-1.0,10,7,3,0,0
42.8571,-1.0,900,1,3,0,0
43.0220,-1.0,50,7,3,0,0
43.3516,-1.0,80,4,3,0,0
43.3516,43.6813,100,4,3,0,0
43.3516,-1.0,10,10,3,0,0
43.5165,-1.0,900,4,3,0,0
43.6813,-1.0,50,10,3,0,0
44.0110,-1.0,10,1,3,0,0
44.1758,-1.0,10,7,3,0,0
44.3407,-1.0,83,4,3,0,0
44.3407,44.6703,110,4,3,JumpScratch,-6
44.3407,-1.0,83,10,3,0,0
44.3407,44.6703,110,10,3,JumpScratch,-6
44.5055,-1.0,900,4,3,0,0
44.5055,-1.0,900,10,3,0,0
44.6703,45.0,110,1,3,JumpScratch,5
44.6703,45.0,110,7,3,JumpScratch,5
44.8352,-1.0,900,1,3,0,0
44.8352,-1.0,900,7,3,0,0
45.3297,-1.0,10,10,3,0,0
45.4945,-1.0,10,4,3,0,0
45.6593,-1.0,50,7,4,0,0
45.9890,-1.0,10,1,3,0,0
46.1538,-1.0,10,7,3,0,0
46.3187,-1.0,10,4,3,0,0
46.4835,-1.0,50,1,4,0,0
46.4835,-1.0,81,10,3,0,0
46.4835,46.8132,101,10,3,0,0
46.6484,-1.0,900,10,3,0,0
46.8132,-1.0,20,1,3,0,0
46.9780,-1.0,20,4,3,0,0
47.1429,-1.0,20,7,3,0,0
47.3077,-1.0,83,1,3,0,0
47.3077,47.6374,110,1,3,0,0
47.3077,-1.0,83,10,3,0,0
47.3077,47.6374,110,10,3,0,0
47.4725,-1.0,900,1,3,0,0
47.4725,-1.0,900,10,3,0,0
47.9670,-1.0,10,4,3,0,0
47.9670,-1.0,80,10,3,0,0
47.9670,48.2967,100,10,3,0,0
48.1319,-1.0,900,10,3,0,0
48.2967,-1.0,50,4,3,0,0
48.6264,-1.0,10,1,3,0,0
48.6264,-1.0,80,7,3,0,0
48.6264,48.9560,100,7,3,0,0
48.7912,-1.0,900,7,3,0,0
48.9560,-1.0,50,1,3,0,0
49.2857,-1.0,10,10,3,0,0
49.4505,-1.0,10,4,3,0,0
49.6154,-1.0,83,1,3,0,0
49.6154,49.9451,110,1,3,JumpScratch,6
49.6154,-1.0,83,7,3,0,0
49.6154,49.9451,110,7,3,JumpScratch,6
49.7802,-1.0,900,1,3,0,0
49.7802,-1.0,900,7,3,0,0
49.9451,50.2747,110,4,3,JumpScratch,-5
49.9451,50.2747,110,10,3,JumpScratch,-5
50.1099,-1.0,900,4,3,0,0
50.1099,-1.0,900,10,3,0,0
50.6044,-1.0,10,1,3,0,0
50.7692,-1.0,10,4,3,0,0
50.9341,-1.0,10,7,3,0,0
51.0989,-1.0,10,10,3,0,0
51.2637,-1.0,83,4,3,0,0
51.2637,51.5934,110,4,3,JumpScratch,-6
51.2637,-1.0,83,7,3,0,0
51.2637,51.5934,110,7,3,JumpScratch,6
51.4286,-1.0,900,4,3,0,0
51.4286,-1.0,900,7,3,0,0
51.9231,-1.0,10,1,4,0,0
51.9231,-1.0,10,9,4,0,0
52.0879,-1.0,10,5,4,0,0
52.2527,-1.0,83,2,4,0,0
52.2527,52.5824,110,2,4,0,0
52.2527,-1.0,83,8,4,0,0
52.2527,52.5824,110,8,4,0,0
52.4176,-1.0,900,2,4,0,0
52.4176,-1.0,900,8,4,0,0
53.2418,-1.0,80,1,3,0,0
53.2418,53.7363,100,1,3,0,0
53.2418,-1.0,10,10,3,0,0
53.4066,-1.0,900,1,3,0,0
53.5714,-1.0,900,1,3,0,0
53.7363,-1.0,10,7,3,0,0
53.9011,-1.0,80,4,3,0,0
53.9011,54.2308,100,4,3,0,0
54.0659,-1.0,900,4,3,0,0
54.2308,-1.0,50,9,4,0,0
54.5604,-1.0,10,1,3,0,0
54.5604,-1.0,80,10,3,0,0
54.5604,55.0549,100,10,3,0,0
54.7253,-1.0,900,10,3,0,0
54.8901,-1.0,900,10,3,0,0
55.0549,-1.0,10,4,3,0,0
55.2198,-1.0,80,7,3,0,0
55.2198,55.5495,100,7,3,0,0
55.3846,-1.0,900,7,3,0,0
55.5495,-1.0,50,1,4,0,0
55.8791,-1.0,80,1,3,0,0
55.8791,56.3736,100,1,3,0,0
55.8791,-1.0,10,10,3,0,0
56.0440,-1.0,900,1,3,0,0
56.2088,-1.0,900,1,3,0,0
56.3736,-1.0,82,7,3,0,0
56.3736,56.5385,110,7,3,JumpScratch,6
56.5385,-1.0,83,4,3,0,0
56.5385,56.8681,110,4,3,JumpScratch,-6
56.5385,56.8681,110,10,3,JumpScratch,-6
56.7033,-1.0,900,4,3,0,0
56.7033,-1.0,900,10,3,0,0
56.8681,57.1978,110,1,3,JumpScratch,6
56.8681,57.1978,110,7,3,JumpScratch,6
57.0330,-1.0,900,1,3,0,0
57.0330,-1.0,900,7,3,0,0
57.1978,57.8571,110,4,3,0,0
57.1978,57.8571,110,10,3,0,0
57.3626,-1.0,900,4,3,0,0
57.3626,-1.0,900,10,3,0,0
57.5275,-1.0,900,4,3,0,0
57.5275,-1.0,900,10,3,0,0
57.6923,-1.0,900,4,3,0,0
57.6923,-1.0,900,10,3,0,0
58.5165,-1.0,10,8,2,0,0
58.8462,-1.0,10,5,2,0,0
59.1758,-1.0,82,2,2,0,0
59.1758,59.8352,110,2,2,JumpScratch,5
59.3407,-1.0,900,2,2,0,0
59.5055,-1.0,900,2,2,0,0
59.6703,-1.0,900,2,2,0,0
59.8352,60.1648,110,5,2,JumpScratch,-5
59.8352,-1.0,83,10,2,0,0
59.8352,60.1648,110,10,2,JumpScratch,-5
60.0,-1.0,900,5,2,0,0
60.0,-1.0,900,10,2,0,0
60.1648,60.4945,110,2,2,JumpScratch,4
60.1648,60.4945,110,7,2,JumpScratch,4
60.3297,-1.0,900,2,2,0,0
60.3297,-1.0,900,7,2,0,0
61.1538,-1.0,10,4,2,0,0
61.4835,-1.0,10,7,2,0,0
61.8132,-1.0,82,10,2,0,0
61.8132,62.4725,110,10,2,JumpScratch,-5
61.9780,-1.0,900,10,2,0,0
62.1429,-1.0,900,10,2,0,0
62.3077,-1.0,900,10,2,0,0
62.4725,-1.0,83,2,2,0,0
62.4725,62.8022,110,2,2,JumpScratch,5
62.4725,62.8022,110,7,2,JumpScratch,5
62.6374,-1.0,900,2,2,0,0
62.6374,-1.0,900,7,2,0,0
62.8022,63.1319,110,5,2,JumpScratch,-4
62.8022,63.1319,110,10,2,JumpScratch,-4
62.9670,-1.0,900,5,2,0,0
62.9670,-1.0,900,10,2,0,0
63.7912,-1.0,10,7,3,0,0
63.9560,-1.0,10,1,3,0,0
64.1209,-1.0,80,7,3,0,0
64.1209,64.4505,100,7,3,0,0
64.2857,-1.0,900,7,3,0,0
64.4505,-1.0,50,1,5,0,0
65.1099,-1.0,10,4,3,0,0
65.2747,-1.0,10,10,3,0,0
65.4396,-1.0,80,4,3,0,0
65.4396,65.7692,100,4,3,0,0
65.6044,-1.0,900,4,3,0,0
65.7692,-1.0,50,8,5,0,0
66.4286,-1.0,10,10,3,0,0
66.5934,-1.0,10,7,3,0,0
66.7582,-1.0,10,4,3,0,0
66.9231,-1.0,83,1,3,0,0
66.9231,67.2527,110,1,3,JumpScratch,5
66.9231,-1.0,83,10,3,0,0
66.9231,67.2527,110,10,3,JumpScratch,-5
67.0879,-1.0,900,1,3,0,0
67.0879,-1.0,900,10,3,0,0
67.5824,-1.0,80,7,3,0,0
67.5824,68.0769,100,7,3,0,0
67.7473,-1.0,900,7,3,0,0
67.9121,-1.0,900,7,3,0,0
68.0769,-1.0,20,1,4,0,0
68.4066,-1.0,80,4,3,0,0
68.4066,68.7363,100,4,3,0,0
68.5714,-1.0,900,4,3,0,0
68.7363,-1.0,20,9,4,0,0
69.0659,-1.0,83,3,3,0,0
69.0659,69.5604,110,3,3,JumpScratch,-5
69.0659,-1.0,83,8,3,0,0
69.0659,69.5604,110,8,3,JumpScratch,5
69.2308,-1.0,900,3,3,0,0
69.2308,-1.0,900,8,3,0,0
69.3956,-1.0,900,3,3,0,0
69.3956,-1.0,900,8,3,0,0
69.5604,69.7253,110,1,3,JumpScratch,6
69.5604,69.7253,110,10,3,JumpScratch,-6
69.7253,71.0440,110,3,4,JumpScratch,-6
69.7253,71.0440,110,7,4,JumpScratch,6
69.8901,-1.0,900,3,4,0,0
69.8901,-1.0,900,7,4,0,0
70.0549,-1.0,900,3,4,0,0
70.0549,-1.0,900,7,4,0,0
70.2198,-1.0,900,3,4,0,0
70.2198,-1.0,900,7,4,0,0
70.3846,-1.0,900,3,4,0,0
70.3846,-1.0,900,7,4,0,0
70.5495,-1.0,900,3,4,0,0
70.5495,-1.0,900,7,4,0,0
70.7143,-1.0,900,3,4,0,0
70.7143,-1.0,900,7,4,0,0
70.8791,-1.0,900,3,4,0,0
70.8791,-1.0,900,7,4,0,0
71.2088,-1.0,10,10,3,0,0
71.3736,-1.0,10,4,3,0,0
71.5385,-1.0,81,1,3,0,0
71.5385,72.0330,101,1,3,0,0
71.5385,-1.0,50,7,4,0,0
71.7033,-1.0,900,1,3,0,0
71.8681,-1.0,900,1,3,0,0
72.0330,-1.0,81,10,3,0,0
72.0330,72.3626,101,10,3,0,0
72.1978,-1.0,900,10,3,0,0
72.3626,-1.0,20,4,3,0,0
72.5275,-1.0,20,7,3,0,0
72.6923,-1.0,20,1,4,0,0
72.6923,-1.0,20,9,4,0,0
72.8571,-1.0,83,4,3,0,0
72.8571,73.6813,110,4,3,0,0
72.8571,-1.0,83,7,3,0,0
72.8571,73.6813,110,7,3,0,0
73.0220,-1.0,900,4,3,0,0
73.0220,-1.0,900,7,3,0,0
73.1868,-1.0,900,4,3,0,0
73.1868,-1.0,900,7,3,0,0
73.3516,-1.0,900,4,3,0,0
73.3516,-1.0,900,7,3,0,0
73.5165,-1.0,900,4,3,0,0
73.5165,-1.0,900,7,3,0,0
74.3407,-1.0,20,1,3,0,0
74.3407,-1.0,50,7,3,0,0
74.5055,-1.0,10,4,3,0,0
74.6703,-1.0,10,7,3,0,0
74.8352,-1.0,50,4,3,0,0
74.8352,-1.0,20,10,3,0,0
75.3297,-1.0,10,1,3,0,0
75.4945,-1.0,81,7,3,0,0
75.4945,75.8242,101,7,3,0,0
75.6593,-1.0,900,7,3,0,0
75.8242,-1.0,10,4,3,0,0
75.9890,-1.0,10,7,3,0,0
76.1538,-1.0,50,1,3,0,0
76.6484,-1.0,10,10,3,0,0
76.8132,-1.0,81,4,3,0,0
76.8132,77.1429,101,4,3,0,0
76.9780,-1.0,900,4,3,0,0
77.1429,-1.0,10,7,3,0,0
77.3077,-1.0,10,4,3,0,0
77.4725,-1.0,10,1,3,0,0
77.6374,-1.0,10,4,3,0,0
77.8022,-1.0,10,7,3,0,0
77.9670,-1.0,10,10,3,0,0
78.1319,-1.0,81,1,3,0,0
78.1319,78.4615,101,1,3,0,0
78.1319,-1.0,20,7,3,0,0
78.2967,-1.0,900,1,3,0,0
78.4615,-1.0,20,7,3,0,0
78.6264,-1.0,10,4,3,0,0
78.7912,-1.0,83,1,3,0,0
78.7912,79.1209,110,1,3,0,0
78.7912,-1.0,83,10,3,0,0
78.7912,79.1209,110,10,3,0,0
78.9560,-1.0,900,1,3,0,0
78.9560,-1.0,900,10,3,0,0
79.4505,-1.0,10,7,3,0,0
79.6154,-1.0,20,1,3,0,0
79.6154,-1.0,20,10,3,0,0
79.7802,-1.0,10,7,3,0,0
79.9451,-1.0,10,4,3,0,0
80.1099,-1.0,20,1,3,0,0
80.1099,-1.0,50,7,3,0,0
80.6044,-1.0,10,10,3,0,0
80.7692,-1.0,81,4,3,0,0
80.7692,81.0989,101,4,3,0,0
80.9341,-1.0,900,4,3,0,0
81.0989,-1.0,10,7,3,0,0
81.2637,-1.0,10,4,3,0,0
81.4286,-1.0,50,10,3,0,0
81.9231,-1.0,10,1,3,0,0
82.0879,-1.0,81,7,3,0,0
82.0879,82.4176,101,7,3,0,0
82.2527,-1.0,900,7,3,0,0
82.4176,-1.0,10,4,3,0,0
82.5824,-1.0,10,7,3,0,0
82.7473,-1.0,10,10,3,0,0
82.9121,-1.0,10,7,3,0,0
83.0769,-1.0,10,4,3,0,0
83.2418,-1.0,10,1,3,0,0
83.4066,-1.0,20,4,3,0,0
83.4066,-1.0,83,10,3,0,0
83.4066,84.2308,110,10,3,0,0
83.5714,-1.0,900,10,3,0,0
83.7363,-1.0,900,10,3,0,0
83.9011,-1.0,900,10,3,0,0
84.0659,-1.0,900,10,3,0,0
84.3956,-1.0,10,4,3,0,0
84.5604,-1.0,10,7,3,0,0
84.7253,-1.0,10,4,3,0,0
84.8901,-1.0,20,10,3,0,0
85.0549,-1.0,10,7,3,0,0
85.2198,-1.0,10,4,3,0,0
85.3846,-1.0,20,1,3,0,0
85.3846,-1.0,50,7,4,0,0
85.8791,-1.0,10,10,3,0,0
86.0440,-1.0,81,4,3,0,0
86.0440,86.3736,101,4,3,0,0
86.2088,-1.0,900,4,3,0,0
86.3736,-1.0,10,7,3,0,0
86.5385,-1.0,10,4,3,0,0
86.7033,-1.0,50,9,4,0,0
87.1978,-1.0,10,1,3,0,0
87.3626,-1.0,81,7,3,0,0
87.3626,87.6923,101,7,3,0,0
87.5275,-1.0,900,7,3,0,0
87.6923,-1.0,10,4,3,0,0
87.8571,-1.0,10,7,3,0,0
88.0220,-1.0,10,10,3,0,0
88.1868,-1.0,10,7,3,0,0
88.3516,-1.0,10,4,3,0,0
88.5165,-1.0,83,1,3,0,0
88.5165,88.6813,110,1,3,JumpScratch,6
88.5165,-1.0,83,10,3,0,0
88.5165,88.6813,110,10,3,JumpScratch,-6
88.6813,89.0110,110,4,3,JumpScratch,-6
88.6813,89.0110,110,7,3,JumpScratch,6
88.8462,-1.0,900,4,3,0,0
88.8462,-1.0,900,7,3,0,0
89.0110,89.1758,110,1,4,JumpScratch,6
89.0110,89.1758,110,9,4,JumpScratch,-6
89.1758,89.3407,110,3,4,JumpScratch,-6
89.1758,89.3407,110,7,4,JumpScratch,6
89.3407,89.6703,110,1,4,0,0
89.3407,89.6703,110,9,4,0,0
89.5055,-1.0,900,1,4,0,0
89.5055,-1.0,900,9,4,0,0
90.0,-1.0,10,7,3,0,0
90.1648,-1.0,10,1,3,0,0
90.3297,-1.0,10,4,3,0,0
90.4945,-1.0,10,7,3,0,0
90.6593,-1.0,50,1,5,0,0
90.9890,-1.0,10,7,4,0,0
91.1538,-1.0,10,3,4,0,0
91.3187,-1.0,10,7,4,0,0
91.4835,-1.0,20,1,4,0,0
91.4835,-1.0,20,9,4,0,0
91.6484,-1.0,10,4,3,0,0
91.8132,-1.0,10,7,3,0,0
91.9780,-1.0,20,1,4,0,0
91.9780,-1.0,20,9,4,0,0
92.3077,-1.0,10,7,3,0,0
92.4725,-1.0,10,4,3,0,0
92.6374,-1.0,50,9,4,0,0
93.1319,-1.0,10,2,3,0,0
93.1319,-1.0,10,9,3,0,0
93.2967,-1.0,82,4,3,0,0
93.2967,93.6264,110,4,3,JumpScratch,-6
93.2967,-1.0,82,7,3,0,0
93.2967,93.6264,110,7,3,JumpScratch,6
93.4615,-1.0,900,4,3,0,0
93.4615,-1.0,900,7,3,0,0
93.6264,93.9560,110,1,3,JumpScratch,6
93.6264,93.9560,110,10,3,JumpScratch,-6
93.7912,-1.0,900,1,3,0,0
93.7912,-1.0,900,10,3,0,0
93.9560,94.1209,110,4,3,JumpScratch,-6
93.9560,94.1209,110,7,3,JumpScratch,6
94.1209,94.4505,110,1,3,0,0
94.1209,94.4505,110,10,3,0,0
94.2857,-1.0,900,1,3,0,0
94.2857,-1.0,900,10,3,0,0
94.7802,-1.0,10,7,4,0,0
94.9451,-1.0,10,3,4,0,0
95.1099,-1.0,50,7,6,0,0
95.4396,-1.0,81,1,4,0,0
95.4396,97.4176,101,1,4,0,0
95.4396,-1.0,81,9,4,0,0
95.4396,97.4176,101,9,4,0,0
95.6044,-1.0,900,1,4,0,0
95.6044,-1.0,900,9,4,0,0
95.7692,-1.0,900,1,4,0,0
95.7692,-1.0,900,9,4,0,0
95.9341,-1.0,900,1,4,0,0
95.9341,-1.0,900,9,4,0,0
96.0989,-1.0,900,1,4,0,0
96.0989,-1.0,900,9,4,0,0
96.2637,-1.0,900,1,4,0,0
96.2637,-1.0,900,9,4,0,0
96.4286,-1.0,900,1,4,0,0
96.4286,-1.0,900,9,4,0,0
96.5934,-1.0,900,1,4,0,0
96.5934,-1.0,900,9,4,0,0
96.7582,-1.0,900,1,4,0,0
96.7582,-1.0,900,9,4,0,0
96.9231,-1.0,900,1,4,0,0
96.9231,-1.0,900,9,4,0,0
97.0879,-1.0,900,1,4,0,0
97.0879,-1.0,900,9,4,0,0
97.2527,-1.0,900,1,4,0,0
97.2527,-1.0,900,9,4,0,0
98.0769,-1.0,82,1,3,0,0
98.0769,98.5714,110,1,3,JumpScratch,6
98.0769,-1.0,10,7,3,0,0
98.2418,-1.0,900,1,3,0,0
98.2418,-1.0,10,7,3,0,0
98.4066,-1.0,900,1,3,0,0
98.5714,99.0659,110,4,3,JumpScratch,-6
98.5714,-1.0,10,10,3,0,0
98.7363,-1.0,900,4,3,0,0
98.7363,-1.0,10,10,3,0,0
98.9011,-1.0,900,4,3,0,0
99.0659,99.5604,110,1,3,JumpScratch,6
99.0659,-1.0,10,7,3,0,0
99.2308,-1.0,900,1,3,0,0
99.2308,-1.0,10,7,3,0,0
99.3956,-1.0,900,1,3,0,0
99.5604,100.0549,110,4,3,JumpScratch,-6
99.5604,-1.0,10,10,3,0,0
99.7253,-1.0,900,4,3,0,0
99.7253,-1.0,10,10,3,0,0
99.8901,-1.0,900,4,3,0,0
100.0549,100.3846,110,1,3,JumpScratch,5
100.0549,-1.0,82,7,3,0,0
100.0549,100.3846,110,7,3,JumpScratch,5
100.2198,-1.0,900,1,3,0,0
100.2198,-1.0,900,7,3,0,0
100.7143,-1.0,10,4,3,0,0
100.7143,-1.0,82,10,3,0,0
100.7143,101.2088,110,10,3,JumpScratch,-6
100.8791,-1.0,10,4,3,0,0
100.8791,-1.0,900,10,3,0,0
101.0440,-1.0,900,10,3,0,0
101.2088,-1.0,10,1,3,0,0
101.2088,101.7033,110,7,3,JumpScratch,6
101.3736,-1.0,10,1,3,0,0
101.3736,-1.0,900,7,3,0,0
101.5385,-1.0,900,7,3,0,0
101.7033,-1.0,10,3,4,0,0
101.7033,102.1978,110,10,3,JumpScratch,-6
101.8681,-1.0,10,3,4,0,0
101.8681,-1.0,900,10,3,0,0
102.0330,-1.0,900,10,3,0,0
102.1978,-1.0,10,1,4,0,0
102.1978,102.6923,110,7,3,JumpScratch,6
102.3626,-1.0,10,1,4,0,0
102.3626,-1.0,900,7,3,0,0
102.5275,-1.0,900,7,3,0,0
102.6923,-1.0,83,3,4,0,0
102.6923,103.0220,110,3,4,0,0
102.6923,103.0220,110,10,3,0,0
102.8571,-1.0,900,3,4,0,0
102.8571,-1.0,900,10,3,0,0
103.3516,-1.0,10,1,2,0,0
103.5165,-1.0,10,7,2,0,0
103.6813,-1.0,10,4,2,0,0
103.8462,-1.0,10,10,2,0,0
104.0110,-1.0,10,2,2,0,0
104.1758,-1.0,10,8,2,0,0
104.3407,-1.0,10,5,2,0,0
104.5055,-1.0,10,11,2,0,0
104.6703,-1.0,10,1,2,0,0
104.8352,-1.0,10,7,2,0,0
105.0,-1.0,10,4,2,0,0
105.1648,-1.0,10,10,2,0,0
105.3297,-1.0,10,2,2,0,0
105.4945,-1.0,10,8,2,0,0
105.6593,-1.0,10,5,2,0,0
105.8242,-1.0,10,11,2,0,0
105.9890,-1.0,10,9,3,0,0
106.1538,-1.0,10,7,3,0,0
106.3187,-1.0,10,4,3,0,0
106.4835,-1.0,10,2,3,0,0
106.6484,-1.0,10,9,3,0,0
106.8132,-1.0,10,6,3,0,0
106.9780,-1.0,10,3,3,0,0
107.1429,-1.0,10,1,3,0,0
107.3077,-1.0,10,9,4,0,0
107.4725,-1.0,10,7,4,0,0
107.6374,-1.0,10,3,4,0,0
107.8022,-1.0,10,1,4,0,0
107.9670,-1.0,80,7,3,0,0
107.9670,108.2967,100,7,3,0,0
108.1319,-1.0,900,7,3,0,0
108.2967,-1.0,50,1,4,0,0
108.6264,-1.0,81,10,3,0,0
108.6264,108.9560,101,10,3,0,0
108.7912,-1.0,10,4,3,0,0
108.7912,-1.0,900,10,3,0,0
108.9560,-1.0,50,4,3,0,0
109.2857,-1.0,81,7,3,0,0
109.2857,109.6154,101,7,3,0,0
109.4505,-1.0,10,1,3,0,0
109.4505,-1.0,900,7,3,0,0
109.6154,-1.0,50,1,3,0,0
109.9451,-1.0,81,4,3,0,0
109.9451,110.2747,101,4,3,0,0
110.1099,-1.0,900,4,3,0,0
110.1099,-1.0,10,10,3,0,0
110.2747,-1.0,50,10,3,0,0
110.6044,-1.0,81,1,3,0,0
110.6044,110.9341,101,1,3,0,0
110.7692,-1.0,900,1,3,0,0
110.7692,-1.0,10,7,3,0,0
110.9341,-1.0,50,7,3,0,0
111.2637,-1.0,20,1,4,0,0
111.3462,-1.0,10,7,3,0,0
111.4286,-1.0,10,1,4,0,0
111.5934,-1.0,20,9,4,0,0
111.6758,-1.0,10,4,3,0,0
111.7582,-1.0,10,9,4,0,0
111.9231,-1.0,20,1,4,0,0
112.0055,-1.0,10,7,3,0,0
112.0879,-1.0,10,1,4,0,0
112.2527,-1.0,81,9,4,0,0
112.2527,112.5824,101,9,4,0,0
112.3352,-1.0,30,9,4,0,0
112.4176,-1.0,900,9,4,0,0
112.4176,-1.0,30,9,4,0,0
112.5000,-1.0,30,9,4,0,0
112.5824,-1.0,20,1,4,0,0
112.6648,-1.0,10,7,3,0,0
112.7473,-1.0,20,1,4,0,0
112.8297,-1.0,10,7,3,0,0
112.9121,-1.0,20,1,4,0,0
113.0769,-1.0,10,10,3,0,0
113.2418,-1.0,20,3,4,0,0
113.4066,-1.0,20,7,4,0,0
113.5714,-1.0,50,1,6,0,0
113.9011,-1.0,10,10,3,0,0
114.0659,-1.0,10,7,3,0,0
114.2308,-1.0,10,4,3,0,0
114.3956,-1.0,50,9,4,0,0
114.5604,-1.0,10,1,3,0,0
114.7253,-1.0,10,4,3,0,0
114.8901,-1.0,10,7,3,0,0
115.0549,-1.0,50,1,4,0,0
115.2198,-1.0,80,4,3,0,0
115.2198,115.5495,100,4,3,0,0
115.2198,-1.0,83,9,4,0,0
115.2198,115.4670,110,9,4,JumpScratch,-6
115.3846,-1.0,900,4,3,0,0
115.3846,-1.0,900,9,4,0,0
115.4670,115.5495,110,7,4,JumpScratch,6
115.8791,-1.0,83,1,4,0,0
115.8791,116.1264,110,1,4,JumpScratch,6
115.8791,-1.0,80,7,3,0,0
115.8791,116.2088,100,7,3,0,0
116.0440,-1.0,900,1,4,0,0
116.0440,-1.0,900,7,3,0,0
116.1264,116.2088,110,3,4,JumpScratch,-6
116.5385,-1.0,20,1,4,0,0
116.5385,-1.0,20,9,4,0,0
116.8681,-1.0,10,5,4,0,0
117.0330,-1.0,83,1,3,0,0
117.0330,117.3626,110,1,3,JumpScratch,6
117.0330,-1.0,83,10,3,0,0
117.0330,117.3626,110,10,3,JumpScratch,-6
117.1978,-1.0,900,1,3,0,0
117.1978,-1.0,900,10,3,0,0
117.3626,117.6923,110,4,3,JumpScratch,-6
117.3626,117.6923,110,7,3,JumpScratch,6
117.5275,-1.0,900,4,3,0,0
117.5275,-1.0,900,7,3,0,0
118.0220,-1.0,10,10,3,0,0
118.1868,-1.0,10,1,3,0,0
118.3516,-1.0,83,3,4,0,0
118.3516,118.6813,110,3,4,JumpScratch,-6
118.3516,-1.0,83,7,4,0,0
118.3516,118.6813,110,7,4,JumpScratch,6
118.5165,-1.0,900,3,4,0,0
118.5165,-1.0,900,7,4,0,0
118.6813,119.0110,110,1,4,0,0
118.6813,119.0110,110,9,4,0,0
118.8462,-1.0,900,1,4,0,0
118.8462,-1.0,900,9,4,0,0
120.8242,-1.0,50,1,4,0,0
120.8242,-1.0,20,7,4,0,0
121.1538,-1.0,20,3,4,0,0
121.1538,-1.0,50,9,4,0,0
122.1429,-1.0,50,1,6,0,0
122.1429,-1.0,20,7,6,0,0
122.4725,-1.0,20,1,6,0,0
122.4725,-1.0,50,7,6,0,0
122.6374,-1.0,10,4,3,0,0
122.7198,-1.0,10,7,3,0,0
122.8022,-1.0,10,4,3,0,0
122.9670,-1.0,50,1,3,0,0
122.9670,-1.0,50,10,3,0,0
123.2967,-1.0,10,4,3,0,0
123.4615,-1.0,10,7,3,0,0
123.6264,-1.0,10,1,3,0,0
123.7912,-1.0,10,4,3,0,0
123.9560,-1.0,10,10,3,0,0
124.1209,-1.0,10,7,3,0,0
124.2857,-1.0,50,4,3,0,0
124.2857,-1.0,81,10,3,0,0
124.2857,124.6154,101,10,3,0,0
124.4505,-1.0,900,10,3,0,0
124.6154,-1.0,10,4,3,0,0
124.7802,-1.0,10,7,3,0,0
124.9451,-1.0,83,1,3,0,0
124.9451,125.2747,110,1,3,0,0
124.9451,-1.0,83,10,3,0,0
124.9451,125.2747,110,10,3,0,0
125.1099,-1.0,900,1,3,0,0
125.1099,-1.0,900,10,3,0,0
125.6044,-1.0,10,4,3,0,0
125.7692,-1.0,20,1,3,0,0
125.7692,-1.0,20,10,3,0,0
125.9341,-1.0,10,4,3,0,0
126.0989,-1.0,10,7,3,0,0
126.2637,-1.0,50,4,3,0,0
126.2637,-1.0,20,10,3,0,0
126.7582,-1.0,20,1,3,0,0
126.9231,-1.0,81,7,3,0,0
126.9231,127.2527,101,7,3,0,0
127.0879,-1.0,900,7,3,0,0
127.2527,-1.0,10,4,3,0,0
127.4176,-1.0,10,7,3,0,0
127.5824,-1.0,50,1,3,0,0
127.5824,-1.0,20,10,3,0,0
128.0769,-1.0,20,10,3,0,0
128.2418,-1.0,81,4,3,0,0
128.2418,128.5714,101,4,3,0,0
128.4066,-1.0,900,4,3,0,0
128.5714,-1.0,10,7,3,0,0
128.7363,-1.0,10,4,3,0,0
128.9011,-1.0,10,10,3,0,0
129.0659,-1.0,10,7,3,0,0
129.2308,-1.0,10,1,3,0,0
129.3956,-1.0,10,4,3,0,0
129.5604,-1.0,81,1,3,0,0
129.5604,129.8901,101,1,3,0,0
129.5604,-1.0,50,7,3,0,0
129.7253,-1.0,900,1,3,0,0
129.8901,-1.0,10,7,3,0,0
130.0549,-1.0,10,4,3,0,0
130.2198,-1.0,50,1,3,0,0
130.2198,-1.0,50,10,3,0,0
130.5495,-1.0,10,7,3,0,0
130.7143,-1.0,10,4,3,0,0
130.8791,-1.0,10,7,3,0,0
131.0440,-1.0,20,1,4,0,0
131.0440,-1.0,20,9,4,0,0
131.2088,-1.0,10,4,3,0,0
131.3736,-1.0,10,7,3,0,0
131.5385,-1.0,50,3,4,0,0
131.5385,-1.0,83,10,3,0,0
131.5385,131.8681,110,10,3,JumpScratch,-6
131.7033,-1.0,900,10,3,0,0
131.8681,-1.0,83,1,3,0,0
131.8681,132.0330,110,1,3,JumpScratch,6
131.8681,132.0330,110,7,3,JumpScratch,6
132.0330,132.3626,110,4,3,JumpScratch,-5
132.0330,132.3626,110,10,3,JumpScratch,-5
132.1978,-1.0,900,4,3,0,0
132.1978,-1.0,900,10,3,0,0
132.5275,-1.0,10,7,3,0,0
132.6923,-1.0,10,4,3,0,0
132.8571,-1.0,83,1,3,0,0
132.8571,133.1868,110,1,3,JumpScratch,6
132.8571,-1.0,50,7,4,0,0
133.0220,-1.0,900,1,3,0,0
133.1868,133.3516,110,4,3,JumpScratch,-6
133.1868,-1.0,83,10,3,0,0
133.1868,133.3516,110,10,3,JumpScratch,-6
133.3516,133.6813,110,1,3,JumpScratch,5
133.3516,133.6813,110,7,3,JumpScratch,5
133.5165,-1.0,900,1,3,0,0
133.5165,-1.0,900,7,3,0,0
133.8462,-1.0,10,10,3,0,0
134.0110,-1.0,10,4,3,0,0
134.1758,-1.0,10,7,3,0,0
134.3407,-1.0,20,1,4,0,0
134.3407,-1.0,10,7,3,0,0
134.5055,-1.0,10,4,3,0,0
134.6703,-1.0,10,4,3,0,0
134.6703,-1.0,20,9,4,0,0
134.8352,-1.0,50,1,6,0,0
134.8352,-1.0,81,7,4,0,0
134.8352,135.1648,101,7,4,0,0
135.0,-1.0,900,7,4,0,0
135.1648,-1.0,10,3,4,0,0
135.3297,-1.0,10,7,4,0,0
135.4945,-1.0,83,1,4,0,0
135.4945,135.8242,110,1,4,0,0
135.4945,-1.0,83,9,4,0,0
135.4945,135.8242,110,9,4,0,0
135.6593,-1.0,900,1,4,0,0
135.6593,-1.0,900,9,4,0,0
136.1538,-1.0,10,4,3,0,0
136.3187,-1.0,10,10,3,0,0
136.4835,-1.0,10,7,3,0,0
136.6484,-1.0,10,4,3,0,0
136.8132,-1.0,50,8,5,0,0
137.1429,-1.0,10,3,4,0,0
137.3077,-1.0,10,7,4,0,0
137.4725,-1.0,10,3,4,0,0
137.6374,-1.0,83,1,3,0,0
137.6374,137.8022,110,1,3,JumpScratch,6
137.6374,-1.0,83,7,3,0,0
137.6374,137.8022,110,7,3,JumpScratch,6
137.8022,137.9670,110,4,3,JumpScratch,-6
137.8022,137.9670,110,10,3,JumpScratch,-6
137.9670,138.1319,110,1,3,JumpScratch,6
137.9670,138.1319,110,7,3,JumpScratch,6
138.4615,-1.0,10,10,3,0,0
138.6264,-1.0,10,4,3,0,0
138.7912,-1.0,20,1,3,0,0
138.7912,-1.0,20,7,3,0,0
139.1209,-1.0,10,1,3,0,0
139.2857,-1.0,10,7,3,0,0
139.4505,-1.0,20,4,3,0,0
139.4505,-1.0,20,10,3,0,0
139.7802,-1.0,10,10,3,0,0
139.9451,-1.0,10,4,3,0,0
140.1099,-1.0,81,1,3,0,0
140.1099,140.7692,101,1,3,0,0
140.1099,-1.0,81,7,3,0,0
140.1099,140.7692,101,7,3,0,0
140.2747,-1.0,900,1,3,0,0
140.2747,-1.0,900,7,3,0,0
140.4396,-1.0,900,1,3,0,0
140.4396,-1.0,900,7,3,0,0
140.6044,-1.0,900,1,3,0,0
140.6044,-1.0,900,7,3,0,0
141.0989,-1.0,10,1,3,0,0
141.2637,-1.0,10,7,3,0,0
141.4286,-1.0,50,3,4,0,0
141.4286,-1.0,20,10,3,0,0
141.7582,-1.0,10,10,3,0,0
141.9231,-1.0,10,4,3,0,0
142.0879,-1.0,20,1,3,0,0
142.0879,-1.0,50,7,4,0,0
142.4176,-1.0,10,1,4,0,0
142.5824,-1.0,10,7,4,0,0
142.7473,-1.0,50,1,6,0,0
142.7473,-1.0,83,9,4,0,0
142.7473,144.3956,110,9,4,JumpScratch,-6
142.9121,-1.0,900,9,4,0,0
143.0769,-1.0,900,9,4,0,0
143.2418,-1.0,900,9,4,0,0
143.4066,-1.0,900,9,4,0,0
143.5714,-1.0,900,9,4,0,0
143.7363,-1.0,900,9,4,0,0
143.9011,-1.0,900,9,4,0,0
144.0659,-1.0,83,1,4,0,0
144.0659,144.3956,110,1,4,JumpScratch,6
144.0659,-1.0,900,9,4,0,0
144.2308,-1.0,900,1,4,0,0
144.2308,-1.0,900,9,4,0,0
144.3956,144.5604,110,3,4,JumpScratch,-6
144.3956,144.5604,110,7,4,JumpScratch,6
144.8901,-1.0,20,1,6,0,0
145.0549,-1.0,20,7,6,0,0
145.2198,-1.0,50,1,6,0,0
145.5495,-1.0,81,1,6,0,0
145.5495,148.1868,101,1,6,0,0
145.5495,-1.0,81,7,6,0,0
145.5495,148.1868,101,7,6,0,0
145.7143,-1.0,900,1,6,0,0
145.7143,-1.0,900,7,6,0,0
145.8791,-1.0,900,1,6,0,0
145.8791,-1.0,900,7,6,0,0
146.0440,-1.0,900,1,6,0,0
146.0440,-1.0,900,7,6,0,0
146.2088,-1.0,900,1,6,0,0
146.2088,-1.0,900,7,6,0,0
146.3736,-1.0,900,1,6,0,0
146.3736,-1.0,900,7,6,0,0
146.5385,-1.0,900,1,6,0,0
146.5385,-1.0,900,7,6,0,0
146.7033,-1.0,900,1,6,0,0
146.7033,-1.0,900,7,6,0,0
146.8681,-1.0,900,1,6,0,0
146.8681,-1.0,900,7,6,0,0
147.0330,-1.0,900,1,6,0,0
147.0330,-1.0,900,7,6,0,0
147.1978,-1.0,900,1,6,0,0
147.1978,-1.0,900,7,6,0,0
147.3626,-1.0,900,1,6,0,0
147.3626,-1.0,900,7,6,0,0
147.5275,-1.0,900,1,6,0,0
147.5275,-1.0,900,7,6,0,0
147.6923,-1.0,900,1,6,0,0
147.6923,-1.0,900,7,6,0,0
147.8571,-1.0,900,1,6,0,0
147.8571,-1.0,900,7,6,0,0
148.0220,-1.0,900,1,6,0,0
148.0220,-1.0,900,7,6,0,0
150.6593,-1.0,10,7,3,0,0
150.8242,-1.0,10,1,3,0,0
150.9890,-1.0,10,4,3,0,0
151.1538,-1.0,10,7,3,0,0
151.3187,-1.0,50,1,4,0,0
151.8132,-1.0,10,10,3,0,0
151.9780,-1.0,80,4,3,0,0
151.9780,152.3077,100,4,3,0,0
152.1429,-1.0,900,4,3,0,0
152.3077,-1.0,10,7,3,0,0
152.4725,-1.0,10,4,3,0,0
152.6374,-1.0,50,9,4,0,0
153.1319,-1.0,10,1,3,0,0
153.2967,-1.0,80,7,3,0,0
153.2967,153.6264,100,7,3,0,0
153.4615,-1.0,900,7,3,0,0
153.6264,-1.0,10,4,3,0,0
153.7912,-1.0,10,7,3,0,0
153.9560,-1.0,10,10,3,0,0
154.1209,-1.0,10,7,3,0,0
154.2857,-1.0,10,4,3,0,0
154.4505,-1.0,10,1,3,0,0
154.6154,-1.0,80,10,3,0,0
154.6154,154.9451,100,10,3,0,0
154.7802,-1.0,900,10,3,0,0
154.9451,-1.0,20,3,2,0,0
155.1099,-1.0,20,3,2,0,0
155.2747,-1.0,20,9,2,0,0
155.4396,-1.0,20,9,2,0,0
155.6044,-1.0,10,4,3,0,0
155.6868,-1.0,10,7,3,0,0
155.7692,-1.0,50,1,3,0,0