0.0,-1.0,10,1,2,0,0
56.9091,56.9091,0,0,0,11,4010
0.1364,-1.0,10,4,2,0,0
57.4545,57.4545,0,0,0,11,4050
0.2727,-1.0,10,7,2,0,0
72.2727,79.6364,0,0,0,14,11640
0.4091,-1.0,10,10,2,0,0
80.6364,80.6364,0,0,0,34,11640
0.8182,-1.0,10,1,2,0,0
82.2727,82.2727,0,0,0,33,11640
0.9545,-1.0,10,4,2,0,0
83.9091,83.9091,0,0,0,32,11640
1.0909,-1.0,10,7,2,0,0
85.5455,85.5455,0,0,0,11,11640
1.2273,-1.0,10,10,2,0,0
92.7727,92.7727,0,0,0,11,10120
1.3636,-1.0,10,7,2,0,0
1.5000,-1.0,10,4,2,0,0
1.6364,-1.0,10,1,2,0,0
1.7727,-1.0,10,4,2,0,0
1.9091,-1.0,10,7,2,0,0
2.0455,-1.0,10,10,2,0,0
2.1818,-1.0,10,5,2,0,0
2.3182,-1.0,10,8,2,0,0
2.4545,-1.0,80,11,2,0,0
2.4545,2.5909,100,11,2,0,0
2.5909,-1.0,80,5,2,0,0
2.5909,2.7273,100,5,2,0,0
2.7273,-1.0,80,10,2,0,0
2.7273,2.8636,100,10,2,0,0
2.8636,-1.0,80,4,2,0,0
2.8636,3.0,100,4,2,0,0
3.0,-1.0,80,9,2,0,0
3.0,3.1364,100,9,2,0,0
3.1364,-1.0,10,3,2,0,0
3.2727,-1.0,10,1,2,0,0
3.4091,-1.0,10,4,2,0,0
3.5455,-1.0,10,7,2,0,0
3.6818,-1.0,10,10,2,0,0
3.9545,-1.0,10,5,2,0,0
4.0909,-1.0,10,8,2,0,0
4.2273,-1.0,10,11,2,0,0
4.3636,-1.0,10,8,2,0,0
4.5000,-1.0,10,5,2,0,0
4.6364,-1.0,10,2,2,0,0
4.7727,-1.0,10,5,2,0,0
4.9091,-1.0,81,1,3,0,0
4.9091,6.5455,101,1,3,0,0
4.9091,-1.0,81,10,3,0,0
4.9091,6.5455,101,10,3,0,0
5.0455,-1.0,900,1,3,0,0
5.0455,-1.0,900,10,3,0,0
5.1818,-1.0,900,1,3,0,0
5.1818,-1.0,900,10,3,0,0
5.3182,-1.0,900,1,3,0,0
5.3182,-1.0,10,8,3,0,0
5.4545,-1.0,900,1,3,0,0
5.4545,-1.0,900,10,3,0,0
5.5909,-1.0,900,1,3,0,0
5.5909,-1.0,900,10,3,0,0
5.7273,-1.0,900,1,3,0,0
5.7273,-1.0,10,4,3,0,0
5.7273,-1.0,900,10,3,0,0
5.8636,-1.0,900,1,3,0,0
5.8636,-1.0,900,10,3,0,0
6.0,-1.0,900,1,3,0,0
6.0,-1.0,10,7,3,0,0
6.0,-1.0,900,10,3,0,0
6.1364,-1.0,900,1,3,0,0
6.1364,-1.0,900,10,3,0,0
6.2727,-1.0,10,3,3,0,0
6.2727,-1.0,900,10,3,0,0
6.4091,-1.0,900,1,3,0,0
6.4091,-1.0,900,10,3,0,0
6.5455,-1.0,80,4,3,0,0
6.5455,7.0909,100,4,3,0,0
6.5455,-1.0,80,7,3,0,0
6.5455,7.0909,100,7,3,0,0
6.6818,-1.0,900,4,3,0,0
6.6818,-1.0,900,7,3,0,0
6.8182,-1.0,10,1,4,0,0
6.8182,-1.0,10,9,4,0,0
6.9545,-1.0,900,4,3,0,0
6.9545,-1.0,900,7,3,0,0
7.0909,-1.0,80,1,3,0,0
7.0909,7.6364,100,1,3,0,0
7.0909,-1.0,80,10,3,0,0
7.0909,7.6364,100,10,3,0,0
7.2273,-1.0,900,1,3,0,0
7.2273,-1.0,900,10,3,0,0
7.3636,-1.0,10,3,4,0,0
7.3636,-1.0,10,7,4,0,0
7.5000,-1.0,900,1,3,0,0
7.5000,-1.0,900,10,3,0,0
7.6364,-1.0,10,7,3,0,0
7.7727,-1.0,10,7,3,0,0
7.9091,-1.0,10,4,3,0,0
8.0455,-1.0,10,4,3,0,0
8.1818,-1.0,20,7,3,0,0
8.1818,-1.0,20,10,3,0,0
8.3182,-1.0,10,1,3,0,0
8.4545,-1.0,10,4,3,0,0
8.5909,-1.0,10,7,3,0,0
8.7273,-1.0,10,1,3,0,0
8.7273,-1.0,10,4,3,0,0
8.8636,-1.0,10,7,3,0,0
8.8636,-1.0,10,10,3,0,0
9.0,-1.0,80,4,3,0,0
9.0,9.6818,100,4,3,0,0
9.1364,-1.0,900,4,3,0,0
9.1364,-1.0,50,7,4,0,0
9.2727,-1.0,900,4,3,0,0
9.4091,-1.0,50,1,4,0,0
9.5455,-1.0,900,4,3,0,0
9.6818,-1.0,50,7,4,0,0
9.8182,-1.0,10,1,3,0,0
9.8182,-1.0,10,4,3,0,0
9.9545,-1.0,10,10,3,0,0
10.0909,-1.0,10,7,3,0,0
10.2273,-1.0,10,4,3,0,0
10.3636,-1.0,10,7,3,0,0
10.3636,-1.0,10,10,3,0,0
10.5000,-1.0,10,1,3,0,0
10.5000,-1.0,10,4,3,0,0
10.6364,-1.0,80,7,3,0,0
10.6364,11.3182,100,7,3,0,0
10.7727,-1.0,50,3,4,0,0
10.7727,-1.0,900,7,3,0,0
10.9091,-1.0,900,7,3,0,0
11.0455,-1.0,50,9,4,0,0
11.1818,-1.0,900,7,3,0,0
11.3182,-1.0,50,3,4,0,0
11.4545,-1.0,20,7,3,0,0
11.4545,-1.0,20,10,3,0,0
11.5909,-1.0,10,1,3,0,0
11.7273,-1.0,10,4,3,0,0
11.8636,-1.0,10,7,3,0,0
12.0,-1.0,10,1,3,0,0
12.0,-1.0,10,4,3,0,0
12.1364,-1.0,10,7,3,0,0
12.1364,-1.0,10,10,3,0,0
12.2727,-1.0,80,4,3,0,0
12.2727,12.9545,100,4,3,0,0
12.4091,-1.0,900,4,3,0,0
12.4091,-1.0,50,7,4,0,0
12.5455,-1.0,900,4,3,0,0
12.6818,-1.0,50,1,4,0,0
12.8182,-1.0,900,4,3,0,0
12.9545,-1.0,50,7,4,0,0
13.0909,-1.0,50,1,3,0,0
13.0909,-1.0,50,4,3,0,0
13.2273,-1.0,10,10,3,0,0
13.3636,-1.0,10,7,3,0,0
13.5000,-1.0,50,2,3,0,0
13.5000,-1.0,50,5,3,0,0
13.6364,-1.0,10,11,2,0,0
13.7727,-1.0,10,8,3,0,0
13.9091,-1.0,10,1,3,0,0
13.9091,-1.0,10,4,3,0,0
14.0455,-1.0,10,7,3,0,0
14.1136,-1.0,10,4,3,0,0
14.1818,-1.0,10,7,3,0,0
14.3182,-1.0,10,1,3,0,0
14.3182,-1.0,10,10,3,0,0
14.4545,-1.0,10,4,3,0,0
14.5909,-1.0,10,7,3,0,0
14.7273,-1.0,20,1,3,0,0
14.7273,-1.0,20,4,3,0,0
14.8636,-1.0,10,10,3,0,0
15.0,-1.0,10,7,3,0,0
15.1364,-1.0,10,4,3,0,0
15.2727,-1.0,10,7,3,0,0
15.2727,-1.0,10,10,3,0,0
15.4091,-1.0,10,1,3,0,0
15.4091,-1.0,10,4,3,0,0
15.5455,-1.0,80,7,3,0,0
15.5455,16.2273,100,7,3,0,0
15.6818,-1.0,50,3,4,0,0
15.6818,-1.0,900,7,3,0,0
15.8182,-1.0,900,7,3,0,0
15.9545,-1.0,50,9,4,0,0
16.0909,-1.0,900,7,3,0,0
16.2273,-1.0,50,3,4,0,0
16.3636,-1.0,10,7,3,0,0
16.3636,-1.0,10,10,3,0,0
16.5000,-1.0,10,1,3,0,0
16.6364,-1.0,10,4,3,0,0
16.7727,-1.0,10,7,3,0,0
16.9091,-1.0,10,1,3,0,0
16.9091,-1.0,10,4,3,0,0
17.0455,-1.0,10,7,3,0,0
17.0455,-1.0,10,10,3,0,0
17.1818,-1.0,80,4,3,0,0
17.1818,17.8636,100,4,3,0,0
17.3182,-1.0,900,4,3,0,0
17.3182,-1.0,50,7,4,0,0
17.4545,-1.0,900,4,3,0,0
17.5909,-1.0,50,1,4,0,0
17.7273,-1.0,900,4,3,0,0
17.8636,-1.0,50,7,4,0,0
18.0,-1.0,20,1,3,0,0
18.0,-1.0,20,4,3,0,0
18.1364,-1.0,10,10,3,0,0
18.2727,-1.0,10,7,3,0,0
18.4091,-1.0,10,4,3,0,0
18.5455,-1.0,10,7,3,0,0
18.5455,-1.0,10,10,3,0,0
18.6818,-1.0,10,1,3,0,0
18.6818,-1.0,10,4,3,0,0
18.8182,-1.0,80,7,3,0,0
18.8182,19.5000,100,7,3,0,0
18.9545,-1.0,50,3,4,0,0
18.9545,-1.0,900,7,3,0,0
19.0909,-1.0,900,7,3,0,0
19.2273,-1.0,50,9,4,0,0
19.3636,-1.0,900,7,3,0,0
19.5000,-1.0,50,3,4,0,0
19.6364,-1.0,50,7,3,0,0
19.6364,-1.0,50,10,3,0,0
19.7727,-1.0,80,4,2,0,0
19.7727,19.9091,100,4,2,0,0
19.9091,-1.0,80,1,2,0,0
19.9091,20.0455,100,1,2,0,0
20.0455,-1.0,80,4,2,0,0
20.0455,20.1818,100,4,2,0,0
20.1818,-1.0,80,7,2,0,0
20.1818,20.3182,100,7,2,0,0
20.3182,-1.0,80,10,2,0,0
20.3182,20.4545,100,10,2,0,0
20.4545,-1.0,50,1,3,0,0
20.4545,-1.0,50,4,3,0,0
20.5909,-1.0,80,8,2,0,0
20.5909,20.7273,100,8,2,0,0
20.7273,-1.0,80,11,2,0,0
20.7273,20.8636,100,11,2,0,0
20.8636,-1.0,80,8,2,0,0
20.8636,21.0,100,8,2,0,0
21.0,-1.0,80,5,2,0,0
21.0,21.1364,100,5,2,0,0
21.1364,-1.0,80,2,2,0,0
21.1364,21.2727,100,2,2,0,0
21.2727,-1.0,10,8,2,0,0
21.2727,-1.0,10,11,2,0,0
21.5455,-1.0,10,8,2,0,0
21.6818,-1.0,80,11,2,0,0
21.6818,21.9545,100,11,2,0,0
21.8182,-1.0,900,11,2,0,0
21.9545,-1.0,10,4,2,0,0
22.0909,-1.0,80,7,2,0,0
22.0909,22.3636,100,7,2,0,0
22.2273,-1.0,900,7,2,0,0
22.3636,-1.0,80,4,2,0,0
22.3636,22.6364,100,4,2,0,0
22.5000,-1.0,900,4,2,0,0
22.6364,-1.0,10,1,2,0,0
22.7727,-1.0,10,7,2,0,0
22.9091,-1.0,80,11,2,0,0
22.9091,23.3182,100,11,2,0,0
23.0455,-1.0,900,11,2,0,0
23.1818,-1.0,10,4,2,0,0
23.1818,-1.0,900,11,2,0,0
23.3182,-1.0,82,8,2,0,0
23.3182,23.7273,110,8,2,0,0
23.4545,-1.0,900,8,2,0,0
23.5909,-1.0,10,5,2,0,0
23.5909,-1.0,900,8,2,0,0
23.7273,-1.0,80,2,2,0,0
23.7273,24.4091,100,2,2,0,0
23.8636,-1.0,900,2,2,0,0
23.8636,-1.0,10,11,2,0,0
24.0,-1.0,900,2,2,0,0
24.0,-1.0,10,8,2,0,0
24.1364,-1.0,900,2,2,0,0
24.1364,-1.0,10,5,2,0,0
24.2727,-1.0,900,2,2,0,0
24.2727,-1.0,10,8,2,0,0
24.4091,-1.0,10,11,2,0,0
24.5455,-1.0,10,1,2,0,0
24.5455,-1.0,10,4,2,0,0
24.8182,-1.0,10,4,2,0,0
24.9545,-1.0,80,1,2,0,0
24.9545,25.2273,100,1,2,0,0
25.0909,-1.0,900,1,2,0,0
25.2273,-1.0,10,8,2,0,0
25.3636,-1.0,80,5,2,0,0
25.3636,25.6364,100,5,2,0,0
25.5000,-1.0,900,5,2,0,0
25.6364,-1.0,80,8,2,0,0
25.6364,25.9091,100,8,2,0,0
25.7727,-1.0,900,8,2,0,0
25.9091,-1.0,10,11,2,0,0
26.0455,-1.0,10,3,2,0,0
26.1818,-1.0,10,1,2,0,0
26.1818,-1.0,82,6,2,0,0
26.1818,27.5455,110,6,2,0,0
26.3182,-1.0,900,6,2,0,0
26.4545,-1.0,82,3,3,0,0
26.4545,26.5909,110,3,3,JumpScratch,6
26.4545,-1.0,900,6,2,0,0
26.7273,-1.0,900,6,2,0,0
26.8636,-1.0,900,6,2,0,0
26.8636,-1.0,82,8,3,0,0
26.8636,27.0,110,8,3,JumpScratch,-6
27.1364,-1.0,900,6,2,0,0
27.1364,-1.0,31,6,2,0,0
27.2727,-1.0,82,3,3,0,0
27.2727,27.5455,110,3,3,0,0
27.2727,-1.0,900,6,2,0,0
27.2727,-1.0,82,8,3,0,0
27.2727,27.5455,110,8,3,0,0
27.4091,-1.0,900,3,3,0,0
27.4091,-1.0,900,6,2,0,0
27.4091,-1.0,900,8,3,0,0
27.8182,-1.0,10,8,2,0,0
27.8182,-1.0,10,11,2,0,0
28.0909,-1.0,10,8,2,0,0
28.2273,-1.0,80,11,2,0,0
28.2273,28.5000,100,11,2,0,0
28.3636,-1.0,900,11,2,0,0
28.5000,-1.0,10,4,2,0,0
28.6364,-1.0,80,7,2,0,0
28.6364,28.9091,100,7,2,0,0
28.7727,-1.0,900,7,2,0,0
28.9091,-1.0,50,3,2,0,0
29.1818,-1.0,10,8,2,0,0
29.3182,-1.0,10,5,2,0,0
29.4545,-1.0,82,1,2,0,0
29.4545,29.8636,110,1,2,0,0
29.4545,-1.0,10,11,2,0,0
29.5909,-1.0,900,1,2,0,0
29.7273,-1.0,900,1,2,0,0
29.7273,-1.0,10,4,2,0,0
29.8636,-1.0,10,8,2,0,0
29.8636,-1.0,82,11,2,0,0
29.8636,30.2727,110,11,2,0,0
30.0,-1.0,900,11,2,0,0
30.1364,-1.0,10,4,2,0,0
30.1364,-1.0,900,11,2,0,0
30.2727,-1.0,80,1,2,0,0
30.2727,30.5455,100,1,2,0,0
30.4091,-1.0,900,1,2,0,0
30.4091,-1.0,10,7,2,0,0
30.5455,-1.0,10,4,2,0,0
30.6818,-1.0,10,1,2,0,0
30.8182,-1.0,10,4,2,0,0
30.9545,-1.0,10,7,2,0,0
31.0909,-1.0,80,11,2,0,0
31.0909,31.3636,100,11,2,0,0
31.2273,-1.0,900,11,2,0,0
31.5000,-1.0,80,7,2,0,0
31.5000,31.7727,100,7,2,0,0
31.5000,-1.0,80,10,2,0,0
31.5000,31.7727,100,10,2,0,0
31.6364,-1.0,900,7,2,0,0
31.6364,-1.0,900,10,2,0,0
31.9091,-1.0,80,3,2,0,0
31.9091,32.1818,100,3,2,0,0
31.9091,-1.0,80,6,2,0,0
31.9091,32.1818,100,6,2,0,0
31.9091,-1.0,80,9,2,0,0
31.9091,32.1818,100,9,2,0,0
32.0455,-1.0,900,3,2,0,0
32.0455,-1.0,900,6,2,0,0
32.0455,-1.0,900,9,2,0,0
32.3182,-1.0,80,2,2,0,0
32.3182,32.5909,100,2,2,0,0
32.3182,-1.0,80,5,2,0,0
32.3182,32.5909,100,5,2,0,0
32.4545,-1.0,900,2,2,0,0
32.4545,-1.0,900,5,2,0,0
32.7273,-1.0,80,1,2,0,0
32.7273,33.0,100,1,2,0,0
32.8636,-1.0,900,1,2,0,0
33.1364,-1.0,80,2,2,0,0
33.1364,33.4091,100,2,2,0,0
33.1364,-1.0,80,5,2,0,0
33.1364,33.4091,100,5,2,0,0
33.2727,-1.0,900,2,2,0,0
33.2727,-1.0,900,5,2,0,0
33.5455,-1.0,80,3,2,0,0
33.5455,33.8182,100,3,2,0,0
33.5455,-1.0,80,6,2,0,0
33.5455,33.8182,100,6,2,0,0
33.5455,-1.0,80,9,2,0,0
33.5455,33.8182,100,9,2,0,0
33.6818,-1.0,900,3,2,0,0
33.6818,-1.0,900,6,2,0,0
33.6818,-1.0,900,9,2,0,0
33.9545,-1.0,50,7,2,0,0
33.9545,-1.0,50,10,2,0,0
34.2273,-1.0,10,1,2,0,0
34.2955,-1.0,10,4,2,0,0
34.3636,-1.0,20,7,3,0,0
34.6364,-1.0,10,7,2,0,0
34.7727,-1.0,80,1,2,0,0
34.7727,35.0455,100,1,2,0,0
34.7727,-1.0,80,4,2,0,0
34.7727,35.0455,100,4,2,0,0
34.9091,-1.0,900,1,2,0,0
34.9091,-1.0,900,4,2,0,0
35.0455,-1.0,10,8,2,0,0
35.1818,-1.0,80,2,2,0,0
35.1818,35.4545,100,2,2,0,0
35.1818,-1.0,80,5,2,0,0
35.1818,35.4545,100,5,2,0,0
35.3182,-1.0,900,2,2,0,0
35.3182,-1.0,900,5,2,0,0
35.4545,-1.0,10,8,2,0,0
35.5909,-1.0,80,3,2,0,0
35.5909,35.8636,100,3,2,0,0
35.5909,-1.0,80,6,2,0,0
35.5909,35.8636,100,6,2,0,0
35.7273,-1.0,900,3,2,0,0
35.7273,-1.0,900,6,2,0,0
35.8636,-1.0,10,10,2,0,0
36.0,-1.0,80,3,2,0,0
36.0,36.2727,100,3,2,0,0
36.0,-1.0,80,6,2,0,0
36.0,36.2727,100,6,2,0,0
36.0,-1.0,50,9,3,JumpScratch,3
36.1364,-1.0,900,3,2,0,0
36.1364,-1.0,900,6,2,0,0
36.4091,-1.0,80,2,2,0,0
36.4091,36.6818,100,2,2,0,0
36.4091,-1.0,80,5,2,0,0
36.4091,36.6818,100,5,2,0,0
36.4091,-1.0,50,8,3,JumpScratch,3
36.5455,-1.0,900,2,2,0,0
36.5455,-1.0,900,5,2,0,0
36.6818,-1.0,82,8,2,0,0
36.6818,36.8182,110,8,2,JumpScratch,3
36.8182,-1.0,80,1,2,0,0
36.8182,37.5000,100,1,2,0,0
36.8182,-1.0,10,4,2,0,0
36.9545,-1.0,900,1,2,0,0
36.9545,-1.0,10,11,2,0,0
37.0909,-1.0,900,1,2,0,0
37.0909,-1.0,10,8,2,0,0
37.2273,-1.0,900,1,2,0,0
37.2273,-1.0,10,5,2,0,0
37.3636,-1.0,900,1,2,0,0
37.3636,-1.0,10,8,2,0,0
37.5000,-1.0,10,11,2,0,0
37.6364,-1.0,10,4,2,0,0
37.6364,-1.0,10,8,2,0,0
37.9091,-1.0,10,5,2,0,0
38.0455,-1.0,80,8,2,0,0
38.0455,38.3182,100,8,2,0,0
38.0455,-1.0,80,11,2,0,0
38.0455,38.3182,100,11,2,0,0
38.1818,-1.0,900,8,2,0,0
38.1818,-1.0,900,11,2,0,0
38.3182,-1.0,10,4,2,0,0
38.4545,-1.0,80,7,2,0,0
38.4545,38.7273,100,7,2,0,0
38.4545,-1.0,80,10,2,0,0
38.4545,38.7273,100,10,2,0,0
38.5909,-1.0,900,7,2,0,0
38.5909,-1.0,900,10,2,0,0
38.7273,-1.0,10,3,2,0,0
38.8636,-1.0,80,6,2,0,0
38.8636,39.1364,100,6,2,0,0
38.8636,-1.0,80,9,2,0,0
38.8636,39.1364,100,9,2,0,0
39.0,-1.0,900,6,2,0,0
39.0,-1.0,900,9,2,0,0
39.1364,-1.0,10,2,2,0,0
39.2727,-1.0,50,4,3,JumpScratch,-3
39.2727,-1.0,82,8,2,0,0
39.2727,39.6818,110,8,2,JumpScratch,-3
39.2727,-1.0,82,11,2,0,0
39.2727,39.6818,110,11,2,JumpScratch,-3
39.4091,-1.0,900,8,2,0,0
39.4091,-1.0,900,11,2,0,0
39.5455,-1.0,900,8,2,0,0
39.5455,-1.0,900,11,2,0,0
39.6818,-1.0,82,1,2,0,0
39.6818,40.0909,110,1,2,JumpScratch,3
39.6818,-1.0,82,4,2,0,0
39.6818,40.0909,110,4,2,JumpScratch,4
39.8182,-1.0,900,1,2,0,0
39.8182,-1.0,900,4,2,0,0
39.9545,-1.0,900,1,2,0,0
39.9545,-1.0,900,4,2,0,0
40.0909,-1.0,82,8,2,0,0
40.0909,40.3636,110,8,2,0,0
40.0909,-1.0,82,11,2,0,0
40.0909,40.3636,110,11,2,0,0
40.2273,-1.0,900,8,2,0,0
40.2273,-1.0,900,11,2,0,0
40.3636,-1.0,80,5,2,0,0
40.3636,40.5000,100,5,2,0,0
40.6364,-1.0,80,4,2,0,0
40.6364,40.7727,100,4,2,0,0
40.6364,-1.0,50,7,2,0,0
40.6364,-1.0,50,10,2,0,0
40.9091,-1.0,10,8,2,0,0
40.9091,-1.0,10,11,2,0,0
41.1818,-1.0,80,1,2,0,0
41.1818,41.3182,100,1,2,0,0
41.3182,-1.0,80,4,2,0,0
41.3182,41.4545,100,4,2,0,0
41.4545,-1.0,80,7,2,0,0
41.4545,41.5909,100,7,2,0,0
41.5909,-1.0,80,4,2,0,0
41.5909,41.7273,100,4,2,0,0
41.7273,-1.0,82,1,2,0,0
41.7273,42.1364,110,1,2,JumpScratch,4
41.7273,-1.0,50,10,2,0,0
41.8636,-1.0,900,1,2,0,0
42.0,-1.0,900,1,2,0,0
42.0,-1.0,80,8,2,0,0
42.0,42.1364,100,8,2,0,0
42.1364,-1.0,82,11,2,0,0
42.1364,42.5455,110,11,2,JumpScratch,-6
42.2727,-1.0,900,11,2,0,0
42.4091,-1.0,80,4,2,0,0
42.4091,42.5455,100,4,2,0,0
42.4091,-1.0,900,11,2,0,0
42.5455,-1.0,82,1,2,0,0
42.5455,42.9545,110,1,2,JumpScratch,6
42.6818,-1.0,900,1,2,0,0
42.8182,-1.0,900,1,2,0,0
42.9545,-1.0,80,8,2,0,0
42.9545,43.2273,100,8,2,0,0
42.9545,-1.0,82,11,2,0,0
42.9545,43.3636,110,11,2,JumpScratch,-6
43.0909,-1.0,900,8,2,0,0
43.0909,-1.0,900,11,2,0,0
43.2273,-1.0,80,4,2,0,0
43.2273,43.3636,100,4,2,0,0
43.2273,-1.0,900,11,2,0,0
43.3636,-1.0,80,1,2,0,0
43.3636,43.9091,100,1,2,0,0
43.5000,-1.0,900,1,2,0,0
43.6364,-1.0,900,1,2,0,0
43.6364,-1.0,10,11,2,0,0
43.7727,-1.0,900,1,2,0,0
43.7727,-1.0,10,8,2,0,0
43.9091,-1.0,10,5,2,0,0
44.0455,-1.0,10,2,2,0,0
44.1818,-1.0,80,6,2,0,0
44.1818,44.7273,100,6,2,0,0
44.1818,-1.0,80,9,2,0,0
44.1818,44.7273,100,9,2,0,0
44.3182,-1.0,900,6,2,0,0
44.3182,-1.0,900,9,2,0,0
44.4545,-1.0,10,3,2,0,0
44.4545,-1.0,900,6,2,0,0
44.4545,-1.0,900,9,2,0,0
44.5909,-1.0,10,1,2,0,0
44.5909,-1.0,900,6,2,0,0
44.5909,-1.0,900,9,2,0,0
44.8636,-1.0,10,4,2,0,0
45.0,-1.0,10,1,2,0,0
45.0,-1.0,80,11,2,0,0
45.0,45.4091,100,11,2,0,0
45.1364,-1.0,10,8,2,0,0
45.1364,-1.0,900,11,2,0,0
45.2727,-1.0,10,5,2,0,0
45.2727,-1.0,900,11,2,0,0
45.4091,-1.0,80,8,2,0,0
45.4091,45.6818,100,8,2,0,0
45.5455,-1.0,10,5,2,0,0
45.5455,-1.0,900,8,2,0,0
45.6818,-1.0,10,2,2,0,0
45.8182,-1.0,10,5,2,0,0
45.9545,-1.0,80,1,2,0,0
45.9545,46.6364,100,1,2,0,0
46.0909,-1.0,900,1,2,0,0
46.0909,-1.0,10,8,2,0,0
46.2273,-1.0,900,1,2,0,0
46.2273,-1.0,10,4,2,0,0
46.3636,-1.0,900,1,2,0,0
46.3636,-1.0,10,7,2,0,0
46.5000,-1.0,900,1,2,0,0
46.5000,-1.0,10,10,2,0,0
46.6364,-1.0,10,7,2,0,0
46.7727,-1.0,10,4,2,0,0
46.9091,-1.0,10,1,2,0,0
46.9091,-1.0,10,11,2,0,0
47.0455,-1.0,10,1,3,0,0
47.0455,-1.0,10,10,3,0,0
47.1818,-1.0,10,7,3,0,0
47.3182,-1.0,10,4,3,0,0
47.4545,-1.0,10,1,2,0,0
47.8636,-1.0,10,4,2,0,0
48.2727,-1.0,10,7,2,0,0
49.0909,-1.0,10,1,2,0,0
49.5000,-1.0,10,10,2,0,0
49.9091,-1.0,10,5,2,0,0
50.7273,-1.0,20,1,3,0,0
50.7273,-1.0,10,5,2,0,0
50.7273,-1.0,50,10,3,0,0
51.0,-1.0,10,9,2,0,0
51.1364,-1.0,10,7,2,0,0
51.2727,-1.0,10,5,2,0,0
51.4091,-1.0,10,3,2,0,0
51.5455,-1.0,10,7,3,0,0
51.5455,-1.0,20,10,3,0,0
51.6818,-1.0,10,4,4,0,0
51.8182,-1.0,10,7,3,0,0
51.8182,-1.0,20,10,3,0,0
51.9545,-1.0,10,4,4,0,0
52.0909,-1.0,10,10,3,0,0
52.1591,-1.0,10,7,3,0,0
52.2273,-1.0,10,4,3,0,0
52.3636,-1.0,10,1,3,0,0
52.4318,-1.0,10,4,3,0,0
52.5000,-1.0,10,7,3,0,0
52.6364,-1.0,80,1,2,0,0
52.6364,53.1818,100,1,2,0,0
52.6364,-1.0,10,4,3,0,0
52.7727,-1.0,900,1,2,0,0
52.9091,-1.0,900,1,2,0,0
52.9091,-1.0,50,9,4,0,0
53.0455,-1.0,900,1,2,0,0
53.1818,-1.0,80,4,2,0,0
53.1818,53.7273,100,4,2,0,0
53.1818,-1.0,10,7,3,0,0
53.3182,-1.0,900,4,2,0,0
53.3182,-1.0,10,7,3,0,0
53.4545,-1.0,900,4,2,0,0
53.4545,-1.0,50,9,4,0,0
53.5909,-1.0,900,4,2,0,0
53.5909,-1.0,10,7,3,0,0
53.7273,-1.0,20,1,3,0,0
53.8636,-1.0,10,7,3,0,0
54.0,-1.0,10,1,3,0,0
54.0,-1.0,50,9,4,0,0
54.1364,-1.0,10,4,3,0,0
54.2727,-1.0,20,10,3,0,0
54.3409,-1.0,10,7,3,0,0
54.4091,-1.0,10,4,3,0,0
54.4773,-1.0,10,1,3,0,0
54.5455,-1.0,20,10,3,0,0
54.6136,-1.0,10,7,3,0,0
54.6818,-1.0,10,4,3,0,0
54.7500,-1.0,10,1,3,0,0
54.8182,-1.0,81,7,3,0,0
54.8182,55.0909,101,7,3,0,0
54.8182,-1.0,81,10,3,0,0
54.8182,55.0909,101,10,3,0,0
54.9545,-1.0,900,7,3,0,0
54.9545,-1.0,900,10,3,0,0
55.0909,-1.0,10,4,3,0,0
55.2273,-1.0,81,1,3,0,0
55.2273,55.5000,101,1,3,0,0
55.2273,-1.0,81,4,3,0,0
55.2273,55.5000,101,4,3,0,0
55.2273,-1.0,10,10,3,0,0
55.3636,-1.0,900,1,3,0,0
55.3636,-1.0,900,4,3,0,0
55.5000,-1.0,10,7,3,0,0
55.6364,-1.0,83,1,3,0,0
55.6364,55.9091,110,1,3,0,0
55.6364,-1.0,83,7,3,0,0
55.6364,55.9091,110,7,3,0,0
55.6364,-1.0,83,10,3,0,0
55.6364,55.9091,110,10,3,0,0
55.7727,-1.0,900,1,3,0,0
55.7727,-1.0,900,7,3,0,0
55.7727,-1.0,900,10,3,0,0
57.0,-1.0,82,5,3,0,0
57.0,57.0341,110,5,3,JumpScratch,-5
57.0,-1.0,81,8,2,0,0
57.0,57.2727,101,8,2,0,0
57.0,-1.0,81,11,2,0,0
57.0,57.2727,101,11,2,0,0
57.0341,57.0682,110,3,3,JumpScratch,-4
57.0682,57.2727,100,2,3,0,0
57.1364,-1.0,900,8,2,0,0
57.1364,-1.0,900,11,2,0,0
57.2045,-1.0,900,2,3,0,0
57.4091,-1.0,82,4,3,0,0
57.4091,57.4432,110,4,3,JumpScratch,-5
57.4091,-1.0,81,7,3,0,0
57.4091,57.6818,101,7,3,0,0
57.4091,-1.0,81,10,3,0,0
57.4091,57.6818,101,10,3,0,0
57.4432,57.4773,110,2,3,JumpScratch,-4
57.4773,57.6818,100,1,3,0,0
57.5455,-1.0,900,7,3,0,0
57.5455,-1.0,900,10,3,0,0
57.6136,-1.0,900,1,3,0,0
57.8182,-1.0,81,1,2,0,0
57.8182,58.0909,101,1,2,0,0
57.8182,-1.0,81,4,2,0,0
57.8182,58.0909,101,4,2,0,0
57.8182,-1.0,82,6,3,0,0
57.8182,57.8523,110,6,3,JumpScratch,5
57.8523,57.8864,110,8,3,JumpScratch,4
57.8864,58.0909,100,9,3,0,0
57.9545,-1.0,900,1,2,0,0
57.9545,-1.0,900,4,2,0,0
58.0227,-1.0,900,9,3,0,0
58.2273,-1.0,81,1,3,0,0
58.2273,58.5000,101,1,3,0,0
58.2273,-1.0,81,4,3,0,0
58.2273,58.5000,101,4,3,0,0
58.2273,-1.0,82,7,3,0,0
58.2273,58.2614,110,7,3,JumpScratch,5
58.2614,58.2955,110,9,3,JumpScratch,4
58.2955,58.5000,100,10,3,0,0
58.3636,-1.0,900,1,3,0,0
58.3636,-1.0,900,4,3,0,0
58.4318,-1.0,900,10,3,0,0
58.6364,-1.0,82,5,3,0,0
58.6364,58.6705,110,5,3,JumpScratch,-5
58.6364,-1.0,81,8,2,0,0
58.6364,58.9091,101,8,2,0,0
58.6364,-1.0,81,11,2,0,0
58.6364,58.9091,101,11,2,0,0
58.6705,58.7045,110,3,3,JumpScratch,-4
58.7045,58.9091,100,2,3,0,0
58.7727,-1.0,900,8,2,0,0
58.7727,-1.0,900,11,2,0,0
58.8409,-1.0,900,2,3,0,0
59.0455,-1.0,82,4,3,0,0
59.0455,59.0795,110,4,3,JumpScratch,-5
59.0455,-1.0,81,7,3,0,0
59.0455,59.3182,101,7,3,0,0
59.0455,-1.0,81,10,3,0,0
59.0455,59.3182,101,10,3,0,0
59.0795,59.1136,110,2,3,JumpScratch,-4
59.1136,59.3182,100,1,3,0,0
59.1818,-1.0,900,7,3,0,0
59.1818,-1.0,900,10,3,0,0
59.2500,-1.0,900,1,3,0,0
59.4545,-1.0,81,1,2,0,0
59.4545,59.7273,101,1,2,0,0
59.4545,-1.0,81,4,2,0,0
59.4545,59.7273,101,4,2,0,0
59.4545,-1.0,82,6,3,0,0
59.4545,59.4886,110,6,3,JumpScratch,5
59.4886,59.5227,110,8,3,JumpScratch,4
59.5227,59.7273,100,9,3,0,0
59.5909,-1.0,900,1,2,0,0
59.5909,-1.0,900,4,2,0,0
59.6591,-1.0,900,9,3,0,0
59.8636,-1.0,81,1,3,0,0
59.8636,60.1364,101,1,3,0,0
59.8636,-1.0,81,4,3,0,0
59.8636,60.1364,101,4,3,0,0
59.8636,-1.0,82,7,3,0,0
59.8636,59.8977,110,7,3,JumpScratch,5
59.8977,59.9318,110,9,3,JumpScratch,4
59.9318,60.1364,100,10,3,0,0
60.0,-1.0,900,1,3,0,0
60.0,-1.0,900,4,3,0,0
60.0682,-1.0,900,10,3,0,0
60.2727,-1.0,20,4,3,0,0
60.2727,-1.0,20,7,3,0,0
60.4091,-1.0,10,10,3,0,0
60.5455,-1.0,20,4,3,0,0
60.5455,-1.0,20,7,3,0,0
60.6818,-1.0,10,1,3,0,0
60.8182,-1.0,82,5,3,0,0
60.8182,60.8523,110,5,3,JumpScratch,-5
60.8182,-1.0,81,8,2,0,0
60.8182,61.0909,101,8,2,0,0
60.8182,-1.0,81,11,2,0,0
60.8182,61.0909,101,11,2,0,0
60.8523,60.8864,110,3,3,JumpScratch,-4
60.8864,61.0909,100,2,3,0,0
60.9545,-1.0,900,8,2,0,0
60.9545,-1.0,900,11,2,0,0
61.0227,-1.0,900,2,3,0,0
61.2273,-1.0,81,1,2,0,0
61.2273,61.5000,101,1,2,0,0
61.2273,-1.0,81,4,2,0,0
61.2273,61.5000,101,4,2,0,0
61.2273,-1.0,82,6,3,0,0
61.2273,61.2614,110,6,3,JumpScratch,5
61.2614,61.2955,110,8,3,JumpScratch,4
61.2955,61.5000,100,9,3,0,0
61.3636,-1.0,900,1,2,0,0
61.3636,-1.0,900,4,2,0,0
61.4318,-1.0,900,9,3,0,0
61.6364,-1.0,82,4,3,0,0
61.6364,61.6705,110,4,3,JumpScratch,-5
61.6364,-1.0,81,7,3,0,0
61.6364,61.9091,101,7,3,0,0
61.6364,-1.0,81,11,2,0,0
61.6364,61.9091,101,11,2,0,0
61.6705,61.7045,110,2,3,JumpScratch,-4
61.7045,61.9091,100,1,3,0,0
61.7727,-1.0,900,7,3,0,0
61.7727,-1.0,900,11,2,0,0
61.8409,-1.0,900,1,3,0,0
62.0455,-1.0,81,1,2,0,0
62.0455,62.3182,101,1,2,0,0
62.0455,-1.0,81,4,3,0,0
62.0455,62.3182,101,4,3,0,0
62.0455,-1.0,82,7,3,0,0
62.0455,62.0795,110,7,3,JumpScratch,5
62.0795,62.1136,110,9,3,JumpScratch,4
62.1136,62.3182,100,10,3,0,0
62.1818,-1.0,900,1,2,0,0
62.1818,-1.0,900,4,3,0,0
62.2500,-1.0,900,10,3,0,0
62.4545,-1.0,82,4,3,0,0
62.4545,62.4886,110,4,3,JumpScratch,-5
62.4545,-1.0,81,7,3,0,0
62.4545,62.7273,101,7,3,0,0
62.4545,-1.0,81,10,3,0,0
62.4545,62.7273,101,10,3,0,0
62.4886,62.5227,110,2,3,JumpScratch,-4
62.5227,62.7273,100,1,3,0,0
62.5909,-1.0,900,7,3,0,0
62.5909,-1.0,900,10,3,0,0
62.6591,-1.0,900,1,3,0,0
62.8636,-1.0,81,1,3,0,0
62.8636,63.1364,101,1,3,0,0
62.8636,-1.0,81,4,3,0,0
62.8636,63.1364,101,4,3,0,0
62.8636,-1.0,82,7,3,0,0
62.8636,62.8977,110,7,3,JumpScratch,5
62.8977,62.9318,110,9,3,JumpScratch,4
62.9318,63.1364,100,10,3,0,0
63.0,-1.0,900,1,3,0,0
63.0,-1.0,900,4,3,0,0
63.0682,-1.0,900,10,3,0,0
63.2727,-1.0,10,1,3,0,0
63.2727,-1.0,10,7,3,0,0
63.4091,-1.0,10,4,3,0,0
63.5455,-1.0,20,1,3,0,0
63.5455,-1.0,81,10,3,0,0
63.5455,63.8182,101,10,3,0,0
63.6818,-1.0,10,7,3,0,0
63.6818,-1.0,900,10,3,0,0
63.8182,-1.0,10,4,3,0,0
63.9545,-1.0,81,1,3,0,0
63.9545,64.2273,101,1,3,0,0
63.9545,-1.0,20,10,3,0,0
64.0909,-1.0,900,1,3,0,0
64.0909,-1.0,10,4,3,0,0
64.2273,-1.0,10,7,3,0,0
64.3636,-1.0,20,1,3,0,0
64.3636,-1.0,20,4,3,0,0
64.5000,-1.0,20,7,3,0,0
64.5000,-1.0,20,10,3,0,0
64.6364,-1.0,81,1,2,0,0
64.6364,64.9091,101,1,2,0,0
64.6364,-1.0,81,4,2,0,0
64.6364,64.9091,101,4,2,0,0
64.6364,-1.0,82,6,3,0,0
64.6364,64.6705,110,6,3,JumpScratch,5
64.6705,64.7045,110,8,3,JumpScratch,4
64.7045,64.9091,100,9,3,0,0
64.7727,-1.0,900,1,2,0,0
64.7727,-1.0,900,4,2,0,0
64.8409,-1.0,900,9,3,0,0
65.0455,-1.0,81,1,3,0,0
65.0455,65.3182,101,1,3,0,0
65.0455,-1.0,81,4,3,0,0
65.0455,65.3182,101,4,3,0,0
65.0455,-1.0,82,7,3,0,0
65.0455,65.0795,110,7,3,JumpScratch,5
65.0795,65.1136,110,9,3,JumpScratch,4
65.1136,65.3182,100,10,3,0,0
65.1818,-1.0,900,1,3,0,0
65.1818,-1.0,900,4,3,0,0
65.2500,-1.0,900,10,3,0,0
65.4545,-1.0,82,5,3,0,0
65.4545,65.4886,110,5,3,JumpScratch,-5
65.4545,-1.0,81,8,2,0,0
65.4545,65.7273,101,8,2,0,0
65.4545,-1.0,81,11,2,0,0
65.4545,65.7273,101,11,2,0,0
65.4886,65.5227,110,3,3,JumpScratch,-4
65.5227,65.7273,100,2,3,0,0
65.5909,-1.0,900,8,2,0,0
65.5909,-1.0,900,11,2,0,0
65.6591,-1.0,900,2,3,0,0
65.8636,-1.0,82,4,3,0,0
65.8636,65.8977,110,4,3,JumpScratch,-5
65.8636,-1.0,81,7,3,0,0
65.8636,66.1364,101,7,3,0,0
65.8636,-1.0,81,10,3,0,0
65.8636,66.1364,101,10,3,0,0
65.8977,65.9318,110,2,3,JumpScratch,-4
65.9318,66.1364,100,1,3,0,0
66.0,-1.0,900,7,3,0,0
66.0,-1.0,900,10,3,0,0
66.0682,-1.0,900,1,3,0,0
66.2727,-1.0,81,1,2,0,0
66.2727,66.5455,101,1,2,0,0
66.2727,-1.0,81,4,2,0,0
66.2727,66.5455,101,4,2,0,0
66.2727,-1.0,82,6,3,0,0
66.2727,66.3068,110,6,3,JumpScratch,5
66.3068,66.3409,110,8,3,JumpScratch,4
66.3409,66.5455,100,9,3,0,0
66.4091,-1.0,900,1,2,0,0
66.4091,-1.0,900,4,2,0,0
66.4773,-1.0,900,9,3,0,0
66.6818,-1.0,81,1,3,0,0
66.6818,66.9545,101,1,3,0,0
66.6818,-1.0,81,4,3,0,0
66.6818,66.9545,101,4,3,0,0
66.6818,-1.0,82,7,3,0,0
66.6818,66.7159,110,7,3,JumpScratch,5
66.7159,66.7500,110,9,3,JumpScratch,4
66.7500,66.9545,100,10,3,0,0
66.8182,-1.0,900,1,3,0,0
66.8182,-1.0,900,4,3,0,0
66.8864,-1.0,900,10,3,0,0
67.0909,-1.0,82,5,3,0,0
67.0909,67.1250,110,5,3,JumpScratch,-5
67.0909,-1.0,81,8,2,0,0
67.0909,67.3636,101,8,2,0,0
67.0909,-1.0,81,11,2,0,0
67.0909,67.3636,101,11,2,0,0
67.1250,67.1591,110,3,3,JumpScratch,-4
67.1591,67.3636,100,2,3,0,0
67.2273,-1.0,900,8,2,0,0
67.2273,-1.0,900,11,2,0,0
67.2955,-1.0,900,2,3,0,0
67.5000,-1.0,82,4,3,0,0
67.5000,67.5341,110,4,3,JumpScratch,-5
67.5000,-1.0,81,7,3,0,0
67.5000,67.7727,101,7,3,0,0
67.5000,-1.0,81,10,3,0,0
67.5000,67.7727,101,10,3,0,0
67.5341,67.5682,110,2,3,JumpScratch,-4
67.5682,67.7727,100,1,3,0,0
67.6364,-1.0,900,7,3,0,0
67.6364,-1.0,900,10,3,0,0
67.7045,-1.0,900,1,3,0,0
67.9091,-1.0,20,4,3,0,0
67.9091,-1.0,20,7,3,0,0
68.0455,-1.0,10,1,3,0,0
68.1818,-1.0,20,4,3,0,0
68.1818,-1.0,20,7,3,0,0
68.3182,-1.0,10,10,3,0,0
68.4545,-1.0,81,1,2,0,0
68.4545,68.7273,101,1,2,0,0
68.4545,-1.0,81,4,2,0,0
68.4545,68.7273,101,4,2,0,0
68.4545,-1.0,82,6,3,0,0
68.4545,68.4886,110,6,3,JumpScratch,5
68.4886,68.5227,110,8,3,JumpScratch,4
68.5227,68.7273,100,9,3,0,0
68.5909,-1.0,900,1,2,0,0
68.5909,-1.0,900,4,2,0,0
68.6591,-1.0,900,9,3,0,0
68.8636,-1.0,82,5,3,0,0
68.8636,68.8977,110,5,3,JumpScratch,-5
68.8636,-1.0,81,8,2,0,0
68.8636,69.1364,101,8,2,0,0
68.8636,-1.0,81,11,2,0,0
68.8636,69.1364,101,11,2,0,0
68.8977,68.9318,110,3,3,JumpScratch,-4
68.9318,69.1364,100,2,3,0,0
69.0,-1.0,900,8,2,0,0
69.0,-1.0,900,11,2,0,0
69.0682,-1.0,900,2,3,0,0
69.2727,-1.0,81,1,2,0,0
69.2727,69.5455,101,1,2,0,0
69.2727,-1.0,81,4,3,0,0
69.2727,69.5455,101,4,3,0,0
69.2727,-1.0,82,7,3,0,0
69.2727,69.3068,110,7,3,JumpScratch,5
69.3068,69.3409,110,9,3,JumpScratch,4
69.3409,69.5455,100,10,3,0,0
69.4091,-1.0,900,1,2,0,0
69.4091,-1.0,900,4,3,0,0
69.4773,-1.0,900,10,3,0,0
69.6818,-1.0,82,4,3,0,0
69.6818,69.7159,110,4,3,JumpScratch,-5
69.6818,-1.0,81,7,3,0,0
69.6818,69.9545,101,7,3,0,0
69.6818,-1.0,81,11,2,0,0
69.6818,69.9545,101,11,2,0,0
69.7159,69.7500,110,2,3,JumpScratch,-4
69.7500,69.9545,100,1,3,0,0
69.8182,-1.0,900,7,3,0,0
69.8182,-1.0,900,11,2,0,0
69.8864,-1.0,900,1,3,0,0
70.0909,-1.0,50,1,3,0,0
70.0909,-1.0,20,10,3,0,0
70.2273,-1.0,10,7,3,0,0
70.3636,-1.0,10,4,3,0,0
70.5000,-1.0,50,1,3,0,0
70.5000,-1.0,20,10,3,0,0
70.6364,-1.0,10,7,3,0,0
70.7727,-1.0,10,4,3,0,0
70.9091,-1.0,20,1,3,0,0
70.9091,-1.0,10,7,3,0,0
71.0455,-1.0,10,10,3,0,0
71.1818,-1.0,10,4,3,0,0
71.3182,-1.0,20,7,3,0,0
71.3182,-1.0,20,10,3,0,0
71.4545,-1.0,20,7,3,0,0
71.4545,-1.0,20,10,3,0,0
71.5909,-1.0,10,1,3,0,0
71.7273,-1.0,10,7,3,0,0
71.7273,-1.0,20,10,3,0,0
71.8636,-1.0,10,7,3,0,0
72.0,-1.0,10,1,3,0,0
72.0,-1.0,20,4,3,0,0
72.1364,-1.0,10,1,3,0,0
72.2727,-1.0,10,4,3,0,0
72.2727,-1.0,10,7,3,0,0
72.2727,-1.0,80,10,3,0,0
72.2727,72.8182,100,10,3,0,0
72.4091,-1.0,900,10,3,0,0
72.5455,-1.0,20,1,3,0,0
72.5455,-1.0,900,10,3,0,0
72.6818,-1.0,900,10,3,0,0
72.8182,-1.0,10,4,3,0,0
72.9545,-1.0,10,4,3,0,0
73.0909,-1.0,20,1,3,0,0
73.0909,-1.0,10,10,3,0,0
73.2273,-1.0,10,7,3,0,0
73.3636,-1.0,20,1,3,0,0
73.3636,-1.0,20,4,3,0,0
73.3636,-1.0,50,10,3,0,0
73.5000,-1.0,10,4,3,0,0
73.6364,-1.0,10,7,3,0,0
73.7727,-1.0,50,1,3,0,0
73.7727,-1.0,20,7,3,0,0
73.7727,-1.0,20,10,3,0,0
73.9091,-1.0,10,7,3,0,0
74.0455,-1.0,10,4,3,0,0
74.1818,-1.0,81,1,3,0,0
74.1818,74.7273,101,1,3,0,0
74.1818,-1.0,50,7,3,0,0
74.1818,-1.0,50,10,3,0,0
74.3182,-1.0,900,1,3,0,0
74.4545,-1.0,900,1,3,0,0
74.4545,-1.0,20,10,3,0,0
74.5909,-1.0,900,1,3,0,0
74.7273,-1.0,10,7,3,0,0
74.8636,-1.0,10,7,3,0,0
75.0,-1.0,10,1,3,0,0
75.0,-1.0,20,10,3,0,0
75.1364,-1.0,10,4,3,0,0
75.2727,-1.0,50,1,3,0,0
75.2727,-1.0,20,7,3,0,0
75.2727,-1.0,20,10,3,0,0
75.4091,-1.0,10,7,3,0,0
75.5455,-1.0,10,4,3,0,0
75.6818,-1.0,20,1,3,0,0
75.6818,-1.0,20,4,3,0,0
75.6818,-1.0,50,10,3,0,0
75.8182,-1.0,10,4,3,0,0
75.9545,-1.0,10,7,3,0,0
76.0909,-1.0,10,1,3,0,0
76.0909,-1.0,10,10,3,0,0
76.2273,-1.0,10,7,3,0,0
76.3636,-1.0,81,1,3,0,0
76.3636,76.6364,101,1,3,0,0
76.3636,-1.0,81,4,3,0,0
76.3636,76.6364,101,4,3,0,0
76.3636,-1.0,50,10,3,0,0
76.5000,-1.0,900,1,3,0,0
76.5000,-1.0,900,4,3,0,0
76.7727,-1.0,50,1,3,0,0
76.7727,-1.0,81,7,3,0,0
76.7727,77.0455,101,7,3,0,0
76.7727,-1.0,81,10,3,0,0
76.7727,77.0455,101,10,3,0,0
76.9091,-1.0,900,7,3,0,0
76.9091,-1.0,900,10,3,0,0
77.1818,-1.0,20,1,3,0,0
77.1818,-1.0,20,4,3,0,0
77.1818,-1.0,10,10,3,0,0
77.3182,-1.0,10,4,3,0,0
77.4545,-1.0,10,7,3,0,0
77.5909,-1.0,20,10,3,0,0
77.6591,-1.0,10,7,3,0,0
77.7273,-1.0,10,4,3,0,0
77.8636,-1.0,10,7,3,0,0
78.0,-1.0,81,1,3,0,0
78.0,78.2727,101,1,3,0,0
78.0,-1.0,81,4,3,0,0
78.0,78.2727,101,4,3,0,0
78.0,-1.0,50,10,3,0,0
78.1364,-1.0,900,1,3,0,0
78.1364,-1.0,900,4,3,0,0
78.4091,-1.0,50,1,3,0,0
78.4091,-1.0,81,7,3,0,0
78.4091,78.6818,101,7,3,0,0
78.4091,-1.0,81,10,3,0,0
78.4091,78.6818,101,10,3,0,0
78.5455,-1.0,900,7,3,0,0
78.5455,-1.0,900,10,3,0,0
78.8182,-1.0,20,1,3,0,0
78.8182,-1.0,20,4,3,0,0
78.8182,-1.0,10,10,3,0,0
78.9545,-1.0,10,7,3,0,0
79.0227,-1.0,10,4,3,0,0
79.0909,-1.0,10,7,3,0,0
79.2273,-1.0,10,1,3,0,0
79.2273,-1.0,20,10,3,0,0
79.3636,-1.0,10,7,3,0,0
79.5000,-1.0,10,4,3,0,0
79.6364,-1.0,10,1,3,0,0
86.1818,-1.0,10,1,2,0,0
86.3182,-1.0,10,4,2,0,0
86.4545,-1.0,10,7,2,0,0
86.5909,-1.0,10,10,2,0,0
87.0,-1.0,10,1,2,0,0
87.1364,-1.0,10,4,2,0,0
87.2727,-1.0,10,7,2,0,0
87.4091,-1.0,10,10,2,0,0
87.5455,-1.0,10,7,2,0,0
87.6818,-1.0,10,4,2,0,0
87.8182,-1.0,10,1,2,0,0
87.9545,-1.0,10,4,2,0,0
88.0909,-1.0,10,7,2,0,0
88.2273,-1.0,10,10,2,0,0
88.3636,-1.0,10,5,2,0,0
88.5000,-1.0,10,8,2,0,0
88.6364,-1.0,80,11,2,0,0
88.6364,88.7727,100,11,2,0,0
88.7727,-1.0,80,5,2,0,0
88.7727,88.9091,100,5,2,0,0
88.9091,-1.0,80,10,2,0,0
88.9091,89.0455,100,10,2,0,0
89.0455,-1.0,80,4,2,0,0
89.0455,89.1818,100,4,2,0,0
89.1818,-1.0,80,9,2,0,0
89.1818,89.3182,100,9,2,0,0
89.3182,-1.0,10,3,2,0,0
89.4545,-1.0,10,1,2,0,0
89.5909,-1.0,10,4,2,0,0
89.7273,-1.0,10,7,2,0,0
89.8636,-1.0,10,10,2,0,0
90.1364,-1.0,10,5,2,0,0
90.2727,-1.0,10,8,2,0,0
90.4091,-1.0,10,11,2,0,0
90.5455,-1.0,10,8,2,0,0
90.6818,-1.0,10,5,2,0,0
90.8182,-1.0,10,2,2,0,0
90.9545,-1.0,10,5,2,0,0
91.0909,-1.0,10,1,2,0,0
91.2273,-1.0,10,4,2,0,0
91.3636,-1.0,10,7,2,0,0
91.5000,-1.0,10,10,2,0,0
91.6364,-1.0,10,5,2,0,0
91.7727,-1.0,50,2,2,0,0
91.7727,-1.0,80,8,2,0,0
91.7727,96.0,100,8,2,0,0
91.7727,-1.0,80,11,2,0,0
91.7727,96.0,100,11,2,0,0
91.9091,-1.0,900,8,2,0,0
91.9091,-1.0,900,11,2,0,0
92.0455,-1.0,900,8,2,0,0
92.0455,-1.0,900,11,2,0,0
92.1818,-1.0,900,8,2,0,0
92.1818,-1.0,900,11,2,0,0
92.3182,-1.0,900,8,2,0,0
92.3182,-1.0,900,11,2,0,0
92.4545,-1.0,900,8,2,0,0
92.4545,-1.0,900,11,2,0,0
92.5909,-1.0,900,8,2,0,0
92.5909,-1.0,900,11,2,0,0
92.7273,-1.0,900,8,2,0,0
92.7273,-1.0,900,11,2,0,0
92.8636,-1.0,900,8,2,0,0
92.8636,-1.0,900,11,2,0,0
93.0,-1.0,900,8,2,0,0
93.0,-1.0,900,11,2,0,0
93.1364,-1.0,900,8,2,0,0
93.1364,-1.0,900,11,2,0,0
93.2727,-1.0,900,8,2,0,0
93.2727,-1.0,900,11,2,0,0
93.4091,-1.0,900,8,2,0,0
93.4091,-1.0,900,11,2,0,0
93.5455,-1.0,900,8,2,0,0
93.5455,-1.0,900,11,2,0,0
93.6818,-1.0,900,8,2,0,0
93.6818,-1.0,900,11,2,0,0
93.8182,-1.0,900,8,2,0,0
93.8182,-1.0,900,11,2,0,0
93.9545,-1.0,900,8,2,0,0
93.9545,-1.0,900,11,2,0,0
94.0909,-1.0,900,8,2,0,0
94.0909,-1.0,900,11,2,0,0
94.2273,-1.0,900,8,2,0,0
94.2273,-1.0,900,11,2,0,0
94.3636,-1.0,900,8,2,0,0
94.3636,-1.0,900,11,2,0,0
94.5000,-1.0,900,8,2,0,0
94.5000,-1.0,900,11,2,0,0
94.6364,-1.0,900,8,2,0,0
94.6364,-1.0,900,11,2,0,0
94.7727,-1.0,900,8,2,0,0
94.7727,-1.0,900,11,2,0,0
94.9091,-1.0,900,8,2,0,0
94.9091,-1.0,900,11,2,0,0
95.0455,-1.0,900,8,2,0,0
95.0455,-1.0,900,11,2,0,0
95.1818,-1.0,900,8,2,0,0
95.1818,-1.0,900,11,2,0,0
95.3182,-1.0,900,8,2,0,0
95.3182,-1.0,900,11,2,0,0
95.4545,-1.0,900,8,2,0,0
95.4545,-1.0,900,11,2,0,0
95.5909,-1.0,900,8,2,0,0
95.5909,-1.0,900,11,2,0,0
95.7273,-1.0,900,8,2,0,0
95.7273,-1.0,900,11,2,0,0
95.8636,-1.0,900,8,2,0,0
95.8636,-1.0,900,11,2,0,0