0.9474,-1.0,50,1,6,0,0
7.0,7.0,0,0,0,11,1040
0.9474,-1.0,20,9,4,0,0
8.2632,8.2632,0,0,0,11,1060
1.5789,-1.0,20,1,4,0,0
9.7632,9.7632,0,0,0,11,11618
1.5789,-1.0,50,7,6,0,0
11.8947,11.8947,0,0,0,11,11610
1.8158,-1.0,50,1,6,0,0
66.3684,66.3684,0,0,0,16,11611
1.8158,-1.0,20,9,4,0,0
66.8421,66.8421,0,0,0,36,11612
2.0526,-1.0,20,1,4,0,0
67.3158,67.3158,0,0,0,36,11613
2.0526,-1.0,50,7,6,0,0
67.7895,67.7895,0,0,0,36,11614
2.3684,-1.0,10,9,3,0,0
68.2632,68.2632,0,0,0,36,11615
2.4474,-1.0,10,5,2,0,0
68.7368,68.7368,0,0,0,36,11616
2.5263,-1.0,10,7,3,0,0
69.2105,69.2105,0,0,0,16,11617
2.6053,-1.0,10,3,2,0,0
78.8421,78.8421,0,0,0,11,11610
2.6842,-1.0,10,5,3,0,0
101.5789,101.5789,0,0,0,11,11618
2.8421,-1.0,50,1,6,0,0
111.9474,114.0,0,0,0,15,11610
2.8421,-1.0,20,7,4,0,0
128.2632,128.2632,0,0,0,11,1040
3.0789,-1.0,20,3,4,0,0
129.5263,129.5263,0,0,0,11,1060
3.0789,-1.0,50,7,6,0,0
131.0263,131.0263,0,0,0,11,11618
3.3158,-1.0,10,5,4,0,0
3.4737,-1.0,50,1,6,0,0
3.4737,-1.0,81,7,3,0,0
3.4737,3.6316,101,7,3,0,0
3.6316,-1.0,10,4,3,0,0
3.7895,-1.0,50,4,6,0,0
3.7895,-1.0,81,10,3,0,0
3.7895,3.9474,101,10,3,0,0
3.9474,-1.0,10,7,3,0,0
4.1053,-1.0,81,1,3,0,0
4.1053,4.2632,101,1,3,0,0
4.1053,-1.0,50,4,6,0,0
4.2632,-1.0,10,4,3,0,0
4.4211,-1.0,81,4,3,0,0
4.4211,4.5789,101,4,3,0,0
4.4211,-1.0,50,7,6,0,0
4.5789,-1.0,10,7,3,0,0
4.7368,-1.0,50,1,6,0,0
4.7368,-1.0,83,10,3,0,0
4.7368,4.7763,110,10,3,JumpScratch,-5
4.7763,4.8158,110,8,3,JumpScratch,-5
4.8158,4.8553,110,6,3,JumpScratch,-4
4.8553,4.8947,110,5,3,JumpScratch,-4
4.8947,4.9342,110,4,3,JumpScratch,4
4.9342,4.9737,110,5,3,JumpScratch,4
4.9737,5.0132,110,6,3,JumpScratch,7
5.0526,-1.0,10,1,6,0,0
5.1316,-1.0,10,7,3,0,0
5.2105,-1.0,10,1,4,0,0
5.2895,-1.0,10,5,3,0,0
5.3684,-1.0,83,1,3,0,0
5.3684,5.4079,110,1,3,JumpScratch,5
5.3684,-1.0,50,7,6,0,0
5.4079,5.4474,110,3,3,JumpScratch,5
5.4474,5.4868,110,5,3,JumpScratch,4
5.4868,5.5263,110,6,3,JumpScratch,4
5.5263,5.5658,110,7,3,JumpScratch,-4
5.5658,5.6053,110,6,3,JumpScratch,-4
5.6053,5.6447,110,5,3,JumpScratch,-7
5.6842,-1.0,10,7,6,0,0
5.7632,-1.0,10,4,3,0,0
5.8421,-1.0,10,9,4,0,0
5.9211,-1.0,10,6,3,0,0
6.0,-1.0,50,9,4,0,0
6.0789,-1.0,10,4,3,0,0
6.1579,-1.0,10,7,3,0,0
6.2368,-1.0,50,1,4,0,0
6.3158,-1.0,10,7,3,0,0
6.3947,-1.0,10,4,3,0,0
6.4737,-1.0,82,6,3,0,0
6.4737,6.5263,110,6,3,JumpScratch,5
6.5263,6.5789,110,8,3,JumpScratch,5
6.6316,-1.0,50,1,5,0,0
6.7105,-1.0,10,6,3,0,0
6.7895,-1.0,10,3,3,0,0
6.8684,-1.0,50,8,5,0,0
6.9474,-1.0,10,5,3,0,0
7.0263,-1.0,10,8,3,0,0
7.1053,-1.0,82,5,3,0,0
7.1053,7.1579,110,5,3,JumpScratch,-5
7.1579,7.2105,110,3,3,JumpScratch,-5
7.2632,-1.0,50,9,4,0,0
7.3421,-1.0,10,6,3,0,0
7.4211,-1.0,10,8,4,0,0
7.5000,-1.0,50,1,4,0,0
7.5789,-1.0,10,5,3,0,0
7.6579,-1.0,10,2,4,0,0
7.7368,-1.0,82,6,3,0,0
7.7368,7.7895,110,6,3,JumpScratch,5
7.7895,7.8421,110,8,3,JumpScratch,5
7.8947,-1.0,50,1,5,0,0
7.9737,-1.0,10,4,4,0,0
8.0526,-1.0,10,3,4,0,0
8.1316,-1.0,50,8,5,0,0
8.2105,-1.0,10,6,4,0,0
8.2895,-1.0,10,7,4,0,0
8.3684,-1.0,82,5,3,0,0
8.3684,8.4211,110,5,3,JumpScratch,-5
8.4211,8.4737,110,3,3,JumpScratch,-5
8.5263,-1.0,50,7,6,0,0
8.7632,-1.0,83,1,4,0,0
8.7632,9.7895,110,1,4,0,0
8.7632,-1.0,83,9,4,0,0
8.7632,9.7895,110,9,4,0,0
8.9211,-1.0,900,1,4,0,0
8.9211,-1.0,900,9,4,0,0
9.0789,-1.0,900,1,4,0,0
9.0789,-1.0,900,9,4,0,0
9.2368,-1.0,900,1,4,0,0
9.2368,-1.0,900,9,4,0,0
9.3947,-1.0,900,1,4,0,0
9.3947,-1.0,900,9,4,0,0
9.5526,-1.0,900,1,4,0,0
9.5526,-1.0,900,9,4,0,0
9.7105,-1.0,900,1,4,0,0
9.7105,-1.0,900,9,4,0,0
10.8947,-1.0,50,1,9,0,0
10.8947,-1.0,81,10,3,0,0
10.8947,11.2105,101,10,3,0,0
11.0526,-1.0,900,10,3,0,0
11.2105,-1.0,10,3,4,0,0
11.2895,-1.0,10,3,4,0,0
11.3684,-1.0,10,9,4,0,0
11.4474,-1.0,10,1,4,0,0
11.5263,-1.0,20,7,3,0,0
11.5789,-1.0,20,4,3,0,0
11.6316,-1.0,20,7,3,0,0
11.6842,-1.0,80,1,3,0,0
11.6842,11.9211,100,1,3,0,0
11.8421,-1.0,900,1,3,0,0
11.9211,-1.0,10,10,3,0,0
12.0,-1.0,10,4,3,0,0
12.1579,-1.0,50,1,4,0,0
12.1579,-1.0,81,7,3,0,0
12.1579,12.4737,101,7,3,0,0
12.3158,-1.0,900,7,3,0,0
12.4737,-1.0,10,1,3,0,0
12.5526,-1.0,10,4,3,0,0
12.6316,-1.0,10,7,3,0,0
12.7895,-1.0,10,1,3,0,0
12.7895,-1.0,10,10,3,0,0
12.9474,-1.0,20,4,3,0,0
13.0,-1.0,20,7,3,0,0
13.0526,-1.0,20,4,3,0,0
13.1053,-1.0,82,10,3,0,0
13.1053,13.1579,110,10,3,JumpScratch,-5
13.1579,13.2105,110,8,3,JumpScratch,-4
13.2632,-1.0,10,3,3,0,0
13.3421,-1.0,10,8,3,0,0
13.4211,-1.0,10,5,3,0,0
13.5789,-1.0,10,1,3,0,0
13.5789,-1.0,10,6,4,0,0
13.7368,-1.0,10,4,4,0,0
13.7368,-1.0,10,10,3,0,0
13.8947,-1.0,10,1,3,0,0
13.8947,-1.0,10,6,4,0,0
14.0526,-1.0,20,4,3,0,0
14.1053,-1.0,20,7,3,0,0
14.1579,-1.0,20,4,3,0,0
14.2105,-1.0,80,10,3,0,0
14.2105,14.3684,100,10,3,0,0
14.3684,-1.0,10,1,3,0,0
14.4474,-1.0,10,10,3,0,0
14.5263,-1.0,10,3,4,0,0
14.6053,-1.0,10,7,4,0,0
14.6842,-1.0,10,5,4,0,0
14.8421,-1.0,83,1,3,0,0
14.8421,14.8816,110,1,3,JumpScratch,4
14.8421,-1.0,50,5,4,0,0
14.8816,14.9211,110,2,3,JumpScratch,4
14.9211,15.0789,110,3,3,JumpScratch,-5
15.0789,15.1184,110,1,3,JumpScratch,6
15.0789,-1.0,50,7,4,0,0
15.1184,15.1579,110,4,3,JumpScratch,4
15.1579,15.3158,110,5,3,JumpScratch,-5
15.3158,15.3553,110,3,3,JumpScratch,6
15.3158,-1.0,50,9,4,0,0
15.3553,15.3947,110,6,3,JumpScratch,4
15.3947,15.6316,110,7,3,JumpScratch,-9
15.5526,-1.0,900,7,3,0,0
15.6316,15.9474,100,1,3,0,0
15.6316,-1.0,83,10,3,0,0
15.6316,15.6711,110,10,3,JumpScratch,-5
15.6711,15.7105,110,8,3,JumpScratch,-5
15.7105,15.7500,110,6,3,JumpScratch,-4
15.7500,15.7895,110,5,3,JumpScratch,-4
15.7895,-1.0,900,1,3,0,0
15.7895,15.8289,110,4,3,JumpScratch,4
15.8289,15.8684,110,5,3,JumpScratch,4
15.8684,15.9079,110,6,3,JumpScratch,5
15.9079,15.9474,110,8,3,JumpScratch,5
16.1053,-1.0,10,3,4,0,0
16.1842,-1.0,10,3,4,0,0
16.2632,-1.0,10,7,4,0,0
16.3421,-1.0,10,7,4,0,0
16.4211,-1.0,10,1,4,0,0
16.5000,-1.0,10,9,4,0,0
16.5789,-1.0,20,4,3,0,0
16.6316,-1.0,20,7,3,0,0
16.6842,-1.0,20,4,3,0,0
16.7368,-1.0,80,10,3,0,0
16.7368,16.9737,100,10,3,0,0
16.8947,-1.0,900,10,3,0,0
16.9737,-1.0,10,1,3,0,0
17.0526,-1.0,10,7,3,0,0
17.2105,-1.0,81,4,3,0,0
17.2105,17.5263,101,4,3,0,0
17.2105,-1.0,50,9,4,0,0
17.3684,-1.0,900,4,3,0,0
17.5263,-1.0,10,7,3,0,0
17.6053,-1.0,10,4,3,0,0
17.6842,-1.0,10,9,4,0,0
17.7632,-1.0,10,1,4,0,0
17.8421,-1.0,10,5,4,0,0
18.0,-1.0,10,1,4,0,0
18.0,-1.0,10,9,4,0,0
18.1579,-1.0,20,7,3,0,0
18.2105,-1.0,20,4,3,0,0
18.2632,-1.0,20,7,3,0,0
18.3158,-1.0,10,1,3,0,0
18.3947,-1.0,10,7,3,0,0
18.4737,-1.0,10,4,3,0,0
18.5526,-1.0,10,10,3,0,0
18.6316,-1.0,50,1,4,0,0
18.6316,-1.0,83,5,3,0,0
18.6316,18.6711,110,5,3,JumpScratch,4
18.6711,18.7105,110,7,2,JumpScratch,4
18.8684,-1.0,50,3,4,0,0
18.8684,-1.0,83,7,3,0,0
18.8684,18.9079,110,7,3,JumpScratch,4
18.9079,18.9474,110,9,2,JumpScratch,4
19.1053,-1.0,50,5,4,0,0
19.1053,-1.0,50,9,4,0,0
19.4211,-1.0,83,6,3,0,0
19.4211,19.4605,110,6,3,JumpScratch,-4
19.4211,-1.0,50,9,4,0,0
19.4605,19.5000,110,5,2,JumpScratch,-4
19.6579,-1.0,83,4,3,0,0
19.6579,19.6974,110,4,3,JumpScratch,-4
19.6579,-1.0,50,7,4,0,0
19.6974,19.7368,110,3,2,JumpScratch,-4
19.8947,-1.0,50,1,4,0,0
19.8947,-1.0,50,5,4,0,0
20.2105,-1.0,81,1,5,0,0
20.2105,20.2500,101,1,5,JumpScratch,6
20.2105,-1.0,83,8,5,0,0
20.2105,20.2500,110,8,5,JumpScratch,5
20.2500,20.2895,100,1,6,JumpScratch,7
20.2500,20.2895,110,9,4,JumpScratch,4
20.2895,20.3289,100,1,7,JumpScratch,8
20.2895,20.3289,110,10,3,JumpScratch,3
20.3289,20.3684,100,1,8,OneDirection,0
20.3289,20.3684,110,10,3,JumpScratch,3
20.3684,20.4079,110,1,8,JumpScratch,-8
20.3684,20.4079,100,10,3,0,0
20.4079,20.4474,110,1,7,JumpScratch,-7
20.4079,20.4474,100,10,3,JumpScratch,-4
20.4474,20.4868,110,1,6,JumpScratch,-6
20.4474,20.4868,100,9,4,JumpScratch,-5
20.4868,20.5263,110,1,5,JumpScratch,-5
20.4868,20.5263,100,8,5,JumpScratch,-6
20.5263,20.5658,110,1,4,JumpScratch,-4
20.5263,20.5658,100,7,6,JumpScratch,-7
20.5658,20.6053,110,1,3,JumpScratch,-3
20.5658,20.6053,100,6,7,JumpScratch,-8
20.6053,20.6447,110,1,3,JumpScratch,-3
20.6053,20.6447,100,5,8,0,0
20.6447,20.6842,100,1,3,0,0
20.6447,20.6842,110,5,8,JumpScratch,8
20.6842,20.7237,100,1,3,JumpScratch,4
20.6842,20.7237,110,6,7,JumpScratch,7
20.7237,20.7632,100,1,4,JumpScratch,5
20.7237,20.7632,110,7,6,JumpScratch,6
20.7632,20.8026,100,1,5,JumpScratch,6
20.7632,20.8026,110,8,5,JumpScratch,5
20.8026,20.8421,100,1,6,JumpScratch,7
20.8026,20.8421,110,9,4,JumpScratch,4
21.1579,-1.0,20,1,4,0,0
21.1579,-1.0,20,9,4,0,0
21.3158,-1.0,10,4,3,0,0
21.3947,-1.0,10,10,3,0,0
21.4737,-1.0,10,4,3,0,0
21.6316,-1.0,10,7,3,0,0
21.7105,-1.0,10,1,3,0,0
21.7895,-1.0,10,7,3,0,0
21.9474,-1.0,10,4,3,0,0
22.1053,-1.0,10,1,3,0,0
22.1053,-1.0,10,7,3,0,0
22.2632,-1.0,10,4,3,0,0
22.2632,-1.0,10,10,3,0,0
22.4211,-1.0,50,1,4,0,0
22.4211,-1.0,81,5,4,0,0
22.4211,22.9737,101,5,4,0,0
22.5789,-1.0,900,5,4,0,0
22.7368,-1.0,50,1,12,JumpScratch,12
22.7368,22.9737,110,10,3,0,0
22.8947,-1.0,900,5,4,0,0
22.8947,-1.0,900,10,3,0,0
23.2105,-1.0,82,10,3,0,0
23.2105,23.2632,110,10,3,JumpScratch,-5
23.2632,23.3158,110,8,3,JumpScratch,-4
23.3684,-1.0,10,1,3,0,0
23.4474,-1.0,10,5,4,0,0
23.5263,-1.0,10,1,3,0,0
23.6842,-1.0,10,1,4,0,0
23.6842,-1.0,10,9,4,0,0
23.8421,-1.0,10,7,3,0,0
23.9211,-1.0,10,1,3,0,0
24.0,-1.0,80,7,3,0,0
24.0,24.1579,100,7,3,0,0
24.1579,-1.0,10,4,3,0,0
24.3158,-1.0,10,1,3,0,0
24.3158,-1.0,80,10,3,0,0
24.3158,24.4737,100,10,3,0,0
24.4737,-1.0,10,1,3,0,0
24.5526,-1.0,10,7,3,0,0
24.6316,-1.0,10,4,3,0,0
24.7895,-1.0,10,1,3,0,0
24.7895,-1.0,10,7,3,0,0
24.9474,-1.0,81,5,4,0,0
24.9474,25.5000,101,5,4,0,0
24.9474,-1.0,50,9,4,0,0
25.1053,-1.0,900,5,4,0,0
25.2632,-1.0,50,1,12,JumpScratch,-12
25.2632,25.5000,110,1,3,0,0
25.4211,-1.0,900,1,3,0,0
25.4211,-1.0,900,5,4,0,0
25.7368,-1.0,10,3,4,0,0
25.7368,-1.0,50,9,4,0,0
25.8947,-1.0,50,1,4,0,0
25.8947,-1.0,10,7,4,0,0
26.0526,-1.0,10,5,4,0,0
26.2105,-1.0,82,1,3,0,0
26.2105,26.4474,110,1,3,JumpScratch,12
26.2105,-1.0,50,9,4,0,0
26.3684,-1.0,900,1,3,0,0
26.4474,26.6842,110,10,3,0,0
26.6053,-1.0,900,10,3,0,0
26.6842,-1.0,82,5,2,0,0
26.6842,26.7368,110,5,2,JumpScratch,-4
26.7368,26.7895,110,3,2,JumpScratch,-4
26.8421,-1.0,10,10,3,0,0
26.9211,-1.0,10,4,3,0,0
27.0,-1.0,10,7,3,0,0
27.0789,-1.0,10,1,3,0,0
27.1579,-1.0,10,10,2,0,0
27.2368,-1.0,10,5,2,0,0
27.3158,-1.0,10,7,2,0,0
27.3947,-1.0,10,2,2,0,0
27.4737,-1.0,80,6,2,0,0
27.4737,27.6316,100,6,2,0,0
27.7105,-1.0,80,4,2,0,0
27.7105,27.8684,100,4,2,0,0
27.7105,-1.0,80,8,2,0,0
27.7105,27.8684,100,8,2,0,0
27.9474,-1.0,50,1,4,0,0
27.9474,-1.0,50,9,4,0,0
28.1842,-1.0,10,5,2,0,0
28.2632,-1.0,10,7,2,0,0
28.3421,-1.0,10,5,2,0,0
28.4211,-1.0,10,10,3,0,0
28.5000,-1.0,10,1,3,0,0
28.5789,-1.0,10,7,3,0,0
28.6579,-1.0,10,4,3,0,0
28.7368,-1.0,81,1,3,0,0
28.7368,29.1710,101,1,3,0,0
28.7368,-1.0,83,10,3,0,0
28.7368,28.7763,110,10,3,JumpScratch,-5
28.7763,28.8158,110,8,3,JumpScratch,-5
28.8158,28.8553,110,6,3,JumpScratch,-5
28.8947,-1.0,900,1,3,0,0
29.0526,-1.0,900,1,3,0,0
29.0526,-1.0,83,7,3,0,0
29.0526,29.0921,110,7,3,JumpScratch,-5
29.0921,29.1316,110,5,3,JumpScratch,-5
29.1316,29.1711,110,3,3,JumpScratch,-5
29.1711,29.4079,110,1,3,JumpScratch,5
29.3158,-1.0,900,1,3,0,0
29.3684,-1.0,81,10,3,0,0
29.3684,29.8026,101,10,3,0,0
29.4079,29.4474,110,3,3,JumpScratch,5
29.4474,29.4868,110,5,3,JumpScratch,5
29.5263,-1.0,900,10,3,0,0
29.6842,-1.0,83,4,3,0,0
29.6842,29.7237,110,4,3,JumpScratch,5
29.6842,-1.0,900,10,3,0,0
29.7237,29.7632,110,6,3,JumpScratch,5
29.7632,29.8026,110,8,3,JumpScratch,5
29.8026,30.0,110,10,3,0,0
30.0,-1.0,50,1,6,JumpScratch,-6
30.0,30.2368,100,1,3,0,0
30.1579,-1.0,900,1,3,0,0
30.2368,-1.0,83,5,4,0,0
30.2368,30.2763,110,5,4,JumpScratch,6
30.2763,30.3158,110,7,4,JumpScratch,6
30.3158,30.4737,100,10,3,0,0
30.4737,-1.0,10,6,2,0,0
30.6316,-1.0,50,1,3,0,0
30.6316,-1.0,50,7,6,JumpScratch,6
30.6316,30.8684,100,10,3,0,0
30.7895,-1.0,900,10,3,0,0
30.8684,-1.0,83,5,4,0,0
30.8684,30.9079,110,5,4,JumpScratch,-6
30.9079,30.9474,110,3,4,JumpScratch,-6
30.9474,31.1053,100,1,3,0,0
31.1053,-1.0,10,6,2,0,0
31.2632,-1.0,80,11,2,0,0
31.2632,31.5789,100,11,2,0,0
31.4211,-1.0,900,11,2,0,0
31.7368,-1.0,10,4,2,0,0
31.8947,-1.0,10,1,2,0,0
32.0526,-1.0,10,11,2,0,0
32.2105,-1.0,10,8,2,0,0
32.3684,-1.0,82,5,2,0,0
32.3684,32.6842,110,5,2,JumpScratch,-3
32.5263,-1.0,900,5,2,0,0
32.6842,-1.0,80,11,2,0,0
32.6842,33.1579,100,11,2,0,0
32.8421,-1.0,900,11,2,0,0
33.0,-1.0,900,11,2,0,0
33.3158,-1.0,10,2,2,0,0
33.4737,-1.0,10,5,2,0,0
33.6316,-1.0,10,8,2,0,0
33.7895,-1.0,10,5,2,0,0
33.7895,-1.0,80,11,2,0,0
33.7895,33.9474,100,11,2,0,0
34.1053,-1.0,10,2,2,0,0
34.1053,-1.0,80,8,2,0,0
34.1053,34.2632,100,8,2,0,0
34.4211,-1.0,80,5,2,0,0
34.4211,34.5789,100,5,2,0,0
34.4211,-1.0,10,11,2,0,0
34.7368,-1.0,80,2,2,0,0
34.7368,34.8947,100,2,2,0,0
34.7368,-1.0,10,8,2,0,0
35.0526,-1.0,50,1,4,0,0
35.0526,-1.0,20,5,4,0,0
35.2895,-1.0,20,5,4,0,0
35.2895,-1.0,50,9,4,0,0
35.5263,-1.0,50,1,4,0,0
35.5263,-1.0,20,5,4,0,0
35.7632,-1.0,20,5,4,0,0
35.7632,-1.0,50,9,4,0,0
36.0,-1.0,50,1,6,0,0
36.0,-1.0,50,7,6,0,0
36.3158,-1.0,80,4,3,0,0
36.3158,36.4737,100,4,3,0,0
36.3158,-1.0,50,10,3,0,0
36.4737,-1.0,82,7,3,0,0
36.4737,36.6316,110,7,3,0,0
36.5526,-1.0,40,7,3,0,0
36.6316,-1.0,80,1,3,0,0
36.6316,36.7895,100,1,3,0,0
36.7895,-1.0,82,10,3,0,0
36.7895,36.9474,110,10,3,0,0
36.8684,-1.0,40,10,3,0,0
36.9474,-1.0,80,4,3,0,0
36.9474,37.1053,100,4,3,0,0
37.1053,-1.0,82,7,3,0,0
37.1053,37.2632,110,7,3,0,0
37.1842,-1.0,40,7,3,0,0
37.2632,-1.0,80,1,3,0,0
37.2632,37.4211,100,1,3,0,0
37.4211,-1.0,82,10,3,0,0
37.4211,37.5789,110,10,3,0,0
37.5000,-1.0,40,10,3,0,0
37.5789,-1.0,10,4,3,0,0
37.7368,-1.0,82,1,3,0,0
37.7368,37.8947,110,1,3,0,0
37.8158,-1.0,40,1,3,0,0
37.8947,-1.0,80,7,3,0,0
37.8947,38.0526,100,7,3,0,0
38.0526,-1.0,82,4,3,0,0
38.0526,38.2105,110,4,3,0,0
38.1316,-1.0,40,4,3,0,0
38.2105,-1.0,80,10,3,0,0
38.2105,38.3684,100,10,3,0,0
38.3684,-1.0,10,4,3,0,0
38.4474,-1.0,10,7,3,0,0
38.5263,-1.0,10,1,3,0,0
38.6053,-1.0,10,10,3,0,0
38.6842,-1.0,10,5,2,0,0
38.7632,-1.0,10,7,2,0,0
38.8421,-1.0,83,5,4,0,0
38.8421,38.8816,110,5,4,JumpScratch,-6
38.8816,38.9211,110,3,3,JumpScratch,-5
38.9211,39.1184,110,1,3,JumpScratch,6
39.0789,-1.0,83,5,4,0,0
39.0789,39.3158,110,5,4,JumpScratch,-8
39.1184,39.1579,110,4,3,JumpScratch,6
39.1579,39.1974,110,7,3,JumpScratch,6
39.1974,39.3158,110,10,3,JumpScratch,-4
39.2368,-1.0,900,5,4,0,0
39.3158,39.4737,110,1,3,JumpScratch,4
39.4737,-1.0,83,5,4,0,0
39.4737,39.5132,110,5,4,JumpScratch,6
39.5132,39.5526,110,8,3,JumpScratch,5
39.5526,39.7500,110,10,3,JumpScratch,-6
39.7105,-1.0,83,5,4,0,0
39.7105,39.9474,110,5,4,JumpScratch,8
39.7500,39.7895,110,7,3,JumpScratch,-6
39.7895,39.8289,110,4,3,JumpScratch,-6
39.8289,39.9474,110,1,3,JumpScratch,4
39.8684,-1.0,900,5,4,0,0
39.9474,40.1053,110,10,3,JumpScratch,-4
40.1053,-1.0,83,5,4,0,0
40.1053,40.1447,110,5,4,JumpScratch,-6
40.1447,40.1842,110,3,3,JumpScratch,-5
40.1842,40.3816,110,1,3,JumpScratch,6
40.3421,-1.0,83,5,4,0,0
40.3421,40.5789,110,5,4,JumpScratch,-8
40.3816,40.4211,110,4,3,JumpScratch,6
40.4211,40.4605,110,7,3,JumpScratch,6
40.4605,40.5789,110,10,3,JumpScratch,-4
40.5000,-1.0,900,5,4,0,0
40.5789,40.7368,110,1,3,0,0
40.7368,-1.0,20,5,4,0,0
40.9737,-1.0,20,5,4,0,0
40.9737,-1.0,50,10,3,0,0
41.2105,-1.0,50,1,3,0,0
41.2105,-1.0,81,5,4,0,0
41.2105,41.3684,101,5,4,0,0
41.3684,-1.0,83,1,3,0,0
41.3684,41.4211,110,1,3,JumpScratch,5
41.4211,41.4737,110,3,3,JumpScratch,5
41.5263,-1.0,83,10,3,0,0
41.5263,41.5789,110,10,3,JumpScratch,-5
41.5789,41.6316,110,8,3,JumpScratch,-5
41.6842,-1.0,10,1,5,0,0
41.7632,-1.0,10,8,5,0,0
41.8421,-1.0,83,5,3,0,0
41.8421,41.8947,110,5,3,JumpScratch,-5
41.8947,41.9474,110,3,3,JumpScratch,-5
42.0,-1.0,83,6,3,0,0
42.0,42.0526,110,6,3,JumpScratch,5
42.0526,42.1053,110,8,3,JumpScratch,5
42.1579,-1.0,10,1,6,0,0
42.2368,-1.0,10,7,6,0,0
42.3158,-1.0,20,1,6,0,0
42.4737,-1.0,50,1,6,0,0
42.4737,-1.0,50,7,6,0,0
43.2632,-1.0,20,11,2,0,0
43.5000,-1.0,20,11,2,0,0
43.7368,-1.0,81,1,3,0,0
43.7368,44.0526,101,1,3,0,0
43.7368,-1.0,50,4,6,0,0
43.8947,-1.0,900,1,3,0,0
44.0526,-1.0,10,7,3,0,0
44.1316,-1.0,10,4,3,0,0
44.2105,-1.0,50,9,4,0,0
44.3684,-1.0,10,3,4,0,0
44.4474,-1.0,10,9,3,0,0
44.5263,-1.0,83,5,4,0,0
44.5263,44.5658,110,5,4,JumpScratch,-6
44.5658,44.6053,110,3,3,JumpScratch,-5
44.6053,44.7632,110,1,3,JumpScratch,5
44.7632,-1.0,83,9,4,0,0
44.7632,44.8026,110,9,4,JumpScratch,-6
44.8026,44.8421,110,7,3,JumpScratch,-5
45.0,-1.0,81,1,3,0,0
45.0,45.3158,101,1,3,0,0
45.0,-1.0,50,5,8,0,0
45.1579,-1.0,900,1,3,0,0
45.3158,-1.0,10,10,3,0,0
45.3947,-1.0,10,4,3,0,0
45.4737,-1.0,20,4,6,0,0
45.6316,-1.0,10,1,3,0,0
45.7105,-1.0,10,7,3,0,0
45.7895,-1.0,20,4,6,0,0
45.9474,-1.0,50,1,4,0,0
45.9474,-1.0,20,6,3,0,0
46.1053,-1.0,20,5,3,0,0
46.1053,-1.0,50,9,4,0,0
46.2632,-1.0,80,1,3,0,0
46.2632,46.4211,100,1,3,0,0
46.4211,-1.0,10,10,3,0,0
46.5000,-1.0,10,4,3,0,0
46.5789,-1.0,10,7,3,0,0
46.6579,-1.0,10,1,3,0,0
46.7368,-1.0,20,7,2,0,0
46.7895,-1.0,20,4,2,0,0
46.8421,-1.0,20,7,2,0,0
46.8947,-1.0,83,1,3,0,0
46.8947,46.9474,110,1,3,JumpScratch,5
46.9474,47.0,110,4,2,JumpScratch,4
47.0526,-1.0,10,10,3,0,0
47.1316,-1.0,10,4,3,0,0
47.2105,-1.0,10,7,3,0,0
47.2895,-1.0,10,2,2,0,0
47.3684,-1.0,10,9,3,0,0
47.4474,-1.0,10,3,3,0,0
47.5263,-1.0,10,6,3,0,0
47.6842,-1.0,83,1,4,0,0
47.6842,47.7237,110,1,4,JumpScratch,6
47.6842,-1.0,50,8,4,0,0
47.7237,47.7632,110,4,3,JumpScratch,6
47.9211,-1.0,50,2,4,0,0
47.9211,-1.0,83,9,4,0,0
47.9211,47.9605,110,9,4,JumpScratch,-6
47.9605,48.0,110,7,3,JumpScratch,-6
48.1579,-1.0,50,1,4,0,0
48.1579,-1.0,50,9,4,0,0
48.4737,-1.0,20,5,4,0,0
48.4737,-1.0,20,10,3,0,0
48.6316,-1.0,20,1,3,0,0
48.6316,-1.0,20,5,4,0,0
48.7895,-1.0,50,4,6,0,0
48.7895,-1.0,81,10,3,0,0
48.7895,49.1053,101,10,3,0,0
48.9474,-1.0,900,10,3,0,0
49.1053,-1.0,10,4,3,0,0
49.1842,-1.0,10,7,3,0,0
49.2632,-1.0,50,1,4,0,0
49.4211,-1.0,10,7,4,0,0
49.5000,-1.0,10,2,3,0,0
49.5789,-1.0,83,5,4,0,0
49.5789,49.6184,110,5,4,JumpScratch,6
49.6184,49.6579,110,8,3,JumpScratch,5
49.6579,49.8158,110,10,3,JumpScratch,-5
49.8158,-1.0,83,1,4,0,0
49.8158,49.8553,110,1,4,JumpScratch,6
49.8553,49.8947,110,4,3,JumpScratch,5
50.0526,-1.0,50,1,8,0,0
50.0526,-1.0,81,10,3,0,0
50.0526,50.3684,101,10,3,0,0
50.2105,-1.0,900,10,3,0,0
50.3684,-1.0,10,1,3,0,0
50.4474,-1.0,10,7,3,0,0
50.5263,-1.0,20,4,6,0,0
50.6842,-1.0,10,10,3,0,0
50.7632,-1.0,10,4,3,0,0
50.8421,-1.0,20,4,6,0,0
51.0,-1.0,20,5,3,0,0
51.0,-1.0,50,9,4,0,0
51.1579,-1.0,50,1,4,0,0
51.1579,-1.0,20,6,3,0,0
51.3158,-1.0,80,10,3,0,0
51.3158,51.4737,100,10,3,0,0
51.4737,-1.0,10,1,3,0,0
51.5526,-1.0,10,7,3,0,0
51.6316,-1.0,10,4,3,0,0
51.7105,-1.0,10,10,3,0,0
51.7895,-1.0,83,5,3,0,0
51.7895,51.8421,110,5,3,JumpScratch,-5
51.8421,51.8947,110,3,3,JumpScratch,-5
51.9474,-1.0,10,7,3,0,0
52.0263,-1.0,10,4,3,0,0
52.1053,-1.0,83,10,3,0,0
52.1053,52.1579,110,10,3,JumpScratch,-5
52.1579,52.2105,110,8,3,JumpScratch,-4
52.2632,-1.0,83,4,3,0,0
52.2632,52.3158,110,4,3,JumpScratch,-5
52.3158,52.3684,110,2,3,JumpScratch,-4
52.4211,-1.0,83,10,3,0,0
52.4211,52.4737,110,10,3,JumpScratch,-5
52.4737,52.5263,110,8,3,JumpScratch,-4
52.5789,-1.0,83,4,3,0,0
52.5789,52.6316,110,4,3,JumpScratch,-5
52.6316,52.6842,110,2,3,JumpScratch,-4
52.7368,-1.0,83,7,6,0,0
52.7368,52.9737,110,7,6,JumpScratch,-12
52.8947,-1.0,900,7,6,0,0
52.9737,53.2105,110,1,6,0,0
53.1316,-1.0,900,1,6,0,0
53.2105,-1.0,20,9,4,0,0
53.5263,-1.0,20,7,6,0,0
53.6053,-1.0,10,1,6,0,0
53.6842,-1.0,20,7,6,0,0
53.7632,-1.0,10,4,6,0,0
53.8421,-1.0,20,7,6,0,0
53.9211,-1.0,10,7,6,0,0
54.0,-1.0,50,1,12,0,0
54.6316,-1.0,50,1,6,0,0
54.6316,-1.0,50,7,6,0,0
55.2632,-1.0,81,1,2,0,0
55.2632,55.4211,101,1,2,0,0
55.2632,-1.0,10,10,3,0,0
55.5789,-1.0,10,10,3,0,0
55.8947,-1.0,10,10,3,0,0
56.0526,-1.0,83,5,2,0,0
56.0526,56.3684,110,5,2,JumpScratch,-3
56.2105,-1.0,900,5,2,0,0
56.2105,-1.0,10,10,3,0,0
56.5263,-1.0,10,10,3,0,0
56.8421,-1.0,10,10,3,0,0
57.1579,-1.0,10,10,3,0,0
57.2368,-1.0,10,5,2,0,0
57.3158,-1.0,80,8,2,0,0
57.3158,57.4737,100,8,2,0,0
57.4737,-1.0,10,1,3,0,0
57.5526,-1.0,10,7,2,0,0
57.6316,-1.0,10,4,2,0,0
57.7895,-1.0,10,1,3,0,0
57.7895,-1.0,81,11,2,0,0
57.7895,57.9474,101,11,2,0,0
58.1053,-1.0,10,1,3,0,0
58.2632,-1.0,81,9,2,0,0
58.2632,58.4211,101,9,2,0,0
58.4211,-1.0,10,1,3,0,0
58.5789,-1.0,81,7,2,0,0
58.5789,58.7368,101,7,2,0,0
58.7368,-1.0,10,1,3,0,0
58.8947,-1.0,10,5,2,0,0
58.9737,-1.0,10,7,2,0,0
59.0526,-1.0,80,1,4,0,0
59.0526,59.2105,100,1,4,0,0
59.2895,-1.0,80,1,8,0,0
59.2895,59.4474,100,1,8,0,0
59.5263,-1.0,80,1,12,0,0
59.5263,59.6842,100,1,12,0,0
59.8421,-1.0,50,5,8,JumpScratch,-8
59.8421,-1.0,50,1,3,0,0
59.8421,60.0,110,5,2,JumpScratch,3
60.0,60.0526,110,6,2,JumpScratch,4
60.0526,60.1053,110,8,2,JumpScratch,5
60.1579,-1.0,81,3,3,0,0
60.1579,60.4737,101,3,3,0,0
60.3158,-1.0,900,3,3,0,0
60.4737,-1.0,10,8,3,0,0
60.6316,-1.0,10,5,2,0,0
60.7105,-1.0,10,5,2,0,0
60.7895,-1.0,10,10,3,0,0
60.8684,-1.0,10,4,3,0,0
60.9474,-1.0,10,7,3,0,0
61.1053,-1.0,10,5,2,0,0
61.1053,-1.0,10,11,2,0,0
61.2632,-1.0,10,1,2,0,0
61.2632,-1.0,10,7,2,0,0
61.4211,-1.0,80,5,2,0,0
61.4211,61.7368,100,5,2,0,0
61.4211,-1.0,50,11,2,0,0
61.5789,-1.0,900,5,2,0,0
61.7368,-1.0,82,9,2,0,0
61.7368,61.7895,110,9,2,JumpScratch,-4
61.7895,61.8421,110,7,2,JumpScratch,-4
61.8947,-1.0,82,1,3,0,0
61.8947,62.0526,110,1,3,JumpScratch,12
62.0526,62.3684,110,11,2,JumpScratch,-7
62.2105,-1.0,900,11,2,0,0
62.3684,-1.0,82,2,2,0,0
62.3684,62.5263,110,2,2,JumpScratch,4
62.3684,62.5263,110,6,2,JumpScratch,4
62.5263,62.5658,110,4,2,JumpScratch,4
62.5263,62.5658,110,8,2,JumpScratch,4
62.5658,62.6053,110,6,2,JumpScratch,4
62.5658,62.6053,110,10,2,JumpScratch,3
62.8421,-1.0,50,1,4,0,0
62.9211,-1.0,10,7,3,0,0
63.0,-1.0,10,5,3,0,0
63.0789,-1.0,50,8,5,0,0
63.1579,-1.0,10,4,3,0,0
63.2368,-1.0,10,6,3,0,0
63.3158,-1.0,50,1,6,0,0
63.3947,-1.0,10,5,4,0,0
63.4737,-1.0,10,5,4,0,0
63.5526,-1.0,50,6,7,0,0
63.6316,-1.0,10,5,4,0,0
63.7105,-1.0,10,5,4,0,0
63.7895,-1.0,50,1,8,0,0
63.8684,-1.0,50,4,9,0,0
63.9474,-1.0,50,1,10,0,0
64.0263,-1.0,50,2,11,0,0
64.1053,-1.0,83,1,12,0,0
64.1053,65.3684,110,1,12,0,0
64.2632,-1.0,900,1,12,0,0
64.4211,-1.0,900,1,12,0,0
64.5789,-1.0,900,1,12,0,0
64.7368,-1.0,900,1,12,0,0
64.8947,-1.0,900,1,12,0,0
65.0526,-1.0,900,1,12,0,0
65.2105,-1.0,900,1,12,0,0
69.0,-1.0,50,1,6,0,0
69.0,-1.0,20,7,3,0,0
69.3158,-1.0,50,1,6,0,0
69.3158,-1.0,20,7,4,0,0
69.6316,-1.0,50,1,6,0,0
69.6316,-1.0,20,7,6,0,0
69.9474,-1.0,10,10,2,0,0
70.0263,-1.0,10,6,2,0,0
70.1053,-1.0,10,8,2,0,0
70.1842,-1.0,10,4,2,0,0
70.2632,-1.0,10,6,2,0,0
70.3421,-1.0,10,2,2,0,0
70.4211,-1.0,50,2,10,0,0
70.5789,-1.0,10,1,3,0,0
70.6579,-1.0,10,7,3,0,0
70.7368,-1.0,10,4,3,0,0
70.8947,-1.0,50,1,4,0,0
70.8947,-1.0,10,7,3,0,0
71.0526,-1.0,10,5,3,0,0
71.2105,-1.0,10,4,3,0,0
71.2105,-1.0,50,9,4,0,0
71.3684,-1.0,10,6,3,0,0
71.5263,-1.0,50,1,4,0,0
71.5263,-1.0,80,7,3,0,0
71.5263,71.6842,100,7,3,0,0
71.6842,-1.0,10,4,3,0,0
71.8421,-1.0,80,4,3,0,0
71.8421,72.0,100,4,3,0,0
71.8421,-1.0,50,9,4,0,0
72.0,-1.0,10,7,3,0,0
72.1579,-1.0,50,1,4,0,0
72.1579,-1.0,80,7,3,0,0
72.1579,72.3158,100,7,3,0,0
72.3158,-1.0,10,4,3,0,0
72.4737,-1.0,20,10,3,0,0
72.5526,-1.0,10,4,3,0,0
72.6316,-1.0,10,7,3,0,0
72.7105,-1.0,10,1,3,0,0
72.7895,-1.0,81,9,4,0,0
72.7895,72.9474,101,9,4,0,0
72.9474,-1.0,10,5,4,0,0
73.1053,-1.0,50,1,4,0,0
73.1053,-1.0,83,5,4,0,0
73.1053,73.1447,110,5,4,JumpScratch,5
73.1447,73.1842,110,7,3,JumpScratch,4
73.1842,73.2237,110,9,2,JumpScratch,3
73.2632,-1.0,10,4,4,0,0
73.4211,-1.0,50,2,4,0,0
73.4211,-1.0,83,6,4,0,0
73.4211,73.4605,110,6,4,JumpScratch,5
73.4605,73.5000,110,8,3,JumpScratch,4
73.5000,73.5395,110,10,2,JumpScratch,3
73.5789,-1.0,10,5,4,0,0
73.7368,-1.0,20,1,3,0,0
73.8158,-1.0,10,7,3,0,0
73.8947,-1.0,10,4,3,0,0
73.9737,-1.0,10,10,3,0,0
74.0526,-1.0,81,1,4,0,0
74.0526,74.2105,101,1,4,0,0
74.2105,-1.0,10,5,4,0,0
74.3684,-1.0,83,5,4,0,0
74.3684,74.4079,110,5,4,JumpScratch,-5
74.3684,-1.0,50,9,4,0,0
74.4079,74.4474,110,4,3,JumpScratch,-4
74.4474,74.4868,110,3,2,JumpScratch,-3
74.5263,-1.0,10,6,4,0,0
74.6842,-1.0,83,4,4,0,0
74.6842,74.7237,110,4,4,JumpScratch,-5
74.6842,-1.0,50,8,4,0,0
74.7237,74.7632,110,3,3,JumpScratch,-4
74.7632,74.8026,110,2,2,JumpScratch,-3
74.8421,-1.0,10,5,4,0,0
75.0,-1.0,83,1,4,0,0
75.0,75.3158,110,1,4,0,0
75.0,-1.0,83,9,4,0,0
75.0,75.3158,110,9,4,0,0
75.1579,-1.0,900,1,4,0,0
75.1579,-1.0,900,9,4,0,0
75.4737,-1.0,81,1,5,0,0
75.4737,75.6316,101,1,5,0,0
75.4737,-1.0,81,8,5,0,0
75.4737,75.6316,101,8,5,0,0
75.7105,-1.0,80,6,2,0,0
75.7105,75.8684,100,6,2,0,0
75.9474,-1.0,81,1,5,0,0
75.9474,76.1053,101,1,5,0,0
75.9474,-1.0,81,8,5,0,0
75.9474,76.1053,101,8,5,0,0
76.1842,-1.0,80,5,4,0,0
76.1842,76.3421,100,5,4,0,0
76.4211,-1.0,20,1,5,0,0
76.4211,-1.0,20,8,5,0,0
76.5789,-1.0,10,4,6,0,0
76.7368,-1.0,20,1,6,0,0
76.7368,-1.0,20,7,6,0,0
76.8421,-1.0,20,1,6,0,0
76.8421,-1.0,20,7,6,0,0
76.9474,-1.0,10,4,6,0,0
77.0526,-1.0,20,1,6,0,0
77.0526,-1.0,20,7,6,0,0
77.1579,-1.0,20,1,6,0,0
77.1579,-1.0,20,7,6,0,0
77.2632,-1.0,10,4,6,0,0
77.3684,-1.0,20,1,6,0,0
77.4474,-1.0,10,5,4,0,0
77.5263,-1.0,20,1,8,0,0
77.6053,-1.0,10,7,4,0,0
77.6842,-1.0,20,1,10,0,0
77.7632,-1.0,10,9,4,0,0
77.8421,-1.0,50,1,12,0,0
79.4211,-1.0,10,7,3,0,0
79.4737,-1.0,10,4,3,0,0
79.5263,-1.0,10,7,3,0,0
79.5789,-1.0,50,3,8,0,0
79.8947,-1.0,20,5,4,0,0
79.8947,-1.0,50,9,4,0,0
80.1316,-1.0,50,1,4,0,0
80.1316,-1.0,20,5,4,0,0
80.6842,-1.0,82,1,3,0,0
80.6842,80.8421,110,1,3,0,0
80.6842,-1.0,82,10,3,0,0
80.6842,80.8421,110,10,3,0,0
81.1579,-1.0,10,11,2,0,0
81.2368,-1.0,10,4,2,0,0
81.3158,-1.0,10,8,2,0,0
81.3947,-1.0,10,1,2,0,0
81.4737,-1.0,83,10,3,0,0
81.4737,81.5132,110,10,3,JumpScratch,-4
81.5132,81.5526,110,9,2,JumpScratch,-3
81.5526,81.5921,110,8,2,JumpScratch,-3
81.6316,-1.0,83,4,3,0,0
81.6316,81.6711,110,4,3,JumpScratch,-4
81.6711,81.7105,110,3,2,JumpScratch,-3
81.7105,81.7500,110,2,2,JumpScratch,-3
81.7895,82.4211,100,6,2,0,0
81.9474,-1.0,900,6,2,0,0
82.1053,-1.0,900,6,2,0,0
82.2632,-1.0,900,6,2,0,0
82.4211,83.0526,110,6,2,0,0
82.5789,-1.0,900,6,2,0,0
82.7368,-1.0,900,6,2,0,0
82.8947,-1.0,900,6,2,0,0
83.2895,-1.0,10,4,6,0,0
83.5263,-1.0,82,2,10,0,0
83.5263,83.8421,110,2,10,0,0
83.6842,-1.0,900,2,10,0,0
84.1579,-1.0,50,1,4,0,0
84.1579,-1.0,80,11,2,0,0
84.1579,84.4737,100,11,2,0,0
84.3158,-1.0,900,11,2,0,0
84.4737,-1.0,82,6,2,0,0
84.4737,84.6316,110,6,2,JumpScratch,-7
84.6316,84.7895,110,1,2,JumpScratch,6
84.6316,-1.0,80,8,5,0,0
84.6316,84.7895,100,8,5,0,0
84.7895,84.9474,110,5,2,JumpScratch,-6
84.9474,85.1053,110,1,2,JumpScratch,5
84.9474,-1.0,80,7,6,0,0
84.9474,85.1053,100,7,6,0,0
85.1053,85.2632,110,4,2,JumpScratch,-5
85.2632,85.4211,110,1,2,JumpScratch,4
85.2632,-1.0,80,6,7,0,0
85.2632,85.4211,100,6,7,0,0
85.4211,85.5789,110,3,2,JumpScratch,-4
85.5789,-1.0,82,6,2,0,0
85.5789,85.7368,110,6,2,JumpScratch,7
85.7368,85.8947,110,11,2,JumpScratch,-6
85.8947,-1.0,80,1,6,0,0
85.8947,86.0526,100,1,6,0,0
85.8947,86.0526,110,7,2,JumpScratch,6
86.0526,86.2105,110,11,2,JumpScratch,-5
86.2105,-1.0,80,1,7,0,0
86.2105,86.3684,100,1,7,0,0
86.2105,86.3684,110,8,2,JumpScratch,5
86.3684,86.5263,110,11,2,JumpScratch,-4
86.5263,-1.0,10,1,8,0,0
86.6842,-1.0,50,1,4,0,0
86.6842,-1.0,81,7,3,0,0
86.6842,87.0,101,7,3,0,0
86.8421,-1.0,900,7,3,0,0
87.0,-1.0,10,4,3,0,0
87.0789,-1.0,10,10,3,0,0
87.1579,-1.0,10,1,4,0,0
87.2368,-1.0,10,7,3,0,0
87.3158,-1.0,10,4,3,0,0
87.3947,-1.0,10,9,4,0,0
87.4737,-1.0,83,1,2,0,0
87.4737,87.5263,110,1,2,JumpScratch,4
87.5263,87.5789,110,3,2,JumpScratch,4
87.6316,-1.0,83,7,3,0,0
87.6316,87.6842,110,7,3,JumpScratch,4
87.6842,87.7368,110,9,2,JumpScratch,4
87.7895,-1.0,83,1,4,0,0
87.7895,87.8421,110,1,4,JumpScratch,6
87.8421,87.8947,110,4,3,JumpScratch,5
87.8947,87.9474,110,6,3,JumpScratch,-8
87.9474,-1.0,81,9,4,0,0
87.9474,88.2632,101,9,4,0,0
88.1053,-1.0,900,9,4,0,0
88.2632,-1.0,10,1,4,0,0
88.3421,-1.0,10,9,4,0,0
88.4211,-1.0,10,3,5,0,0
88.5000,-1.0,10,6,5,0,0
88.5789,-1.0,10,4,6,0,0
88.7368,-1.0,20,4,6,0,0
88.7368,-1.0,10,10,3,0,0
88.9737,-1.0,10,1,3,0,0
88.9737,-1.0,20,4,6,0,0
89.2105,-1.0,50,1,6,0,0
89.2105,-1.0,50,7,6,0,0
89.5263,-1.0,10,9,4,0,0
89.6053,-1.0,10,9,4,0,0
89.6842,-1.0,50,3,4,0,0
89.8421,-1.0,10,7,4,0,0
89.9211,-1.0,10,7,4,0,0
90.0,-1.0,10,1,4,0,0
90.0789,-1.0,10,6,3,0,0
90.1579,-1.0,10,3,4,0,0
90.2368,-1.0,10,8,3,0,0
90.3158,-1.0,10,5,4,0,0
90.4737,-1.0,20,1,4,0,0
90.4737,-1.0,50,5,8,0,0
90.7895,-1.0,50,1,8,0,0
90.7895,-1.0,20,9,4,0,0
91.1053,-1.0,50,1,6,0,0
91.1053,-1.0,50,7,6,0,0
91.4211,-1.0,83,10,3,0,0
91.4211,91.4605,110,10,3,JumpScratch,-4
91.4605,91.5000,110,9,3,JumpScratch,-4
91.5000,91.5395,110,8,3,JumpScratch,-4
91.5789,-1.0,83,4,3,0,0
91.5789,91.6184,110,4,3,JumpScratch,-4
91.6184,91.6579,110,3,3,JumpScratch,-4
91.6579,91.6974,110,2,3,JumpScratch,-4
91.7368,-1.0,83,10,3,0,0
91.7368,91.7763,110,10,3,JumpScratch,-4
91.7763,91.8158,110,9,3,JumpScratch,-4
91.8158,91.8553,110,8,3,JumpScratch,-4
91.8947,-1.0,10,1,3,0,0
91.9737,-1.0,10,7,3,0,0
92.0526,-1.0,10,4,3,0,0
92.1316,-1.0,10,10,3,0,0
92.2105,-1.0,20,5,2,0,0
92.2632,-1.0,20,8,2,0,0
92.3158,-1.0,20,5,2,0,0
92.3684,-1.0,83,10,3,0,0
92.3684,92.4211,110,10,3,JumpScratch,-5
92.4211,92.4737,110,8,2,JumpScratch,-4
92.5263,-1.0,10,1,3,0,0
92.6053,-1.0,10,7,3,0,0
92.6842,-1.0,10,4,3,0,0
92.7632,-1.0,10,10,2,0,0
92.8421,-1.0,10,2,3,0,0
92.9211,-1.0,10,8,3,0,0
93.0,-1.0,10,5,3,0,0
93.1579,-1.0,50,2,4,0,0
93.1579,-1.0,83,9,4,0,0
93.1579,93.1974,110,9,4,JumpScratch,-6
93.1974,93.2368,110,7,3,JumpScratch,-5
93.3947,-1.0,83,1,4,0,0
93.3947,93.4342,110,1,4,JumpScratch,6
93.3947,-1.0,50,8,4,0,0
93.4342,93.4737,110,4,3,JumpScratch,5
93.6316,-1.0,50,1,6,0,0
93.6316,-1.0,20,7,6,0,0
93.7895,-1.0,20,4,6,0,0
93.9474,-1.0,20,4,6,0,0
94.0263,-1.0,20,4,6,0,0
94.1053,-1.0,20,4,6,0,0
94.2632,-1.0,81,1,3,0,0
94.2632,94.5789,101,1,3,0,0
94.2632,-1.0,50,4,6,0,0
94.4211,-1.0,900,1,3,0,0
94.5789,-1.0,10,7,3,0,0
94.6579,-1.0,10,4,3,0,0
94.7368,-1.0,50,9,4,0,0
94.8947,-1.0,10,3,4,0,0
94.9737,-1.0,10,9,3,0,0
95.0526,-1.0,83,5,4,0,0
95.0526,95.0921,110,5,4,JumpScratch,-6
95.0921,95.1316,110,3,3,JumpScratch,-5
95.1316,95.2895,110,1,3,JumpScratch,5
95.2895,-1.0,83,9,4,0,0
95.2895,95.3289,110,9,4,JumpScratch,-6
95.3289,95.3684,110,7,3,JumpScratch,-5
95.5263,-1.0,81,1,3,0,0
95.5263,95.8421,101,1,3,0,0
95.5263,-1.0,50,5,8,0,0
95.6842,-1.0,900,1,3,0,0
95.8421,-1.0,10,10,3,0,0
95.9211,-1.0,10,4,3,0,0
96.0,-1.0,20,4,6,0,0
96.1579,-1.0,10,1,3,0,0
96.2368,-1.0,10,7,3,0,0
96.3158,-1.0,20,4,6,0,0
96.4737,-1.0,50,1,4,0,0
96.4737,-1.0,20,6,3,0,0
96.6316,-1.0,20,5,3,0,0
96.6316,-1.0,50,9,4,0,0
96.7895,-1.0,80,1,3,0,0
96.7895,96.9474,100,1,3,0,0
96.9474,-1.0,83,6,3,0,0
96.9474,97.0,110,6,3,JumpScratch,5
97.0,97.0526,110,8,3,JumpScratch,5
97.1053,-1.0,10,4,3,0,0
97.1842,-1.0,10,7,3,0,0
97.2632,-1.0,83,5,3,0,0
97.2632,97.3158,110,5,3,JumpScratch,-5
97.3158,97.3684,110,3,3,JumpScratch,-5
97.4211,-1.0,10,7,3,0,0
97.5000,-1.0,10,4,3,0,0
97.5789,-1.0,83,10,3,0,0
97.5789,97.6316,110,10,3,JumpScratch,-5
97.6316,97.6842,110,8,3,JumpScratch,-4
97.7368,-1.0,83,4,3,0,0
97.7368,97.7895,110,4,3,JumpScratch,-5
97.7895,97.8421,110,2,3,JumpScratch,-4
97.8947,-1.0,83,10,3,0,0
97.8947,97.9474,110,10,3,JumpScratch,-5
97.9474,98.0,110,8,3,JumpScratch,-4
98.0526,-1.0,83,4,3,0,0
98.0526,98.1053,110,4,3,JumpScratch,-5
98.1053,98.1579,110,2,3,JumpScratch,-4
98.2105,-1.0,83,7,6,0,0
98.2105,98.4474,110,7,6,JumpScratch,-12
98.3684,-1.0,900,7,6,0,0
98.4474,98.6842,110,1,6,0,0
98.6053,-1.0,900,1,6,0,0
98.6842,-1.0,20,9,4,0,0
99.0,-1.0,20,1,6,0,0
99.0789,-1.0,10,7,6,0,0
99.1579,-1.0,20,1,6,0,0
99.2368,-1.0,10,4,6,0,0
99.3158,-1.0,20,1,6,0,0
99.3947,-1.0,10,1,6,0,0
99.4737,-1.0,50,1,12,0,0
100.1053,-1.0,50,1,6,0,0
100.1053,-1.0,50,7,6,0,0
101.8421,-1.0,81,1,3,0,0
101.8421,102.1579,101,1,3,0,0
101.8421,-1.0,50,4,9,0,0
102.0,-1.0,900,1,3,0,0
102.1579,-1.0,10,7,6,0,0
102.2368,-1.0,10,7,6,0,0
102.3158,-1.0,10,1,4,0,0
102.3947,-1.0,10,9,4,0,0
102.4737,-1.0,20,4,3,0,0
102.5263,-1.0,20,7,3,0,0
102.5789,-1.0,20,4,3,0,0
102.6316,-1.0,80,10,3,0,0
102.6316,102.8684,100,10,3,0,0
102.7895,-1.0,900,10,3,0,0
102.8684,-1.0,10,4,4,0,0
102.9474,-1.0,10,6,4,0,0
103.1053,-1.0,81,1,3,0,0
103.1053,103.4211,101,1,3,0,0
103.1053,-1.0,50,4,6,0,0
103.2632,-1.0,900,1,3,0,0
103.4211,-1.0,10,10,3,0,0
103.5000,-1.0,10,7,3,0,0
103.5789,-1.0,10,1,6,0,0
103.7368,-1.0,10,1,3,0,0
103.7368,-1.0,10,10,3,0,0
103.8947,-1.0,20,7,3,0,0
103.9474,-1.0,20,4,3,0,0
104.0,-1.0,20,7,3,0,0
104.0526,-1.0,82,1,3,0,0
104.0526,104.1053,110,1,3,JumpScratch,5
104.1053,104.1579,110,3,3,JumpScratch,5
104.2105,-1.0,10,8,3,0,0
104.2895,-1.0,10,4,3,0,0
104.3684,-1.0,10,6,3,0,0
104.5263,-1.0,10,5,4,0,0
104.5263,-1.0,10,10,3,0,0
104.6842,-1.0,10,1,3,0,0
104.6842,-1.0,10,5,4,0,0
104.8421,-1.0,10,5,4,0,0
104.8421,-1.0,10,10,3,0,0
105.0,-1.0,20,7,3,0,0
105.0526,-1.0,20,4,3,0,0
105.1053,-1.0,20,7,3,0,0
105.1579,-1.0,80,1,3,0,0
105.1579,105.3158,100,1,3,0,0
105.3158,-1.0,10,9,4,0,0
105.3947,-1.0,10,1,4,0,0
105.4737,-1.0,10,7,4,0,0
105.5526,-1.0,10,3,4,0,0
105.6316,-1.0,10,5,4,0,0
105.7895,-1.0,50,5,4,0,0
105.7895,-1.0,83,10,3,0,0
105.7895,105.8289,110,10,3,JumpScratch,-4
105.8289,105.8684,110,9,3,JumpScratch,-4
105.8684,106.0263,110,8,3,JumpScratch,5
106.0263,-1.0,50,3,4,0,0
106.0263,106.0658,110,10,3,JumpScratch,-6
106.0658,106.1053,110,7,3,JumpScratch,-4
106.1053,106.2632,110,6,3,JumpScratch,5
106.2632,-1.0,50,1,4,0,0
106.2632,106.3026,110,8,3,JumpScratch,-6
106.3026,106.3421,110,5,3,JumpScratch,-4
106.3421,106.5789,110,4,3,JumpScratch,9
106.5000,-1.0,900,4,3,0,0
106.5789,-1.0,83,1,3,0,0
106.5789,106.6184,110,1,3,JumpScratch,5
106.5789,106.8947,100,10,3,0,0
106.6184,106.6579,110,3,3,JumpScratch,5
106.6579,106.6974,110,5,3,JumpScratch,4
106.6974,106.7368,110,6,3,JumpScratch,4
106.7368,106.7763,110,7,3,JumpScratch,-4
106.7368,-1.0,900,10,3,0,0
106.7763,106.8158,110,6,3,JumpScratch,-4
106.8158,106.8553,110,5,3,JumpScratch,-5
106.8553,106.8947,110,3,3,JumpScratch,-5
107.0526,-1.0,10,7,6,0,0
107.1316,-1.0,10,7,6,0,0
107.2105,-1.0,10,1,6,0,0
107.2895,-1.0,10,1,6,0,0
107.3684,-1.0,10,9,4,0,0
107.4474,-1.0,10,1,4,0,0
107.5263,-1.0,20,7,3,0,0
107.5789,-1.0,20,4,3,0,0
107.6316,-1.0,20,7,3,0,0
107.6842,-1.0,80,1,3,0,0
107.6842,107.9211,100,1,3,0,0
107.8421,-1.0,900,1,3,0,0
107.9211,-1.0,10,6,4,0,0
108.0,-1.0,10,4,4,0,0
108.1579,-1.0,81,1,3,0,0
108.1579,108.4737,101,1,3,0,0
108.1579,-1.0,50,4,6,0,0
108.3158,-1.0,900,1,3,0,0
108.4737,-1.0,10,7,3,0,0
108.5526,-1.0,10,4,3,0,0
108.6316,-1.0,10,9,4,0,0
108.7105,-1.0,10,1,4,0,0
108.7895,-1.0,10,4,6,0,0
108.9474,-1.0,10,1,4,0,0
108.9474,-1.0,10,9,4,0,0
109.1053,-1.0,20,4,3,0,0
109.1579,-1.0,20,7,3,0,0
109.2105,-1.0,20,4,3,0,0
109.2632,-1.0,10,9,4,0,0
109.3421,-1.0,10,4,4,0,0
109.4211,-1.0,10,6,4,0,0
109.5000,-1.0,10,1,4,0,0
109.5789,-1.0,83,5,4,0,0
109.5789,109.6184,110,5,4,JumpScratch,-6
109.5789,-1.0,50,9,4,0,0
109.6184,109.6579,110,3,3,JumpScratch,-5
109.8158,-1.0,50,1,4,0,0
109.8158,-1.0,83,9,4,0,0
109.8158,109.8553,110,9,4,JumpScratch,-6
109.8553,109.8947,110,7,3,JumpScratch,-5
110.0526,-1.0,50,1,4,0,0
110.0526,-1.0,50,9,4,0,0
110.3684,-1.0,10,1,3,0,0
110.4474,-1.0,10,7,3,0,0
110.5263,-1.0,10,4,3,0,0
110.6842,-1.0,80,1,3,0,0
110.6842,111.0,100,1,3,0,0
110.6842,-1.0,50,7,6,0,0
110.8421,-1.0,900,1,3,0,0
111.0,-1.0,10,7,3,0,0
111.0789,-1.0,10,4,3,0,0
111.1579,-1.0,10,9,4,0,0
111.2368,-1.0,10,1,4,0,0
111.3158,-1.0,10,8,3,0,0
111.3947,-1.0,10,3,3,0,0
111.4737,-1.0,20,6,2,0,0
111.5526,-1.0,10,6,2,0,0
111.6316,-1.0,20,6,2,0,0
111.7105,-1.0,10,6,2,0,0
111.7895,-1.0,20,6,2,0,0
111.8684,-1.0,10,6,2,0,0
111.9474,-1.0,50,6,2,0,0
112.2632,-1.0,20,4,2,0,0
112.3158,-1.0,20,6,2,0,0
112.3684,-1.0,20,4,2,0,0
112.4211,-1.0,10,8,2,0,0
112.5000,-1.0,10,1,3,0,0
112.5789,-1.0,10,6,2,0,0
112.6579,-1.0,10,4,2,0,0
112.7368,-1.0,20,10,3,0,0
112.8158,-1.0,10,1,3,0,0
112.8947,-1.0,10,8,2,0,0
112.9737,-1.0,10,6,2,0,0
113.0526,-1.0,20,10,3,0,0
113.1316,-1.0,10,1,3,0,0
113.2105,-1.0,10,6,2,0,0
113.2895,-1.0,10,4,2,0,0
113.3684,-1.0,20,10,3,0,0
113.4474,-1.0,10,10,3,0,0
113.5263,-1.0,20,1,3,0,0
113.6053,-1.0,10,1,3,0,0
113.6842,-1.0,20,8,2,0,0
113.7632,-1.0,10,8,2,0,0
113.8421,-1.0,20,4,2,0,0
113.9211,-1.0,10,4,2,0,0
114.0,-1.0,20,10,3,0,0
114.0789,-1.0,10,6,2,0,0
114.1579,-1.0,20,8,2,0,0
114.2368,-1.0,10,4,2,0,0
114.3158,-1.0,20,6,2,0,0
114.3947,-1.0,10,1,3,0,0
114.4737,-1.0,50,6,2,0,0
114.6316,-1.0,82,10,3,0,0
114.6316,114.6842,110,10,3,JumpScratch,-5
114.6842,114.7368,110,8,3,JumpScratch,-4
114.7895,-1.0,82,4,3,0,0
114.7895,114.8421,110,4,3,JumpScratch,-5
114.8421,114.8947,110,2,3,JumpScratch,-4
114.9474,-1.0,10,5,4,0,0
115.0,-1.0,10,1,4,0,0
115.0526,-1.0,10,5,4,0,0
115.1053,-1.0,82,1,4,0,0
115.1053,115.1579,110,1,4,JumpScratch,5
115.1579,115.2105,110,3,3,JumpScratch,5
115.2632,-1.0,83,10,3,0,0
115.2632,115.3026,110,10,3,JumpScratch,-4
115.3026,115.3421,110,9,3,JumpScratch,-4
115.3421,115.3816,110,8,3,JumpScratch,-4
115.4211,-1.0,83,4,3,0,0
115.4211,115.4605,110,4,3,JumpScratch,-4
115.4605,115.5000,110,3,3,JumpScratch,-4
115.5000,115.5395,110,2,3,JumpScratch,-4
115.5789,-1.0,83,5,4,0,0
115.5789,115.6316,110,5,4,JumpScratch,6
115.6316,115.6842,110,8,3,JumpScratch,5
115.7368,-1.0,83,5,4,0,0
115.7368,115.7895,110,5,4,JumpScratch,-6
115.7895,115.8421,110,3,3,JumpScratch,-5
115.8947,-1.0,80,6,2,0,0
115.8947,116.0526,100,6,2,0,0
116.1316,-1.0,80,4,3,0,0
116.1316,116.2895,100,4,3,0,0
116.1316,-1.0,80,7,3,0,0
116.1316,116.2895,100,7,3,0,0
116.3684,-1.0,10,1,3,0,0
116.4474,-1.0,10,7,3,0,0
116.5263,-1.0,10,4,3,0,0
116.6053,-1.0,10,10,3,0,0
116.6842,-1.0,82,1,4,0,0
116.6842,116.7368,110,1,4,JumpScratch,6
116.7368,116.7895,110,4,3,JumpScratch,5
116.8421,-1.0,82,10,3,0,0
116.8421,116.8947,110,10,3,JumpScratch,-5
116.8947,116.9474,110,8,3,JumpScratch,-5
117.0,-1.0,82,1,2,0,0
117.0,117.0526,110,1,2,JumpScratch,4
117.0526,117.1053,110,3,2,JumpScratch,4
117.1579,-1.0,82,7,3,0,0
117.1579,117.2105,110,7,3,JumpScratch,5
117.2105,117.2632,110,9,3,JumpScratch,4
117.3158,-1.0,82,4,3,0,0
117.3158,117.3684,110,4,3,JumpScratch,-5
117.3684,117.4211,110,2,3,JumpScratch,-4
117.4737,-1.0,80,7,6,0,0
117.4737,117.6316,100,7,6,0,0
117.6316,-1.0,50,1,6,0,0
117.7895,-1.0,10,7,6,0,0
117.8421,-1.0,10,1,6,0,0
117.8947,-1.0,10,7,6,0,0
117.9474,-1.0,10,2,5,0,0
118.0,-1.0,10,7,5,0,0
118.0526,-1.0,10,2,5,0,0
118.1053,-1.0,10,7,4,0,0
118.1579,-1.0,10,3,4,0,0
118.2105,-1.0,10,7,4,0,0
118.2632,-1.0,10,4,3,0,0
118.3158,-1.0,10,7,3,0,0
118.3684,-1.0,10,4,3,0,0
118.4211,-1.0,82,5,4,0,0
118.4211,118.4737,110,5,4,JumpScratch,6
118.4737,118.5263,110,7,4,JumpScratch,-8
118.5263,118.5789,110,3,4,JumpScratch,9
118.5789,118.6316,110,8,4,JumpScratch,-10
118.6316,118.6842,110,2,4,JumpScratch,10
118.6842,118.7368,110,8,4,JumpScratch,-11
118.7368,118.7895,110,1,4,JumpScratch,12
118.7895,118.8421,110,9,4,JumpScratch,-12
118.8421,118.8947,110,1,4,JumpScratch,12
118.8947,118.9474,110,8,4,JumpScratch,-10
118.9474,119.0,110,2,4,JumpScratch,7
119.0,119.0526,110,5,4,0,0
119.2105,-1.0,10,4,6,0,0
119.2895,-1.0,10,4,6,0,0
119.4474,-1.0,10,1,3,0,0
119.5263,-1.0,10,7,3,0,0
119.6053,-1.0,10,4,3,0,0
119.6842,-1.0,20,1,4,0,0
119.6842,-1.0,20,9,4,0,0
119.8421,-1.0,10,4,3,0,0
119.9211,-1.0,20,4,3,0,0
119.9211,-1.0,50,7,6,0,0
120.0789,-1.0,10,7,3,0,0
120.1579,-1.0,50,1,6,0,0
120.1579,-1.0,20,7,3,0,0
120.3158,-1.0,50,10,3,0,0
120.3947,-1.0,50,1,3,0,0
120.4737,-1.0,10,7,3,0,0
120.5526,-1.0,10,4,3,0,0
120.6316,-1.0,50,8,4,0,0
120.7105,-1.0,50,2,4,0,0
120.7895,-1.0,10,6,3,0,0
120.8684,-1.0,10,5,3,0,0
120.9474,-1.0,50,4,6,0,0
121.2632,-1.0,83,1,3,0,0
121.2632,122.2105,110,1,3,0,0
121.2632,-1.0,83,10,3,0,0
121.2632,122.2105,110,10,3,0,0
121.4211,-1.0,900,1,3,0,0
121.4211,-1.0,900,10,3,0,0
121.5789,-1.0,900,1,3,0,0
121.5789,-1.0,40,1,3,0,0
121.5789,-1.0,900,10,3,0,0
121.5789,-1.0,40,10,3,0,0
121.7368,-1.0,900,1,3,0,0
121.7368,-1.0,900,10,3,0,0
121.8947,-1.0,900,1,3,0,0
121.8947,-1.0,40,1,3,0,0
121.8947,-1.0,900,10,3,0,0
121.8947,-1.0,40,10,3,0,0
122.0526,-1.0,900,1,3,0,0
122.0526,-1.0,900,10,3,0,0
122.8421,-1.0,20,1,4,0,0
122.8421,-1.0,50,7,6,0,0
123.0789,-1.0,50,1,6,0,0
123.0789,-1.0,20,9,4,0,0
123.3158,-1.0,20,1,4,0,0
123.3158,-1.0,50,7,6,0,0
123.6316,-1.0,10,9,3,0,0
123.7105,-1.0,10,5,2,0,0
123.7895,-1.0,10,7,3,0,0
123.8684,-1.0,10,3,2,0,0
123.9474,-1.0,10,5,3,0,0
124.1053,-1.0,50,1,6,0,0
124.1053,-1.0,20,7,4,0,0
124.3421,-1.0,20,3,4,0,0
124.3421,-1.0,50,7,6,0,0
124.5789,-1.0,10,5,4,0,0
124.7368,-1.0,81,1,3,0,0
124.7368,124.8947,101,1,3,0,0
124.7368,-1.0,50,4,6,0,0
124.8947,-1.0,10,4,3,0,0
125.0526,-1.0,81,4,3,0,0
125.0526,125.2105,101,4,3,0,0
125.0526,-1.0,50,7,6,0,0
125.2105,-1.0,10,7,3,0,0
125.3684,-1.0,50,4,6,0,0
125.3684,-1.0,81,10,3,0,0
125.3684,125.5263,101,10,3,0,0
125.5263,-1.0,10,7,3,0,0
125.6842,-1.0,50,1,6,0,0
125.6842,-1.0,81,7,3,0,0
125.6842,125.8421,101,7,3,0,0
125.8421,-1.0,10,4,3,0,0
126.0,-1.0,83,1,3,0,0
126.0,126.0395,110,1,3,JumpScratch,5
126.0,-1.0,50,7,6,0,0
126.0395,126.0789,110,3,3,JumpScratch,5
126.0789,126.1184,110,5,3,JumpScratch,4
126.1184,126.1579,110,6,3,JumpScratch,4
126.1579,126.1974,110,7,3,JumpScratch,-4
126.1974,126.2368,110,6,3,JumpScratch,-4
126.2368,126.2763,110,5,3,JumpScratch,-7
126.3158,-1.0,10,7,6,0,0
126.3947,-1.0,10,4,3,0,0
126.4737,-1.0,10,9,4,0,0
126.5526,-1.0,10,6,3,0,0
126.6316,-1.0,50,1,6,0,0
126.6316,-1.0,83,10,3,0,0
126.6316,126.6711,110,10,3,JumpScratch,-5
126.6711,126.7105,110,8,3,JumpScratch,-5
126.7105,126.7500,110,6,3,JumpScratch,-4
126.7500,126.7895,110,5,3,JumpScratch,-4
126.7895,126.8289,110,4,3,JumpScratch,4
126.8289,126.8684,110,5,3,JumpScratch,4
126.8684,126.9079,110,6,3,JumpScratch,7
126.9474,-1.0,10,1,6,0,0
127.0263,-1.0,10,7,3,0,0
127.1053,-1.0,10,1,4,0,0
127.1842,-1.0,10,5,3,0,0
127.2632,-1.0,50,1,4,0,0
127.3421,-1.0,10,7,3,0,0
127.4211,-1.0,10,4,3,0,0
127.5000,-1.0,50,9,4,0,0
127.5789,-1.0,10,4,3,0,0
127.6579,-1.0,10,7,3,0,0
127.7368,-1.0,82,5,3,0,0
127.7368,127.7895,110,5,3,JumpScratch,-5
127.7895,127.8421,110,3,3,JumpScratch,-5
127.8947,-1.0,50,8,5,0,0
127.9737,-1.0,10,5,3,0,0
128.0526,-1.0,10,8,3,0,0
128.1316,-1.0,50,1,5,0,0
128.2105,-1.0,10,6,3,0,0
128.2895,-1.0,10,3,3,0,0
128.3684,-1.0,82,6,3,0,0
128.3684,128.4211,110,6,3,JumpScratch,5
128.4211,128.4737,110,8,3,JumpScratch,5
128.5263,-1.0,50,1,4,0,0
128.6053,-1.0,10,5,3,0,0
128.6842,-1.0,10,2,4,0,0
128.7632,-1.0,50,9,4,0,0
128.8421,-1.0,10,6,3,0,0
128.9211,-1.0,10,8,4,0,0
129.0,-1.0,82,5,3,0,0
129.0,129.0526,110,5,3,JumpScratch,-5
129.0526,129.1053,110,3,3,JumpScratch,-5
129.1579,-1.0,50,8,5,0,0
129.2368,-1.0,10,6,4,0,0
129.3158,-1.0,10,7,4,0,0
129.3947,-1.0,50,1,5,0,0
129.4737,-1.0,10,4,4,0,0
129.5526,-1.0,10,3,4,0,0
129.6316,-1.0,82,6,3,0,0
129.6316,129.6842,110,6,3,JumpScratch,5
129.6842,129.7368,110,8,3,JumpScratch,5
129.7895,-1.0,50,1,6,0,0
130.0263,-1.0,81,1,6,0,0
130.0263,132.3158,101,1,6,0,0
130.0263,-1.0,50,7,6,0,0
130.1842,-1.0,900,1,6,0,0
130.3421,-1.0,900,1,6,0,0
130.5000,-1.0,900,1,6,0,0
130.6579,-1.0,900,1,6,0,0
130.8158,-1.0,900,1,6,0,0
130.9737,-1.0,900,1,6,0,0
131.1316,-1.0,900,1,6,0,0
131.2895,-1.0,900,1,6,0,0
131.4474,-1.0,900,1,6,0,0
131.6053,-1.0,900,1,6,0,0
131.7632,-1.0,900,1,6,0,0
131.9211,-1.0,900,1,6,0,0
132.0789,-1.0,900,1,6,0,0
132.2368,-1.0,900,1,6,0,0
132.3158,-1.0,10,9,4,0,0
132.3947,-1.0,10,5,4,0,0
132.4737,-1.0,10,5,4,0,0
132.5526,-1.0,10,1,4,0,0
132.6316,-1.0,10,1,12,0,0