0.0,-1.0,82,9,4,0,0
0.0,0.8612,110,9,4,JumpScratch,-6
6.8900,19.8086,0,0,0,14,10380
0.1435,-1.0,900,9,4,0,0
50.9522,85.8373,0,0,0,14,10380
0.2871,-1.0,900,9,4,0,0
126.6986,158.4211,0,0,0,14,10380
0.4306,-1.0,900,9,4,0,0
176.6938,176.6938,0,0,0,31,10380
0.4306,-1.0,31,9,4,0,0
178.4163,178.4163,0,0,0,32,10380
0.5742,-1.0,900,9,4,0,0
180.1388,180.1388,0,0,0,33,10380
0.5742,-1.0,31,9,4,0,0
181.8612,181.8612,0,0,0,34,10380
0.7177,-1.0,900,9,4,0,0
183.5837,183.5837,0,0,0,33,10380
0.8612,1.7225,110,7,4,JumpScratch,6
185.3062,185.3062,0,0,0,32,10380
1.0048,-1.0,900,7,4,0,0
187.0287,187.0287,0,0,0,31,10380
1.1483,-1.0,900,7,4,0,0
206.6986,241.1483,0,0,0,14,10380
1.1483,-1.0,31,7,4,0,0
244.7321,244.7321,0,0,0,11,10380
1.2919,-1.0,900,7,4,0,0
1.4354,-1.0,900,7,4,0,0
1.4354,-1.0,31,7,4,0,0
1.5789,-1.0,900,7,4,0,0
1.7225,2.5837,110,9,4,0,0
1.8660,-1.0,900,9,4,0,0
2.0096,-1.0,900,9,4,0,0
2.0096,-1.0,31,9,4,0,0
2.1531,-1.0,900,9,4,0,0
2.2967,-1.0,900,9,4,0,0
2.2967,-1.0,31,9,4,0,0
2.4402,-1.0,900,9,4,0,0
3.4450,-1.0,82,1,4,0,0
3.4450,4.3062,110,1,4,JumpScratch,6
3.5885,-1.0,900,1,4,0,0
3.7321,-1.0,900,1,4,0,0
3.8756,-1.0,900,1,4,0,0
3.8756,-1.0,31,1,4,0,0
4.0191,-1.0,900,1,4,0,0
4.0191,-1.0,31,1,4,0,0
4.1627,-1.0,900,1,4,0,0
4.3062,5.1675,110,3,4,JumpScratch,-6
4.4498,-1.0,900,3,4,0,0
4.5933,-1.0,900,3,4,0,0
4.5933,-1.0,31,3,4,0,0
4.7368,-1.0,900,3,4,0,0
4.8804,-1.0,900,3,4,0,0
4.8804,-1.0,31,3,4,0,0
5.0239,-1.0,900,3,4,0,0
5.1675,6.0287,110,1,3,0,0
5.3110,-1.0,900,1,3,0,0
5.4545,-1.0,900,1,3,0,0
5.4545,-1.0,31,1,3,0,0
5.5981,-1.0,900,1,3,0,0
5.7416,-1.0,900,1,3,0,0
5.7416,-1.0,31,1,3,0,0
5.8852,-1.0,900,1,3,0,0
6.8900,-1.0,81,4,3,0,0
6.8900,7.4641,101,4,3,0,0
7.0335,-1.0,900,4,3,0,0
7.1770,-1.0,900,4,3,0,0
7.3206,-1.0,900,4,3,0,0
7.4641,-1.0,10,7,3,0,0
7.7512,-1.0,10,1,3,0,0
8.0383,-1.0,10,10,3,0,0
8.3254,-1.0,10,4,3,0,0
8.6124,-1.0,81,7,3,0,0
8.6124,9.1866,101,7,3,0,0
8.7560,-1.0,900,7,3,0,0
8.8995,-1.0,900,7,3,0,0
9.0431,-1.0,900,7,3,0,0
9.1866,-1.0,10,4,3,0,0
9.4737,-1.0,20,7,3,0,0
10.0478,-1.0,80,1,3,0,0
10.0478,10.3349,100,1,3,0,0
10.1914,-1.0,900,1,3,0,0
10.3349,-1.0,81,10,3,0,0
10.3349,10.9091,101,10,3,0,0
10.4785,-1.0,900,10,3,0,0
10.6220,-1.0,900,10,3,0,0
10.7656,-1.0,900,10,3,0,0
10.9091,-1.0,10,1,3,0,0
11.1962,-1.0,81,7,3,0,0
11.1962,11.4833,101,7,3,0,0
11.3397,-1.0,900,7,3,0,0
11.4833,-1.0,10,4,3,0,0
11.7703,-1.0,10,10,3,0,0
12.0574,-1.0,83,1,3,0,0
12.0574,12.9187,110,1,3,0,0
12.2010,-1.0,900,1,3,0,0
12.3445,-1.0,900,1,3,0,0
12.4880,-1.0,900,1,3,0,0
12.4880,-1.0,31,1,3,0,0
12.6316,-1.0,900,1,3,0,0
12.6316,-1.0,31,1,3,0,0
12.7751,-1.0,900,1,3,0,0
13.2057,-1.0,80,7,3,0,0
13.2057,13.4928,100,7,3,0,0
13.3493,-1.0,900,7,3,0,0
13.4928,-1.0,80,4,3,0,0
13.4928,13.7799,100,4,3,0,0
13.6364,-1.0,900,4,3,0,0
13.7799,-1.0,81,10,3,0,0
13.7799,14.6411,101,10,3,0,0
13.9234,-1.0,900,10,3,0,0
14.0670,-1.0,900,10,3,0,0
14.2105,-1.0,900,10,3,0,0
14.2105,-1.0,30,10,3,0,0
14.3541,-1.0,900,10,3,0,0
14.3541,-1.0,30,10,3,0,0
14.4976,-1.0,900,10,3,0,0
14.6411,-1.0,81,1,3,0,0
14.6411,15.5024,101,1,3,0,0
14.7847,-1.0,900,1,3,0,0
14.9282,-1.0,900,1,3,0,0
14.9282,-1.0,30,1,3,0,0
15.0718,-1.0,900,1,3,0,0
15.2153,-1.0,900,1,3,0,0
15.2153,-1.0,30,1,3,0,0
15.3589,-1.0,900,1,3,0,0
15.5024,-1.0,81,7,3,0,0
15.5024,16.3636,101,7,3,0,0
15.6459,-1.0,900,7,3,0,0
15.7895,-1.0,900,7,3,0,0
15.9330,-1.0,900,7,3,0,0
16.0766,-1.0,900,7,3,0,0
16.0766,-1.0,30,7,3,0,0
16.2201,-1.0,900,7,3,0,0
16.2201,-1.0,30,7,3,0,0
16.3636,-1.0,20,4,3,0,0
16.9378,-1.0,10,7,3,0,0
17.2249,-1.0,81,1,3,0,0
17.2249,17.7990,101,1,3,0,0
17.3684,-1.0,900,1,3,0,0
17.5120,-1.0,900,1,3,0,0
17.6555,-1.0,900,1,3,0,0
17.7990,-1.0,10,7,3,0,0
18.0861,-1.0,81,4,3,0,0
18.0861,18.3732,101,4,3,0,0
18.2297,-1.0,900,4,3,0,0
18.3732,-1.0,10,10,3,0,0
18.6603,-1.0,10,1,3,0,0
18.9474,-1.0,83,7,3,0,0
18.9474,19.8086,110,7,3,0,0
19.0909,-1.0,900,7,3,0,0
19.2344,-1.0,900,7,3,0,0
19.3780,-1.0,900,7,3,0,0
19.3780,-1.0,31,7,3,0,0
19.5215,-1.0,900,7,3,0,0
19.5215,-1.0,31,7,3,0,0
19.6651,-1.0,900,7,3,0,0
20.6699,-1.0,80,10,3,0,0
20.6699,21.5311,100,10,3,0,0
20.8134,-1.0,900,10,3,0,0
20.9569,-1.0,900,10,3,0,0
21.1005,-1.0,900,10,3,0,0
21.2440,-1.0,900,10,3,0,0
21.3876,-1.0,900,10,3,0,0
21.5311,-1.0,10,2,3,0,0
21.8182,-1.0,10,8,3,0,0
22.1053,-1.0,10,4,3,0,0
22.3923,-1.0,80,7,3,0,0
22.3923,22.9665,100,7,3,0,0
22.5359,-1.0,900,7,3,0,0
22.6794,-1.0,900,7,3,0,0
22.8230,-1.0,900,7,3,0,0
23.2536,-1.0,10,3,3,0,0
23.5407,-1.0,10,7,3,0,0
23.8278,-1.0,10,1,3,0,0
24.1148,-1.0,82,9,4,0,0
24.1148,24.9761,110,9,4,JumpScratch,-6
24.2584,-1.0,900,9,4,0,0
24.4019,-1.0,900,9,4,0,0
24.5455,-1.0,900,9,4,0,0
24.6890,-1.0,900,9,4,0,0
24.6890,-1.0,31,9,4,0,0
24.8325,-1.0,900,9,4,0,0
24.9761,25.8373,110,7,4,JumpScratch,6
25.1196,-1.0,900,7,4,0,0
25.2632,-1.0,900,7,4,0,0
25.2632,-1.0,31,7,4,0,0
25.4067,-1.0,900,7,4,0,0
25.5502,-1.0,900,7,4,0,0
25.5502,-1.0,31,7,4,0,0
25.6938,-1.0,900,7,4,0,0
25.8373,26.6986,110,9,4,0,0
25.9809,-1.0,900,9,4,0,0
26.1244,-1.0,900,9,4,0,0
26.2679,-1.0,900,9,4,0,0
26.2679,-1.0,31,9,4,0,0
26.4115,-1.0,900,9,4,0,0
26.4115,-1.0,31,9,4,0,0
26.5550,-1.0,900,9,4,0,0
27.5598,-1.0,80,1,3,0,0
27.5598,28.1340,100,1,3,0,0
27.7033,-1.0,900,1,3,0,0
27.8469,-1.0,900,1,3,0,0
27.9904,-1.0,900,1,3,0,0
28.4211,-1.0,10,9,3,0,0
28.7081,-1.0,10,3,3,0,0
28.9952,-1.0,10,7,3,0,0
29.2823,-1.0,80,4,3,0,0
29.2823,29.8565,100,4,3,0,0
29.4258,-1.0,900,4,3,0,0
29.5694,-1.0,900,4,3,0,0
29.7129,-1.0,900,4,3,0,0
30.1435,-1.0,10,8,3,0,0
30.4306,-1.0,10,4,3,0,0
30.7177,-1.0,10,10,3,0,0
31.0048,-1.0,82,1,4,0,0
31.0048,31.8660,110,1,4,JumpScratch,6
31.1483,-1.0,900,1,4,0,0
31.2919,-1.0,900,1,4,0,0
31.4354,-1.0,900,1,4,0,0
31.5789,-1.0,900,1,4,0,0
31.5789,-1.0,31,1,4,0,0
31.7225,-1.0,900,1,4,0,0
31.8660,32.7273,110,3,4,0,0
32.0096,-1.0,900,3,4,0,0
32.1531,-1.0,900,3,4,0,0
32.1531,-1.0,31,3,4,0,0
32.2967,-1.0,900,3,4,0,0
32.4402,-1.0,900,3,4,0,0
32.4402,-1.0,31,3,4,0,0
32.5837,-1.0,900,3,4,0,0
33.5885,-1.0,10,4,3,0,0
33.8756,-1.0,10,7,3,0,0
34.1627,-1.0,10,2,3,0,0
34.4498,-1.0,81,9,3,0,0
34.4498,35.0239,101,9,3,0,0
34.5933,-1.0,900,9,3,0,0
34.7368,-1.0,900,9,3,0,0
34.8804,-1.0,900,9,3,0,0
35.0239,-1.0,10,2,3,0,0
35.3110,-1.0,10,7,3,0,0
35.5981,-1.0,10,4,3,0,0
35.8852,-1.0,10,9,3,0,0
36.1722,-1.0,80,2,3,0,0
36.1722,37.0335,100,2,3,0,0
36.3158,-1.0,900,2,3,0,0
36.4593,-1.0,900,2,3,0,0
36.6029,-1.0,900,2,3,0,0
36.7464,-1.0,900,2,3,0,0
36.8900,-1.0,900,2,3,0,0
37.6077,-1.0,10,8,3,0,0
37.8947,-1.0,81,2,3,0,0
37.8947,38.4689,101,2,3,0,0
38.0383,-1.0,900,2,3,0,0
38.1818,-1.0,900,2,3,0,0
38.3254,-1.0,900,2,3,0,0
38.4689,-1.0,10,9,3,0,0
38.7560,-1.0,20,4,3,0,0
39.0431,-1.0,10,7,3,0,0
39.3301,-1.0,10,2,3,0,0
39.6172,-1.0,81,8,3,0,0
39.6172,40.1914,101,8,3,0,0
39.7608,-1.0,900,8,3,0,0
39.9043,-1.0,900,8,3,0,0
40.0478,-1.0,900,8,3,0,0
40.4785,-1.0,10,10,3,0,0
40.7656,-1.0,10,4,3,0,0
41.0526,-1.0,10,7,3,0,0
41.3397,-1.0,81,1,3,0,0
41.3397,41.9139,101,1,3,0,0
41.4833,-1.0,900,1,3,0,0
41.6268,-1.0,900,1,3,0,0
41.7703,-1.0,900,1,3,0,0
42.2010,-1.0,10,7,3,0,0
42.4880,-1.0,10,4,3,0,0
42.7751,-1.0,10,10,3,0,0
43.0622,-1.0,81,1,3,0,0
43.0622,43.6364,101,1,3,0,0
43.2057,-1.0,900,1,3,0,0
43.3493,-1.0,900,1,3,0,0
43.4928,-1.0,900,1,3,0,0
43.9234,-1.0,10,10,3,0,0
44.2105,-1.0,10,1,3,0,0
44.4976,-1.0,10,7,3,0,0
44.7847,-1.0,83,4,3,0,0
44.7847,46.5072,110,4,3,0,0
44.9282,-1.0,900,4,3,0,0
45.0718,-1.0,900,4,3,0,0
45.2153,-1.0,900,4,3,0,0
45.3589,-1.0,900,4,3,0,0
45.5024,-1.0,900,4,3,0,0
45.6459,-1.0,900,4,3,0,0
45.6459,-1.0,31,4,3,0,0
45.7895,-1.0,900,4,3,0,0
45.9330,-1.0,900,4,3,0,0
45.9330,-1.0,31,4,3,0,0
46.0766,-1.0,900,4,3,0,0
46.2201,-1.0,900,4,3,0,0
46.2201,-1.0,31,4,3,0,0
46.3636,-1.0,900,4,3,0,0
47.3684,-1.0,80,9,3,0,0
47.3684,47.9426,100,9,3,0,0
47.5120,-1.0,900,9,3,0,0
47.6555,-1.0,900,9,3,0,0
47.7990,-1.0,900,9,3,0,0
47.9426,-1.0,10,3,3,0,0
48.2297,-1.0,83,7,3,0,0
48.2297,49.9522,110,7,3,0,0
48.3732,-1.0,900,7,3,0,0
48.5167,-1.0,900,7,3,0,0
48.6603,-1.0,900,7,3,0,0
48.8038,-1.0,900,7,3,0,0
48.9474,-1.0,900,7,3,0,0
49.0909,-1.0,900,7,3,0,0
49.0909,-1.0,31,7,3,0,0
49.2344,-1.0,900,7,3,0,0
49.3780,-1.0,900,7,3,0,0
49.3780,-1.0,31,7,3,0,0
49.5215,-1.0,900,7,3,0,0
49.6651,-1.0,900,7,3,0,0
49.6651,-1.0,31,7,3,0,0
49.8086,-1.0,900,7,3,0,0
51.6746,-1.0,81,10,3,0,0
51.6746,52.2488,101,10,3,0,0
51.8182,-1.0,900,10,3,0,0
51.9617,-1.0,900,10,3,0,0
52.1053,-1.0,900,10,3,0,0
52.5359,-1.0,10,4,3,0,0
52.8230,-1.0,10,7,3,0,0
53.1100,-1.0,10,1,3,0,0
53.3971,-1.0,81,10,3,0,0
53.3971,53.9713,101,10,3,0,0
53.5407,-1.0,900,10,3,0,0
53.6842,-1.0,900,10,3,0,0
53.8278,-1.0,900,10,3,0,0
53.9713,-1.0,10,4,3,0,0
54.2584,-1.0,20,7,3,0,0
54.8325,-1.0,10,4,3,0,0
55.1196,-1.0,81,10,3,0,0
55.1196,55.6938,101,10,3,0,0
55.2632,-1.0,900,10,3,0,0
55.4067,-1.0,900,10,3,0,0
55.5502,-1.0,900,10,3,0,0
55.6938,-1.0,10,1,3,0,0
55.9809,-1.0,81,7,3,0,0
55.9809,56.5550,101,7,3,0,0
56.1244,-1.0,900,7,3,0,0
56.2679,-1.0,900,7,3,0,0
56.4115,-1.0,900,7,3,0,0
56.5550,-1.0,10,4,3,0,0
56.8421,-1.0,81,10,3,0,0
56.8421,57.4163,101,10,3,0,0
56.9856,-1.0,900,10,3,0,0
57.1292,-1.0,900,10,3,0,0
57.2727,-1.0,900,10,3,0,0
57.7033,-1.0,10,10,3,0,0
57.9904,-1.0,10,4,3,0,0
58.2775,-1.0,10,7,3,0,0
58.5646,-1.0,81,1,3,0,0
58.5646,59.1388,101,1,3,0,0
58.7081,-1.0,900,1,3,0,0
58.8517,-1.0,900,1,3,0,0
58.9952,-1.0,900,1,3,0,0
59.4258,-1.0,10,7,3,0,0
59.7129,-1.0,10,4,3,0,0
60.0,-1.0,10,10,3,0,0
60.2871,-1.0,20,1,3,0,0
60.8612,-1.0,10,7,3,0,0
61.1483,-1.0,20,1,3,0,0
61.4354,-1.0,10,10,3,0,0
61.7225,-1.0,10,4,3,0,0
62.0096,-1.0,50,10,3,0,0
62.5837,-1.0,10,1,3,0,0
62.8708,-1.0,50,10,3,0,0
63.1579,-1.0,10,4,3,0,0
63.4450,-1.0,10,7,3,0,0
63.7321,-1.0,50,1,3,0,0
64.5933,-1.0,10,1,3,0,0
64.8804,-1.0,10,7,3,0,0
65.1675,-1.0,10,1,3,0,0
65.4545,-1.0,81,10,3,0,0
65.4545,66.0287,101,10,3,0,0
65.5981,-1.0,900,10,3,0,0
65.7416,-1.0,900,10,3,0,0
65.8852,-1.0,900,10,3,0,0
66.3158,-1.0,10,1,3,0,0
66.6029,-1.0,10,7,3,0,0
66.8900,-1.0,10,1,3,0,0
67.1770,-1.0,81,10,3,0,0
67.1770,67.7512,101,10,3,0,0
67.3206,-1.0,900,10,3,0,0
67.4641,-1.0,900,10,3,0,0
67.6077,-1.0,900,10,3,0,0
67.7512,-1.0,10,4,3,0,0
68.0383,-1.0,20,7,3,0,0
68.8995,-1.0,81,1,3,0,0
68.8995,69.4737,101,1,3,0,0
68.8995,-1.0,81,10,3,0,0
68.8995,69.4737,101,10,3,0,0
69.0431,-1.0,900,1,3,0,0
69.0431,-1.0,900,10,3,0,0
69.1866,-1.0,900,1,3,0,0
69.1866,-1.0,900,10,3,0,0
69.3301,-1.0,900,1,3,0,0
69.3301,-1.0,900,10,3,0,0
69.7608,-1.0,81,4,3,0,0
69.7608,70.3349,101,4,3,0,0
69.7608,-1.0,81,7,3,0,0
69.7608,70.3349,101,7,3,0,0
69.9043,-1.0,900,4,3,0,0
69.9043,-1.0,900,7,3,0,0
70.0478,-1.0,900,4,3,0,0
70.0478,-1.0,900,7,3,0,0
70.1914,-1.0,900,4,3,0,0
70.1914,-1.0,900,7,3,0,0
70.6220,-1.0,81,1,3,0,0
70.6220,71.1962,101,1,3,0,0
70.6220,-1.0,81,10,3,0,0
70.6220,71.1962,101,10,3,0,0
70.7656,-1.0,900,1,3,0,0
70.7656,-1.0,900,10,3,0,0
70.9091,-1.0,900,1,3,0,0
70.9091,-1.0,900,10,3,0,0
71.0526,-1.0,900,1,3,0,0
71.0526,-1.0,900,10,3,0,0
71.4833,-1.0,10,10,3,0,0
71.7703,-1.0,10,4,3,0,0
72.0574,-1.0,10,10,3,0,0
72.3445,-1.0,81,1,3,0,0
72.3445,72.9187,101,1,3,0,0
72.4880,-1.0,900,1,3,0,0
72.6316,-1.0,900,1,3,0,0
72.7751,-1.0,900,1,3,0,0
73.2057,-1.0,10,10,3,0,0
73.4928,-1.0,10,4,3,0,0
73.7799,-1.0,10,10,3,0,0
74.0670,-1.0,81,1,3,0,0
74.0670,74.6411,101,1,3,0,0
74.2105,-1.0,900,1,3,0,0
74.3541,-1.0,900,1,3,0,0
74.4976,-1.0,900,1,3,0,0
74.9282,-1.0,10,10,3,0,0
75.2153,-1.0,10,4,3,0,0
75.5024,-1.0,10,7,3,0,0
75.7895,-1.0,81,1,3,0,0
75.7895,78.0861,101,1,3,0,0
75.7895,-1.0,81,10,3,0,0
75.7895,78.0861,101,10,3,0,0
75.9330,-1.0,900,1,3,0,0
75.9330,-1.0,900,10,3,0,0
76.0766,-1.0,900,1,3,0,0
76.0766,-1.0,900,10,3,0,0
76.2201,-1.0,900,1,3,0,0
76.2201,-1.0,900,10,3,0,0
76.3636,-1.0,900,1,3,0,0
76.3636,-1.0,900,10,3,0,0
76.5072,-1.0,900,1,3,0,0
76.5072,-1.0,900,10,3,0,0
76.6507,-1.0,900,1,3,0,0
76.6507,-1.0,30,1,3,0,0
76.6507,-1.0,900,10,3,0,0
76.6507,-1.0,30,10,3,0,0
76.7943,-1.0,900,1,3,0,0
76.7943,-1.0,900,10,3,0,0
76.9378,-1.0,900,1,3,0,0
76.9378,-1.0,900,10,3,0,0
77.0813,-1.0,900,1,3,0,0
77.0813,-1.0,900,10,3,0,0
77.2249,-1.0,900,1,3,0,0
77.2249,-1.0,900,10,3,0,0
77.3684,-1.0,900,1,3,0,0
77.3684,-1.0,900,10,3,0,0
77.5120,-1.0,900,1,3,0,0
77.5120,-1.0,30,1,3,0,0
77.5120,-1.0,900,10,3,0,0
77.5120,-1.0,30,10,3,0,0
77.6555,-1.0,900,1,3,0,0
77.6555,-1.0,900,10,3,0,0
77.7990,-1.0,900,1,3,0,0
77.7990,-1.0,900,10,3,0,0
77.9426,-1.0,900,1,3,0,0
77.9426,-1.0,900,10,3,0,0
78.3732,-1.0,10,4,3,0,0
78.6603,-1.0,10,10,3,0,0
78.9474,-1.0,10,1,3,0,0
79.2344,-1.0,83,4,3,0,0
79.2344,80.9569,110,4,3,0,0
79.2344,-1.0,83,7,3,0,0
79.2344,80.9569,110,7,3,0,0
79.3780,-1.0,900,4,3,0,0
79.3780,-1.0,900,7,3,0,0
79.5215,-1.0,900,4,3,0,0
79.5215,-1.0,900,7,3,0,0
79.6651,-1.0,900,4,3,0,0
79.6651,-1.0,900,7,3,0,0
79.8086,-1.0,900,4,3,0,0
79.8086,-1.0,900,7,3,0,0
79.9522,-1.0,900,4,3,0,0
79.9522,-1.0,900,7,3,0,0
80.0957,-1.0,900,4,3,0,0
80.0957,-1.0,31,4,3,0,0
80.0957,-1.0,900,7,3,0,0
80.0957,-1.0,31,7,3,0,0
80.2392,-1.0,900,4,3,0,0
80.2392,-1.0,900,7,3,0,0
80.3828,-1.0,900,4,3,0,0
80.3828,-1.0,900,7,3,0,0
80.5263,-1.0,900,4,3,0,0
80.5263,-1.0,900,7,3,0,0
80.6699,-1.0,900,4,3,0,0
80.6699,-1.0,900,7,3,0,0
80.8134,-1.0,900,4,3,0,0
80.8134,-1.0,900,7,3,0,0
81.8182,-1.0,80,10,3,0,0
81.8182,82.6794,100,10,3,0,0
81.9617,-1.0,900,10,3,0,0
82.1053,-1.0,900,10,3,0,0
82.2488,-1.0,900,10,3,0,0
82.3923,-1.0,900,10,3,0,0
82.5359,-1.0,900,10,3,0,0
82.6794,-1.0,81,1,3,0,0
82.6794,85.8373,101,1,3,0,0
82.8230,-1.0,900,1,3,0,0
82.9665,-1.0,900,1,3,0,0
83.1100,-1.0,900,1,3,0,0
83.2536,-1.0,900,1,3,0,0
83.3971,-1.0,900,1,3,0,0
83.5407,-1.0,900,1,3,0,0
83.5407,-1.0,30,1,3,0,0
83.6842,-1.0,900,1,3,0,0
83.8278,-1.0,900,1,3,0,0
83.9713,-1.0,900,1,3,0,0
84.1148,-1.0,900,1,3,0,0
84.2584,-1.0,900,1,3,0,0
84.4019,-1.0,900,1,3,0,0
84.4019,-1.0,30,1,3,0,0
84.5455,-1.0,900,1,3,0,0
84.6890,-1.0,900,1,3,0,0
84.8325,-1.0,900,1,3,0,0
84.9761,-1.0,900,1,3,0,0
85.1196,-1.0,900,1,3,0,0
85.2632,-1.0,900,1,3,0,0
85.2632,-1.0,30,1,3,0,0
85.4067,-1.0,900,1,3,0,0
85.5502,-1.0,900,1,3,0,0
85.6938,-1.0,900,1,3,0,0
86.1244,-1.0,80,7,3,0,0
86.1244,86.6986,100,7,3,0,0
86.2679,-1.0,900,7,3,0,0
86.4115,-1.0,900,7,3,0,0
86.5550,-1.0,900,7,3,0,0
86.5550,-1.0,30,7,3,0,0
86.6986,-1.0,10,4,3,0,0
86.9856,-1.0,10,10,3,0,0
87.2727,-1.0,10,1,3,0,0
87.5598,-1.0,10,7,3,0,0
87.8469,-1.0,10,1,3,0,0
88.1340,-1.0,10,7,3,0,0
88.4211,-1.0,10,4,3,0,0
88.7081,-1.0,50,10,3,0,0
89.5694,-1.0,81,4,3,0,0
89.5694,90.1435,101,4,3,0,0
89.7129,-1.0,900,4,3,0,0
89.8565,-1.0,900,4,3,0,0
90.0,-1.0,900,4,3,0,0
90.0,-1.0,30,4,3,0,0
90.1435,-1.0,10,7,3,0,0
90.4306,-1.0,10,1,3,0,0
90.7177,-1.0,10,10,3,0,0
91.0048,-1.0,10,4,3,0,0
91.2919,-1.0,10,10,3,0,0
91.5789,-1.0,10,4,3,0,0
91.8660,-1.0,10,7,3,0,0
92.1531,-1.0,50,1,3,0,0
93.0144,-1.0,81,10,3,0,0
93.0144,93.5885,101,10,3,0,0
93.1579,-1.0,900,10,3,0,0
93.3014,-1.0,900,10,3,0,0
93.4450,-1.0,900,10,3,0,0
93.4450,-1.0,30,10,3,0,0
93.5885,-1.0,10,4,3,0,0
93.8756,-1.0,10,7,3,0,0
94.1627,-1.0,10,1,3,0,0
94.4498,-1.0,10,10,3,0,0
94.7368,-1.0,83,4,3,0,0
94.7368,95.5981,110,4,3,0,0
94.8804,-1.0,900,4,3,0,0
95.0239,-1.0,900,4,3,0,0
95.0239,-1.0,31,4,3,0,0
95.1675,-1.0,900,4,3,0,0
95.3110,-1.0,900,4,3,0,0
95.3110,-1.0,31,4,3,0,0
95.4545,-1.0,900,4,3,0,0
96.4593,-1.0,80,9,4,0,0
96.4593,98.1818,100,9,4,0,0
96.6029,-1.0,900,9,4,0,0
96.7464,-1.0,900,9,4,0,0
96.8900,-1.0,900,9,4,0,0
97.0335,-1.0,900,9,4,0,0
97.1770,-1.0,900,9,4,0,0
97.3206,-1.0,900,9,4,0,0
97.4641,-1.0,900,9,4,0,0
97.6077,-1.0,900,9,4,0,0
97.7512,-1.0,900,9,4,0,0
97.8947,-1.0,900,9,4,0,0
98.0383,-1.0,900,9,4,0,0
98.1818,-1.0,80,1,4,0,0
98.1818,99.0431,100,1,4,0,0
98.3254,-1.0,900,1,4,0,0
98.4689,-1.0,900,1,4,0,0
98.6124,-1.0,900,1,4,0,0
98.7560,-1.0,900,1,4,0,0
98.8995,-1.0,900,1,4,0,0
99.0431,-1.0,10,7,3,0,0
99.3301,-1.0,10,1,3,0,0
99.6172,-1.0,10,10,3,0,0
99.9043,-1.0,82,3,4,0,0
99.9043,100.7656,110,3,4,JumpScratch,-6
100.0478,-1.0,900,3,4,0,0
100.1914,-1.0,900,3,4,0,0
100.3349,-1.0,900,3,4,0,0
100.4785,-1.0,900,3,4,0,0
100.4785,-1.0,31,3,4,0,0
100.6220,-1.0,900,3,4,0,0
100.7656,101.6268,110,1,4,JumpScratch,6
100.9091,-1.0,900,1,4,0,0
101.0526,-1.0,900,1,4,0,0
101.0526,-1.0,31,1,4,0,0
101.1962,-1.0,900,1,4,0,0
101.3397,-1.0,900,1,4,0,0
101.3397,-1.0,31,1,4,0,0
101.4833,-1.0,900,1,4,0,0
101.6268,102.4880,110,3,4,0,0
101.7703,-1.0,900,3,4,0,0
101.9139,-1.0,900,3,4,0,0
102.0574,-1.0,900,3,4,0,0
102.0574,-1.0,31,3,4,0,0
102.2010,-1.0,900,3,4,0,0
102.2010,-1.0,31,3,4,0,0
102.3445,-1.0,900,3,4,0,0
103.3493,-1.0,80,3,3,0,0
103.3493,103.9234,100,3,3,0,0
103.4928,-1.0,900,3,3,0,0
103.6364,-1.0,900,3,3,0,0
103.7799,-1.0,900,3,3,0,0
103.9234,-1.0,10,8,3,0,0
104.2105,-1.0,10,1,3,0,0
104.4976,-1.0,10,10,3,0,0
104.7847,-1.0,10,3,3,0,0
105.0718,-1.0,80,8,3,0,0
105.0718,105.6459,100,8,3,0,0
105.2153,-1.0,900,8,3,0,0
105.3589,-1.0,900,8,3,0,0
105.5024,-1.0,900,8,3,0,0
105.9330,-1.0,10,4,3,0,0
106.2201,-1.0,10,10,3,0,0
106.5072,-1.0,10,1,3,0,0
106.7943,-1.0,82,7,4,0,0
106.7943,107.6555,110,7,4,JumpScratch,6
106.9378,-1.0,900,7,4,0,0
107.0813,-1.0,900,7,4,0,0
107.2249,-1.0,900,7,4,0,0
107.3684,-1.0,900,7,4,0,0
107.3684,-1.0,31,7,4,0,0
107.5120,-1.0,900,7,4,0,0
107.6555,108.5167,110,9,4,0,0
107.7990,-1.0,900,9,4,0,0
107.9426,-1.0,900,9,4,0,0
107.9426,-1.0,31,9,4,0,0
108.0861,-1.0,900,9,4,0,0
108.2297,-1.0,900,9,4,0,0
108.2297,-1.0,31,9,4,0,0
108.3732,-1.0,900,9,4,0,0
109.3780,-1.0,10,1,3,0,0
109.6651,-1.0,10,8,3,0,0
109.9522,-1.0,10,3,3,0,0
110.2392,-1.0,81,10,3,0,0
110.2392,110.8134,101,10,3,0,0
110.3828,-1.0,900,10,3,0,0
110.5263,-1.0,900,10,3,0,0
110.6699,-1.0,900,10,3,0,0
110.8134,-1.0,10,3,3,0,0
111.1005,-1.0,10,9,3,0,0
111.3876,-1.0,10,3,3,0,0
111.6746,-1.0,10,7,3,0,0
111.9617,-1.0,83,1,3,0,0
111.9617,112.8230,110,1,3,0,0
112.1053,-1.0,900,1,3,0,0
112.2488,-1.0,900,1,3,0,0
112.3923,-1.0,900,1,3,0,0
112.5359,-1.0,900,1,3,0,0
112.6794,-1.0,900,1,3,0,0
113.3971,-1.0,10,10,3,0,0
113.6842,-1.0,81,3,3,0,0
113.6842,114.2584,101,3,3,0,0
113.8278,-1.0,900,3,3,0,0
113.9713,-1.0,900,3,3,0,0
114.1148,-1.0,900,3,3,0,0
114.2584,-1.0,10,7,3,0,0
114.5455,-1.0,20,1,3,0,0
114.8325,-1.0,10,10,3,0,0
115.1196,-1.0,10,4,3,0,0
115.4067,-1.0,81,7,3,0,0
115.4067,115.9809,101,7,3,0,0
115.5502,-1.0,900,7,3,0,0
115.6938,-1.0,900,7,3,0,0
115.8373,-1.0,900,7,3,0,0
116.2679,-1.0,10,1,3,0,0
116.5550,-1.0,10,7,3,0,0
116.8421,-1.0,10,4,3,0,0
117.1292,-1.0,81,10,3,0,0
117.1292,117.7033,101,10,3,0,0
117.2727,-1.0,900,10,3,0,0
117.4163,-1.0,900,10,3,0,0
117.5598,-1.0,900,10,3,0,0
117.9904,-1.0,10,4,3,0,0
118.2775,-1.0,10,7,3,0,0
118.5646,-1.0,10,1,3,0,0
118.8517,-1.0,81,10,3,0,0
118.8517,119.4258,101,10,3,0,0
118.9952,-1.0,900,10,3,0,0
119.1388,-1.0,900,10,3,0,0
119.2823,-1.0,900,10,3,0,0
119.7129,-1.0,10,1,3,0,0
120.0,-1.0,10,10,3,0,0
120.2871,-1.0,10,4,3,0,0
120.5742,-1.0,83,7,3,0,0
120.5742,122.2967,110,7,3,0,0
120.7177,-1.0,900,7,3,0,0
120.8612,-1.0,900,7,3,0,0
121.0048,-1.0,900,7,3,0,0
121.1483,-1.0,900,7,3,0,0
121.2919,-1.0,900,7,3,0,0
121.4354,-1.0,900,7,3,0,0
121.4354,-1.0,31,7,3,0,0
121.5789,-1.0,900,7,3,0,0
121.5789,-1.0,31,7,3,0,0
121.7225,-1.0,900,7,3,0,0
121.7225,-1.0,31,7,3,0,0
121.8660,-1.0,900,7,3,0,0
121.8660,-1.0,31,7,3,0,0
122.0096,-1.0,900,7,3,0,0
122.0096,-1.0,31,7,3,0,0
122.1531,-1.0,900,7,3,0,0
122.1531,-1.0,31,7,3,0,0
123.1579,-1.0,80,4,3,0,0
123.1579,123.7321,100,4,3,0,0
123.3014,-1.0,900,4,3,0,0
123.4450,-1.0,900,4,3,0,0
123.5885,-1.0,900,4,3,0,0
123.7321,-1.0,10,10,3,0,0
124.0191,-1.0,83,1,3,0,0
124.0191,125.7416,110,1,3,0,0
124.1627,-1.0,900,1,3,0,0
124.3062,-1.0,900,1,3,0,0
124.4498,-1.0,900,1,3,0,0
124.5933,-1.0,900,1,3,0,0
124.7368,-1.0,900,1,3,0,0
124.8804,-1.0,900,1,3,0,0
124.8804,-1.0,31,1,3,0,0
125.0239,-1.0,900,1,3,0,0
125.1675,-1.0,900,1,3,0,0
125.1675,-1.0,31,1,3,0,0
125.3110,-1.0,900,1,3,0,0
125.4545,-1.0,900,1,3,0,0
125.4545,-1.0,31,1,3,0,0
125.5981,-1.0,900,1,3,0,0
127.4641,-1.0,81,7,3,0,0
127.4641,128.0383,101,7,3,0,0
127.6077,-1.0,900,7,3,0,0
127.7512,-1.0,900,7,3,0,0
127.8947,-1.0,900,7,3,0,0
128.3254,-1.0,10,1,3,0,0
128.6124,-1.0,10,7,3,0,0
128.8995,-1.0,10,4,3,0,0
129.1866,-1.0,81,10,3,0,0
129.1866,129.7608,101,10,3,0,0
129.3301,-1.0,900,10,3,0,0
129.4737,-1.0,900,10,3,0,0
129.6172,-1.0,900,10,3,0,0
129.7608,-1.0,10,4,3,0,0
130.0478,-1.0,20,7,3,0,0
130.6220,-1.0,10,1,3,0,0
130.9091,-1.0,81,7,3,0,0
130.9091,131.4833,101,7,3,0,0
131.0526,-1.0,900,7,3,0,0
131.1962,-1.0,900,7,3,0,0
131.3397,-1.0,900,7,3,0,0
131.4833,-1.0,10,4,3,0,0
131.7703,-1.0,81,10,3,0,0
131.7703,132.3445,101,10,3,0,0
131.9139,-1.0,900,10,3,0,0
132.0574,-1.0,900,10,3,0,0
132.2010,-1.0,900,10,3,0,0
132.3445,-1.0,10,1,3,0,0
132.6316,-1.0,81,7,3,0,0
132.6316,133.2057,101,7,3,0,0
132.7751,-1.0,900,7,3,0,0
132.9187,-1.0,900,7,3,0,0
133.0622,-1.0,900,7,3,0,0
133.4928,-1.0,10,4,3,0,0
133.7799,-1.0,10,10,3,0,0
134.0670,-1.0,10,1,3,0,0
134.3541,-1.0,81,7,3,0,0
134.3541,134.9282,101,7,3,0,0
134.4976,-1.0,900,7,3,0,0
134.6411,-1.0,900,7,3,0,0
134.7847,-1.0,900,7,3,0,0
135.2153,-1.0,10,1,3,0,0
135.5024,-1.0,10,7,3,0,0
135.7895,-1.0,10,4,3,0,0
136.0766,-1.0,81,10,3,0,0
136.0766,136.6507,101,10,3,0,0
136.2201,-1.0,900,10,3,0,0
136.3636,-1.0,900,10,3,0,0
136.5072,-1.0,900,10,3,0,0
136.6507,-1.0,10,4,3,0,0
136.9378,-1.0,10,10,3,0,0
137.2249,-1.0,10,4,3,0,0
137.5120,-1.0,10,7,3,0,0
137.7990,-1.0,50,1,3,0,0
138.3732,-1.0,10,10,3,0,0
138.6603,-1.0,50,1,3,0,0
138.9474,-1.0,10,7,3,0,0
139.2344,-1.0,10,4,3,0,0
139.5215,-1.0,50,10,3,0,0
140.3828,-1.0,10,4,3,0,0
140.6699,-1.0,10,7,3,0,0
140.9569,-1.0,10,4,3,0,0
141.2440,-1.0,81,10,3,0,0
141.2440,141.8182,101,10,3,0,0
141.3876,-1.0,900,10,3,0,0
141.5311,-1.0,900,10,3,0,0
141.6746,-1.0,900,10,3,0,0
142.1053,-1.0,10,4,3,0,0
142.3923,-1.0,10,7,3,0,0
142.6794,-1.0,10,4,3,0,0
142.9665,-1.0,81,10,3,0,0
142.9665,143.5407,101,10,3,0,0
143.1100,-1.0,900,10,3,0,0
143.2536,-1.0,900,10,3,0,0
143.3971,-1.0,900,10,3,0,0
143.5407,-1.0,10,4,3,0,0
143.8278,-1.0,20,10,3,0,0
144.6890,-1.0,81,4,3,0,0
144.6890,145.2632,101,4,3,0,0
144.6890,-1.0,81,7,3,0,0
144.6890,145.2632,101,7,3,0,0
144.8325,-1.0,900,4,3,0,0
144.8325,-1.0,900,7,3,0,0
144.9761,-1.0,900,4,3,0,0
144.9761,-1.0,900,7,3,0,0
145.1196,-1.0,900,4,3,0,0
145.1196,-1.0,900,7,3,0,0
145.5502,-1.0,81,1,3,0,0
145.5502,146.1244,101,1,3,0,0
145.5502,-1.0,81,10,3,0,0
145.5502,146.1244,101,10,3,0,0
145.6938,-1.0,900,1,3,0,0
145.6938,-1.0,900,10,3,0,0
145.8373,-1.0,900,1,3,0,0
145.8373,-1.0,900,10,3,0,0
145.9809,-1.0,900,1,3,0,0
145.9809,-1.0,900,10,3,0,0
146.4115,-1.0,81,4,3,0,0
146.4115,146.9856,101,4,3,0,0
146.4115,-1.0,81,7,3,0,0
146.4115,146.9856,101,7,3,0,0
146.5550,-1.0,900,4,3,0,0
146.5550,-1.0,900,7,3,0,0
146.6986,-1.0,900,4,3,0,0
146.6986,-1.0,900,7,3,0,0
146.8421,-1.0,900,4,3,0,0
146.8421,-1.0,900,7,3,0,0
147.2727,-1.0,10,10,3,0,0
147.5598,-1.0,10,4,3,0,0
147.8469,-1.0,10,10,3,0,0
148.1340,-1.0,81,1,3,0,0
148.1340,148.7081,101,1,3,0,0
148.2775,-1.0,900,1,3,0,0
148.4211,-1.0,900,1,3,0,0
148.5646,-1.0,900,1,3,0,0
148.9952,-1.0,10,7,3,0,0
149.2823,-1.0,10,4,3,0,0
149.5694,-1.0,10,10,3,0,0
149.8565,-1.0,81,1,3,0,0
149.8565,150.4306,101,1,3,0,0
150.0,-1.0,900,1,3,0,0
150.1435,-1.0,900,1,3,0,0
150.2871,-1.0,900,1,3,0,0
150.7177,-1.0,10,7,3,0,0
151.0048,-1.0,10,1,3,0,0
151.2919,-1.0,10,10,3,0,0
151.5789,-1.0,81,4,3,0,0
151.5789,153.8756,101,4,3,0,0
151.5789,-1.0,81,7,3,0,0
151.5789,153.8756,101,7,3,0,0
151.7225,-1.0,900,4,3,0,0
151.7225,-1.0,900,7,3,0,0
151.8660,-1.0,900,4,3,0,0
151.8660,-1.0,900,7,3,0,0
152.0096,-1.0,900,4,3,0,0
152.0096,-1.0,900,7,3,0,0
152.1531,-1.0,900,4,3,0,0
152.1531,-1.0,900,7,3,0,0
152.2967,-1.0,900,4,3,0,0
152.2967,-1.0,900,7,3,0,0
152.4402,-1.0,900,4,3,0,0
152.4402,-1.0,30,4,3,0,0
152.4402,-1.0,900,7,3,0,0
152.4402,-1.0,30,7,3,0,0
152.5837,-1.0,900,4,3,0,0
152.5837,-1.0,900,7,3,0,0
152.7273,-1.0,900,4,3,0,0
152.7273,-1.0,900,7,3,0,0
152.8708,-1.0,900,4,3,0,0
152.8708,-1.0,900,7,3,0,0
153.0144,-1.0,900,4,3,0,0
153.0144,-1.0,900,7,3,0,0
153.1579,-1.0,900,4,3,0,0
153.1579,-1.0,900,7,3,0,0
153.3014,-1.0,900,4,3,0,0
153.3014,-1.0,30,4,3,0,0
153.3014,-1.0,900,7,3,0,0
153.3014,-1.0,30,7,3,0,0
153.4450,-1.0,900,4,3,0,0
153.4450,-1.0,900,7,3,0,0
153.5885,-1.0,900,4,3,0,0
153.5885,-1.0,900,7,3,0,0
153.7321,-1.0,900,4,3,0,0
153.7321,-1.0,900,7,3,0,0
154.1627,-1.0,10,1,3,0,0
154.4498,-1.0,10,7,3,0,0
154.7368,-1.0,10,4,3,0,0
155.0239,-1.0,83,1,3,0,0
155.0239,156.7464,110,1,3,0,0
155.0239,-1.0,83,10,3,0,0
155.0239,156.7464,110,10,3,0,0
155.1675,-1.0,900,1,3,0,0
155.1675,-1.0,900,10,3,0,0
155.3110,-1.0,900,1,3,0,0
155.3110,-1.0,900,10,3,0,0
155.4545,-1.0,900,1,3,0,0
155.4545,-1.0,900,10,3,0,0
155.5981,-1.0,900,1,3,0,0
155.5981,-1.0,900,10,3,0,0
155.7416,-1.0,900,1,3,0,0
155.7416,-1.0,900,10,3,0,0
155.8852,-1.0,900,1,3,0,0
155.8852,-1.0,31,1,3,0,0
155.8852,-1.0,900,10,3,0,0
155.8852,-1.0,31,10,3,0,0
156.0287,-1.0,900,1,3,0,0
156.0287,-1.0,900,10,3,0,0
156.1722,-1.0,900,1,3,0,0
156.1722,-1.0,900,10,3,0,0
156.3158,-1.0,900,1,3,0,0
156.3158,-1.0,900,10,3,0,0
156.4593,-1.0,900,1,3,0,0
156.4593,-1.0,900,10,3,0,0
156.6029,-1.0,900,1,3,0,0
156.6029,-1.0,900,10,3,0,0
157.6077,-1.0,10,10,3,0,0
157.8947,-1.0,10,4,3,0,0
158.1818,-1.0,10,7,3,0,0
158.4689,-1.0,81,1,3,0,0
158.4689,161.6268,101,1,3,0,0
158.6124,-1.0,900,1,3,0,0
158.7560,-1.0,900,1,3,0,0
158.8995,-1.0,900,1,3,0,0
159.0431,-1.0,900,1,3,0,0
159.1866,-1.0,900,1,3,0,0
159.3301,-1.0,900,1,3,0,0
159.4737,-1.0,900,1,3,0,0
159.6172,-1.0,900,1,3,0,0
159.7608,-1.0,900,1,3,0,0
159.9043,-1.0,900,1,3,0,0
160.0478,-1.0,900,1,3,0,0
160.1914,-1.0,900,1,3,0,0
160.3349,-1.0,900,1,3,0,0
160.4785,-1.0,900,1,3,0,0
160.6220,-1.0,900,1,3,0,0
160.7656,-1.0,900,1,3,0,0
160.9091,-1.0,900,1,3,0,0
161.0526,-1.0,900,1,3,0,0
161.1962,-1.0,900,1,3,0,0
161.3397,-1.0,900,1,3,0,0
161.4833,-1.0,900,1,3,0,0
161.9139,-1.0,82,9,4,0,0
161.9139,162.7751,110,9,4,JumpScratch,-6
162.0574,-1.0,900,9,4,0,0
162.2010,-1.0,900,9,4,0,0
162.2010,-1.0,31,9,4,0,0
162.3445,-1.0,900,9,4,0,0
162.4880,-1.0,900,9,4,0,0
162.4880,-1.0,31,9,4,0,0
162.6316,-1.0,900,9,4,0,0
162.7751,163.6364,110,7,4,JumpScratch,6
162.9187,-1.0,900,7,4,0,0
163.0622,-1.0,900,7,4,0,0
163.0622,-1.0,31,7,4,0,0
163.2057,-1.0,900,7,4,0,0
163.3493,-1.0,900,7,4,0,0
163.3493,-1.0,31,7,4,0,0
163.4928,-1.0,900,7,4,0,0
163.6364,164.4976,110,9,4,0,0
163.7799,-1.0,900,9,4,0,0
163.9234,-1.0,900,9,4,0,0
163.9234,-1.0,31,9,4,0,0
164.0670,-1.0,900,9,4,0,0
164.2105,-1.0,900,9,4,0,0
164.2105,-1.0,31,9,4,0,0
164.3541,-1.0,900,9,4,0,0
165.3589,-1.0,81,1,4,0,0
165.3589,165.7895,101,1,4,0,0
165.5024,-1.0,900,1,4,0,0
165.6459,-1.0,900,1,4,0,0
166.2201,-1.0,80,9,4,0,0
166.2201,166.7943,100,9,4,0,0
166.3636,-1.0,900,9,4,0,0
166.5072,-1.0,900,9,4,0,0
166.6507,-1.0,900,9,4,0,0
167.0813,-1.0,20,3,4,0,0
167.3684,-1.0,10,10,3,0,0
167.6555,-1.0,10,1,3,0,0
167.9426,-1.0,81,7,4,0,0
167.9426,168.5167,101,7,4,0,0
168.0861,-1.0,900,7,4,0,0
168.2297,-1.0,900,7,4,0,0
168.3732,-1.0,900,7,4,0,0
168.8038,-1.0,82,1,4,0,0
168.8038,169.6651,110,1,4,JumpScratch,6
168.9474,-1.0,900,1,4,0,0
169.0909,-1.0,900,1,4,0,0
169.0909,-1.0,31,1,4,0,0
169.2344,-1.0,900,1,4,0,0
169.3780,-1.0,900,1,4,0,0
169.3780,-1.0,31,1,4,0,0
169.5215,-1.0,900,1,4,0,0
169.6651,170.5263,110,3,4,JumpScratch,-6
169.8086,-1.0,900,3,4,0,0
169.9522,-1.0,900,3,4,0,0
169.9522,-1.0,31,3,4,0,0
170.0957,-1.0,900,3,4,0,0
170.2392,-1.0,900,3,4,0,0
170.2392,-1.0,31,3,4,0,0
170.3828,-1.0,900,3,4,0,0
170.5263,171.3876,110,1,4,JumpScratch,6
170.6699,-1.0,900,1,4,0,0
170.8134,-1.0,900,1,4,0,0
170.8134,-1.0,31,1,4,0,0
170.9569,-1.0,900,1,4,0,0
171.1005,-1.0,900,1,4,0,0
171.1005,-1.0,31,1,4,0,0
171.2440,-1.0,900,1,4,0,0
171.3876,172.2488,110,3,4,JumpScratch,-6
171.5311,-1.0,900,3,4,0,0
171.6746,-1.0,900,3,4,0,0
171.6746,-1.0,31,3,4,0,0
171.8182,-1.0,900,3,4,0,0
171.9617,-1.0,900,3,4,0,0
171.9617,-1.0,31,3,4,0,0
172.1053,-1.0,900,3,4,0,0
172.2488,174.8325,110,1,4,0,0
172.3923,-1.0,900,1,4,0,0
172.5359,-1.0,900,1,4,0,0
172.6794,-1.0,900,1,4,0,0
172.6794,-1.0,31,1,4,0,0
172.8230,-1.0,900,1,4,0,0
172.8230,-1.0,31,1,4,0,0
172.9665,-1.0,900,1,4,0,0
173.1100,-1.0,900,1,4,0,0
173.1100,-1.0,31,1,4,0,0
173.2536,-1.0,900,1,4,0,0
173.3971,-1.0,900,1,4,0,0
173.3971,-1.0,31,1,4,0,0
173.5407,-1.0,900,1,4,0,0
173.6842,-1.0,900,1,4,0,0
173.6842,-1.0,31,1,4,0,0
173.8278,-1.0,900,1,4,0,0
173.9713,-1.0,900,1,4,0,0
173.9713,-1.0,31,1,4,0,0
174.1148,-1.0,900,1,4,0,0
174.2584,-1.0,900,1,4,0,0
174.4019,-1.0,900,1,4,0,0
174.5455,-1.0,900,1,4,0,0
174.6890,-1.0,900,1,4,0,0
187.7512,-1.0,50,5,4,0,0
188.6124,-1.0,10,1,3,0,0
188.8995,-1.0,10,7,3,0,0
189.1866,-1.0,10,4,3,0,0
189.4737,-1.0,81,9,4,0,0
189.4737,190.0478,101,9,4,0,0
189.6172,-1.0,900,9,4,0,0
189.7608,-1.0,900,9,4,0,0
189.9043,-1.0,900,9,4,0,0
190.3349,-1.0,10,4,3,0,0
190.6220,-1.0,10,7,3,0,0
190.9091,-1.0,10,1,3,0,0
191.1962,-1.0,81,9,4,0,0
191.1962,191.7703,101,9,4,0,0
191.3397,-1.0,900,9,4,0,0
191.4833,-1.0,900,9,4,0,0
191.6268,-1.0,900,9,4,0,0
191.7703,-1.0,10,1,3,0,0
192.0574,-1.0,20,7,4,0,0
192.9187,-1.0,81,1,4,0,0
192.9187,193.4928,101,1,4,0,0
192.9187,-1.0,81,9,4,0,0
192.9187,193.4928,101,9,4,0,0
193.0622,-1.0,900,1,4,0,0
193.0622,-1.0,900,9,4,0,0
193.2057,-1.0,900,1,4,0,0
193.2057,-1.0,900,9,4,0,0
193.3493,-1.0,900,1,4,0,0
193.3493,-1.0,900,9,4,0,0
193.7799,-1.0,81,3,4,0,0
193.7799,194.3541,101,3,4,0,0
193.7799,-1.0,81,7,4,0,0
193.7799,194.3541,101,7,4,0,0
193.9234,-1.0,900,3,4,0,0
193.9234,-1.0,900,7,4,0,0
194.0670,-1.0,900,3,4,0,0
194.0670,-1.0,900,7,4,0,0
194.2105,-1.0,900,3,4,0,0
194.2105,-1.0,900,7,4,0,0
194.6411,-1.0,81,1,4,0,0
194.6411,195.2153,101,1,4,0,0
194.6411,-1.0,81,9,4,0,0
194.6411,195.2153,101,9,4,0,0
194.7847,-1.0,900,1,4,0,0
194.7847,-1.0,900,9,4,0,0
194.9282,-1.0,900,1,4,0,0
194.9282,-1.0,900,9,4,0,0
195.0718,-1.0,900,1,4,0,0
195.0718,-1.0,900,9,4,0,0
195.5024,-1.0,10,10,3,0,0
195.7895,-1.0,10,4,3,0,0
196.0766,-1.0,10,7,3,0,0
196.3636,-1.0,81,1,4,0,0
196.3636,196.9378,101,1,4,0,0
196.5072,-1.0,900,1,4,0,0
196.6507,-1.0,900,1,4,0,0
196.7943,-1.0,900,1,4,0,0
197.2249,-1.0,10,10,3,0,0
197.5120,-1.0,10,4,3,0,0
197.7990,-1.0,10,10,3,0,0
198.0861,-1.0,81,1,4,0,0
198.0861,198.6603,101,1,4,0,0
198.2297,-1.0,900,1,4,0,0
198.3732,-1.0,900,1,4,0,0
198.5167,-1.0,900,1,4,0,0
198.9474,-1.0,10,10,3,0,0
199.2344,-1.0,10,4,3,0,0
199.5215,-1.0,10,7,3,0,0
199.8086,-1.0,81,1,4,0,0
199.8086,202.1053,101,1,4,0,0
199.8086,-1.0,81,9,4,0,0
199.8086,202.1053,101,9,4,0,0
199.9522,-1.0,900,1,4,0,0
199.9522,-1.0,900,9,4,0,0
200.0957,-1.0,900,1,4,0,0
200.0957,-1.0,900,9,4,0,0
200.2392,-1.0,900,1,4,0,0
200.2392,-1.0,900,9,4,0,0
200.3828,-1.0,900,1,4,0,0
200.3828,-1.0,900,9,4,0,0
200.5263,-1.0,900,1,4,0,0
200.5263,-1.0,900,9,4,0,0
200.6699,-1.0,900,1,4,0,0
200.6699,-1.0,30,1,4,0,0
200.6699,-1.0,900,9,4,0,0
200.6699,-1.0,30,9,4,0,0
200.8134,-1.0,900,1,4,0,0
200.8134,-1.0,900,9,4,0,0
200.9569,-1.0,900,1,4,0,0
200.9569,-1.0,900,9,4,0,0
201.1005,-1.0,900,1,4,0,0
201.1005,-1.0,900,9,4,0,0
201.2440,-1.0,900,1,4,0,0
201.2440,-1.0,900,9,4,0,0
201.3876,-1.0,900,1,4,0,0
201.3876,-1.0,900,9,4,0,0
201.5311,-1.0,900,1,4,0,0
201.5311,-1.0,30,1,4,0,0
201.5311,-1.0,900,9,4,0,0
201.5311,-1.0,30,9,4,0,0
201.6746,-1.0,900,1,4,0,0
201.6746,-1.0,900,9,4,0,0
201.8182,-1.0,900,1,4,0,0
201.8182,-1.0,900,9,4,0,0
201.9617,-1.0,900,1,4,0,0
201.9617,-1.0,900,9,4,0,0
202.3923,-1.0,10,4,3,0,0
202.6794,-1.0,10,10,3,0,0
202.9665,-1.0,10,1,3,0,0
203.2536,-1.0,83,4,3,0,0
203.2536,205.8373,110,4,3,0,0
203.2536,-1.0,83,7,3,0,0
203.2536,205.8373,110,7,3,0,0
203.3971,-1.0,900,4,3,0,0
203.3971,-1.0,900,7,3,0,0
203.5407,-1.0,900,4,3,0,0
203.5407,-1.0,900,7,3,0,0
203.6842,-1.0,900,4,3,0,0
203.6842,-1.0,900,7,3,0,0
203.8278,-1.0,900,4,3,0,0
203.8278,-1.0,900,7,3,0,0
203.9713,-1.0,900,4,3,0,0
203.9713,-1.0,900,7,3,0,0
204.1148,-1.0,900,4,3,0,0
204.1148,-1.0,900,7,3,0,0
204.1148,-1.0,31,7,3,0,0
204.2584,-1.0,900,4,3,0,0
204.2584,-1.0,900,7,3,0,0
204.4019,-1.0,900,4,3,0,0
204.4019,-1.0,31,4,3,0,0
204.4019,-1.0,900,7,3,0,0
204.5455,-1.0,900,4,3,0,0
204.5455,-1.0,900,7,3,0,0
204.6890,-1.0,900,4,3,0,0
204.6890,-1.0,900,7,3,0,0
204.6890,-1.0,31,7,3,0,0
204.8325,-1.0,900,4,3,0,0
204.8325,-1.0,900,7,3,0,0
204.9761,-1.0,900,4,3,0,0
204.9761,-1.0,31,4,3,0,0
204.9761,-1.0,900,7,3,0,0
205.1196,-1.0,900,4,3,0,0
205.1196,-1.0,900,7,3,0,0
205.2632,-1.0,900,4,3,0,0
205.2632,-1.0,900,7,3,0,0
205.2632,-1.0,31,7,3,0,0
205.4067,-1.0,900,4,3,0,0
205.4067,-1.0,31,4,3,0,0
205.4067,-1.0,900,7,3,0,0
205.5502,-1.0,900,4,3,0,0
205.5502,-1.0,900,7,3,0,0
205.5502,-1.0,31,7,3,0,0
205.6938,-1.0,900,4,3,0,0
205.6938,-1.0,900,7,3,0,0
206.6986,-1.0,81,10,3,0,0
206.6986,207.2727,101,10,3,0,0
206.8421,-1.0,900,10,3,0,0
206.9856,-1.0,900,10,3,0,0
207.1292,-1.0,900,10,3,0,0
207.5598,-1.0,10,1,3,0,0
207.8469,-1.0,10,7,3,0,0
208.1340,-1.0,10,1,3,0,0
208.4211,-1.0,81,7,3,0,0
208.4211,208.9952,101,7,3,0,0
208.5646,-1.0,900,7,3,0,0
208.7081,-1.0,900,7,3,0,0
208.8517,-1.0,900,7,3,0,0
209.2823,-1.0,10,4,3,0,0
209.5694,-1.0,10,10,3,0,0
209.8565,-1.0,10,4,3,0,0
210.1435,-1.0,81,10,3,0,0
210.1435,210.7177,101,10,3,0,0
210.2871,-1.0,900,10,3,0,0
210.4306,-1.0,900,10,3,0,0
210.5742,-1.0,900,10,3,0,0
210.7177,-1.0,10,1,3,0,0
211.0048,-1.0,10,7,3,0,0
211.2919,-1.0,10,4,3,0,0
211.5789,-1.0,10,10,3,0,0
211.8660,-1.0,83,1,3,0,0
211.8660,212.7273,110,1,3,0,0
212.0096,-1.0,900,1,3,0,0
212.1531,-1.0,900,1,3,0,0
212.2967,-1.0,900,1,3,0,0
212.4402,-1.0,900,1,3,0,0
212.5837,-1.0,900,1,3,0,0
213.5885,-1.0,81,4,3,0,0
213.5885,214.1627,101,4,3,0,0
213.7321,-1.0,900,4,3,0,0
213.8756,-1.0,900,4,3,0,0
214.0191,-1.0,900,4,3,0,0
214.4498,-1.0,10,10,3,0,0
214.7368,-1.0,10,4,3,0,0
215.0239,-1.0,10,10,3,0,0
215.3110,-1.0,81,1,3,0,0
215.3110,215.8852,101,1,3,0,0
215.4545,-1.0,900,1,3,0,0
215.5981,-1.0,900,1,3,0,0
215.7416,-1.0,900,1,3,0,0
216.1722,-1.0,10,7,3,0,0
216.4593,-1.0,10,4,3,0,0
216.7464,-1.0,10,7,3,0,0
217.0335,-1.0,50,1,3,0,0
217.6077,-1.0,10,7,3,0,0
217.8947,-1.0,50,1,3,0,0
218.1818,-1.0,10,7,3,0,0
218.4689,-1.0,10,4,3,0,0
218.7560,-1.0,50,10,3,0,0
219.6172,-1.0,10,4,3,0,0
219.9043,-1.0,10,7,3,0,0
220.1914,-1.0,10,1,3,0,0
220.4785,-1.0,81,10,3,0,0
220.4785,221.0526,101,10,3,0,0
220.6220,-1.0,900,10,3,0,0
220.7656,-1.0,900,10,3,0,0
220.9091,-1.0,900,10,3,0,0
221.0526,-1.0,10,4,3,0,0
221.3397,-1.0,10,10,3,0,0
221.6268,-1.0,10,1,3,0,0
221.9139,-1.0,10,7,3,0,0
222.2010,-1.0,83,4,3,0,0
222.2010,223.0622,110,4,3,0,0
222.3445,-1.0,900,4,3,0,0
222.4880,-1.0,900,4,3,0,0
222.6316,-1.0,900,4,3,0,0
222.7751,-1.0,900,4,3,0,0
222.9187,-1.0,900,4,3,0,0
223.9234,-1.0,81,1,3,0,0
223.9234,224.4976,101,1,3,0,0
223.9234,-1.0,81,7,3,0,0
223.9234,224.4976,101,7,3,0,0
224.0670,-1.0,900,1,3,0,0
224.0670,-1.0,900,7,3,0,0
224.2105,-1.0,900,1,3,0,0
224.2105,-1.0,900,7,3,0,0
224.3541,-1.0,900,1,3,0,0
224.3541,-1.0,900,7,3,0,0
224.7847,-1.0,81,4,3,0,0
224.7847,225.3589,101,4,3,0,0
224.7847,-1.0,81,10,3,0,0
224.7847,225.3589,101,10,3,0,0
224.9282,-1.0,900,4,3,0,0
224.9282,-1.0,900,10,3,0,0
225.0718,-1.0,900,4,3,0,0
225.0718,-1.0,900,10,3,0,0
225.2153,-1.0,900,4,3,0,0
225.2153,-1.0,900,10,3,0,0
225.6459,-1.0,81,1,3,0,0
225.6459,226.2201,101,1,3,0,0
225.6459,-1.0,81,7,3,0,0
225.6459,226.2201,101,7,3,0,0
225.7895,-1.0,900,1,3,0,0
225.7895,-1.0,900,7,3,0,0
225.9330,-1.0,900,1,3,0,0
225.9330,-1.0,900,7,3,0,0
226.0766,-1.0,900,1,3,0,0
226.0766,-1.0,900,7,3,0,0
226.5072,-1.0,10,10,3,0,0
226.7943,-1.0,10,1,3,0,0
227.0813,-1.0,10,7,3,0,0
227.3684,-1.0,81,4,3,0,0
227.3684,227.9426,101,4,3,0,0
227.5120,-1.0,900,4,3,0,0
227.6555,-1.0,900,4,3,0,0
227.7990,-1.0,900,4,3,0,0
228.2297,-1.0,10,7,3,0,0
228.5167,-1.0,10,4,3,0,0
228.8038,-1.0,10,10,3,0,0
229.0909,-1.0,81,1,3,0,0
229.0909,229.6651,101,1,3,0,0
229.2344,-1.0,900,1,3,0,0
229.3780,-1.0,900,1,3,0,0
229.5215,-1.0,900,1,3,0,0
229.9522,-1.0,10,10,3,0,0
230.2392,-1.0,10,1,3,0,0
230.5263,-1.0,10,7,3,0,0
230.8134,-1.0,81,1,3,0,0
230.8134,233.1100,101,1,3,0,0
230.8134,-1.0,81,10,3,0,0
230.8134,233.1100,101,10,3,0,0
230.9569,-1.0,900,1,3,0,0
230.9569,-1.0,900,10,3,0,0
231.1005,-1.0,900,1,3,0,0
231.1005,-1.0,900,10,3,0,0
231.2440,-1.0,900,1,3,0,0
231.2440,-1.0,900,10,3,0,0
231.3876,-1.0,900,1,3,0,0
231.3876,-1.0,900,10,3,0,0
231.5311,-1.0,900,1,3,0,0
231.5311,-1.0,900,10,3,0,0
231.6746,-1.0,900,1,3,0,0
231.6746,-1.0,30,1,3,0,0
231.6746,-1.0,900,10,3,0,0
231.6746,-1.0,30,10,3,0,0
231.8182,-1.0,900,1,3,0,0
231.8182,-1.0,900,10,3,0,0
231.9617,-1.0,900,1,3,0,0
231.9617,-1.0,900,10,3,0,0
232.1053,-1.0,900,1,3,0,0
232.1053,-1.0,900,10,3,0,0
232.2488,-1.0,900,1,3,0,0
232.2488,-1.0,900,10,3,0,0
232.3923,-1.0,900,1,3,0,0
232.3923,-1.0,900,10,3,0,0
232.5359,-1.0,900,1,3,0,0
232.5359,-1.0,30,1,3,0,0
232.5359,-1.0,900,10,3,0,0
232.5359,-1.0,30,10,3,0,0
232.6794,-1.0,900,1,3,0,0
232.6794,-1.0,900,10,3,0,0
232.8230,-1.0,900,1,3,0,0
232.8230,-1.0,900,10,3,0,0
232.9665,-1.0,900,1,3,0,0
232.9665,-1.0,900,10,3,0,0
233.3971,-1.0,10,4,3,0,0
233.6842,-1.0,10,10,3,0,0
233.9713,-1.0,10,1,3,0,0
234.2584,-1.0,83,4,3,0,0
234.2584,235.9809,110,4,3,0,0
234.2584,-1.0,83,7,3,0,0
234.2584,235.9809,110,7,3,0,0
234.4019,-1.0,900,4,3,0,0
234.4019,-1.0,900,7,3,0,0
234.5455,-1.0,900,4,3,0,0
234.5455,-1.0,900,7,3,0,0
234.6890,-1.0,900,4,3,0,0
234.6890,-1.0,900,7,3,0,0
234.8325,-1.0,900,4,3,0,0
234.8325,-1.0,900,7,3,0,0
234.9761,-1.0,900,4,3,0,0
234.9761,-1.0,900,7,3,0,0
235.1196,-1.0,900,4,3,0,0
235.1196,-1.0,900,7,3,0,0
235.1196,-1.0,31,7,3,0,0
235.2632,-1.0,900,4,3,0,0
235.2632,-1.0,900,7,3,0,0
235.4067,-1.0,900,4,3,0,0
235.4067,-1.0,31,4,3,0,0
235.4067,-1.0,900,7,3,0,0
235.5502,-1.0,900,4,3,0,0
235.5502,-1.0,900,7,3,0,0
235.6938,-1.0,900,4,3,0,0
235.6938,-1.0,900,7,3,0,0
235.6938,-1.0,31,7,3,0,0
235.8373,-1.0,900,4,3,0,0
235.8373,-1.0,900,7,3,0,0
236.8421,-1.0,80,10,3,0,0
236.8421,237.7033,100,10,3,0,0
236.9856,-1.0,900,10,3,0,0
237.1292,-1.0,900,10,3,0,0
237.2727,-1.0,900,10,3,0,0
237.4163,-1.0,900,10,3,0,0
237.5598,-1.0,900,10,3,0,0
237.7033,-1.0,81,1,3,0,0
237.7033,240.2871,101,1,3,0,0
237.8469,-1.0,900,1,3,0,0
237.9904,-1.0,900,1,3,0,0
238.1340,-1.0,900,1,3,0,0
238.2775,-1.0,900,1,3,0,0
238.4211,-1.0,900,1,3,0,0
238.5646,-1.0,900,1,3,0,0
238.5646,-1.0,30,1,3,0,0
238.7081,-1.0,900,1,3,0,0
238.8517,-1.0,900,1,3,0,0
238.9952,-1.0,900,1,3,0,0
239.1388,-1.0,900,1,3,0,0
239.2823,-1.0,900,1,3,0,0
239.4258,-1.0,900,1,3,0,0
239.4258,-1.0,30,1,3,0,0
239.5694,-1.0,900,1,3,0,0
239.7129,-1.0,900,1,3,0,0
239.8565,-1.0,900,1,3,0,0
240.0,-1.0,900,1,3,0,0
240.1435,-1.0,900,1,3,0,0
241.1483,-1.0,10,7,3,0,0
242.0096,-1.0,10,1,3,0,0
242.5837,-1.0,10,10,3,0,0
242.8708,-1.0,10,4,3,0,0
243.7321,-1.0,50,5,4,0,0