0.2174,-1.0,80,1,2,0,0
0.2174,7.1739,100,1,2,0,0
14.1304,26.3043,0,0,0,15,2020
0.2174,-1.0,10,8,2,0,0
28.0435,41.0870,0,0,0,15,2020
0.2174,-1.0,20,11,2,0,0
55.8696,83.6957,0,0,0,15,2020
0.4348,-1.0,900,1,2,0,0
89.9130,89.9130,0,0,0,11,2020
0.4348,-1.0,10,7,2,0,0
90.3478,90.3478,0,0,0,33,2020
0.6522,-1.0,900,1,2,0,0
90.7609,125.4348,0,0,0,15,2020
0.6522,-1.0,10,9,2,0,0
0.8696,-1.0,900,1,2,0,0
0.8696,-1.0,10,6,2,0,0
1.0870,-1.0,900,1,2,0,0
1.0870,-1.0,30,1,2,0,0
1.0870,-1.0,10,7,2,0,0
1.0870,-1.0,20,10,2,0,0
1.3043,-1.0,900,1,2,0,0
1.3043,-1.0,10,6,2,0,0
1.5217,-1.0,900,1,2,0,0
1.5217,-1.0,10,8,2,0,0
1.7391,-1.0,900,1,2,0,0
1.7391,-1.0,10,5,2,0,0
1.9565,-1.0,900,1,2,0,0
1.9565,-1.0,30,1,2,0,0
1.9565,-1.0,10,6,2,0,0
1.9565,-1.0,20,9,2,0,0
2.1739,-1.0,900,1,2,0,0
2.1739,-1.0,10,5,2,0,0
2.3913,-1.0,900,1,2,0,0
2.3913,-1.0,10,7,2,0,0
2.6087,-1.0,900,1,2,0,0
2.6087,-1.0,10,4,2,0,0
2.8261,-1.0,900,1,2,0,0
2.8261,-1.0,30,1,2,0,0
2.8261,-1.0,10,5,2,0,0
2.8261,-1.0,20,8,2,0,0
3.0435,-1.0,900,1,2,0,0
3.0435,-1.0,10,4,2,0,0
3.2609,-1.0,900,1,2,0,0
3.2609,-1.0,10,6,2,0,0
3.4783,-1.0,900,1,2,0,0
3.4783,-1.0,10,3,2,0,0
3.6957,-1.0,900,1,2,0,0
3.6957,-1.0,30,1,2,0,0
3.6957,-1.0,10,8,2,0,0
3.6957,-1.0,20,11,2,0,0
3.9130,-1.0,900,1,2,0,0
3.9130,-1.0,10,7,2,0,0
4.1304,-1.0,900,1,2,0,0
4.1304,-1.0,10,9,2,0,0
4.3478,-1.0,900,1,2,0,0
4.3478,-1.0,10,6,2,0,0
4.5652,-1.0,900,1,2,0,0
4.5652,-1.0,30,1,2,0,0
4.5652,-1.0,10,7,2,0,0
4.5652,-1.0,20,10,2,0,0
4.7826,-1.0,900,1,2,0,0
4.7826,-1.0,10,6,2,0,0
5.0,-1.0,900,1,2,0,0
5.0,-1.0,10,8,2,0,0
5.2174,-1.0,900,1,2,0,0
5.2174,-1.0,10,5,2,0,0
5.4348,-1.0,900,1,2,0,0
5.4348,-1.0,30,1,2,0,0
5.4348,-1.0,10,6,2,0,0
5.4348,-1.0,20,9,2,0,0
5.6522,-1.0,900,1,2,0,0
5.6522,-1.0,10,5,2,0,0
5.8696,-1.0,900,1,2,0,0
5.8696,-1.0,10,7,2,0,0
6.0870,-1.0,900,1,2,0,0
6.0870,-1.0,10,4,2,0,0
6.3043,-1.0,900,1,2,0,0
6.3043,-1.0,30,1,2,0,0
6.3043,-1.0,10,5,2,0,0
6.3043,-1.0,20,8,2,0,0
6.5217,-1.0,900,1,2,0,0
6.5217,-1.0,10,4,2,0,0
6.7391,-1.0,900,1,2,0,0
6.7391,-1.0,10,6,2,0,0
6.9565,-1.0,900,1,2,0,0
6.9565,-1.0,10,3,2,0,0
7.1739,-1.0,10,6,2,0,0
7.1739,-1.0,20,9,2,0,0
7.1739,-1.0,80,11,2,0,0
7.1739,13.2609,100,11,2,0,0
7.3913,-1.0,10,5,2,0,0
7.3913,-1.0,900,11,2,0,0
7.6087,-1.0,10,7,2,0,0
7.6087,-1.0,900,11,2,0,0
7.8261,-1.0,10,4,2,0,0
7.8261,-1.0,900,11,2,0,0
8.0435,-1.0,10,5,2,0,0
8.0435,-1.0,20,8,2,0,0
8.0435,-1.0,900,11,2,0,0
8.0435,-1.0,30,11,2,0,0
8.2609,-1.0,10,4,2,0,0
8.2609,-1.0,900,11,2,0,0
8.4783,-1.0,10,6,2,0,0
8.4783,-1.0,900,11,2,0,0
8.6957,-1.0,10,3,2,0,0
8.6957,-1.0,900,11,2,0,0
8.9130,-1.0,10,4,2,0,0
8.9130,-1.0,20,7,2,0,0
8.9130,-1.0,900,11,2,0,0
8.9130,-1.0,30,11,2,0,0
9.1304,-1.0,10,3,2,0,0
9.1304,-1.0,900,11,2,0,0
9.3478,-1.0,10,5,2,0,0
9.3478,-1.0,900,11,2,0,0
9.5652,-1.0,10,2,2,0,0
9.5652,-1.0,900,11,2,0,0
9.7826,-1.0,10,3,2,0,0
9.7826,-1.0,20,6,2,0,0
9.7826,-1.0,900,11,2,0,0
9.7826,-1.0,30,11,2,0,0
10.0,-1.0,10,2,2,0,0
10.0,-1.0,900,11,2,0,0
10.2174,-1.0,10,5,2,0,0
10.2174,-1.0,900,11,2,0,0
10.4348,-1.0,10,1,2,0,0
10.4348,-1.0,900,11,2,0,0
10.6522,-1.0,10,6,2,0,0
10.6522,-1.0,20,9,2,0,0
10.6522,-1.0,900,11,2,0,0
10.6522,-1.0,30,11,2,0,0
10.8696,-1.0,10,5,2,0,0
10.8696,-1.0,900,11,2,0,0
11.0870,-1.0,10,7,2,0,0
11.0870,-1.0,900,11,2,0,0
11.3043,-1.0,10,4,2,0,0
11.3043,-1.0,900,11,2,0,0
11.5217,-1.0,10,5,2,0,0
11.5217,-1.0,20,8,2,0,0
11.5217,-1.0,900,11,2,0,0
11.5217,-1.0,30,11,2,0,0
11.7391,-1.0,10,4,2,0,0
11.7391,-1.0,900,11,2,0,0
11.9565,-1.0,10,6,2,0,0
11.9565,-1.0,900,11,2,0,0
12.1739,-1.0,10,3,2,0,0
12.1739,-1.0,900,11,2,0,0
12.3913,-1.0,10,4,2,0,0
12.3913,-1.0,20,7,2,0,0
12.3913,-1.0,900,11,2,0,0
12.3913,-1.0,30,11,2,0,0
12.6087,-1.0,10,3,2,0,0
12.6087,-1.0,900,11,2,0,0
12.8261,-1.0,10,5,2,0,0
12.8261,-1.0,900,11,2,0,0
13.0435,-1.0,10,2,2,0,0
13.0435,-1.0,900,11,2,0,0
13.2609,-1.0,10,3,2,0,0
13.2609,-1.0,20,6,2,0,0
14.1304,-1.0,10,1,3,0,0
14.1304,-1.0,81,6,2,0,0
14.1304,17.6087,101,6,2,0,0
14.1304,-1.0,10,8,2,0,0
14.1304,-1.0,10,10,3,0,0
14.3478,-1.0,10,4,2,0,0
14.3478,-1.0,900,6,2,0,0
14.5652,-1.0,10,1,3,0,0
14.5652,-1.0,900,6,2,0,0
14.5652,-1.0,10,10,3,0,0
14.7826,-1.0,900,6,2,0,0
14.7826,-1.0,10,8,2,0,0
15.0,-1.0,10,1,3,0,0
15.0,-1.0,900,6,2,0,0
15.0,-1.0,10,10,3,0,0
15.2174,-1.0,10,4,2,0,0
15.2174,-1.0,900,6,2,0,0
15.4348,-1.0,900,6,2,0,0
15.4348,-1.0,10,8,2,0,0
15.4348,-1.0,10,10,3,0,0
15.6522,-1.0,10,4,2,0,0
15.6522,-1.0,900,6,2,0,0
15.8696,-1.0,10,1,3,0,0
15.8696,-1.0,900,6,2,0,0
15.8696,-1.0,10,10,3,0,0
16.0870,-1.0,80,1,3,0,0
16.0870,16.3043,100,1,3,0,0
16.0870,-1.0,900,6,2,0,0
16.3043,-1.0,10,4,2,0,0
16.3043,-1.0,900,6,2,0,0
16.3043,-1.0,10,8,2,0,0
16.5217,-1.0,80,4,2,0,0
16.5217,16.7391,100,4,2,0,0
16.5217,-1.0,900,6,2,0,0
16.7391,-1.0,900,6,2,0,0
16.7391,-1.0,10,8,2,0,0
16.7391,-1.0,10,10,3,0,0
16.9565,-1.0,900,6,2,0,0
16.9565,-1.0,80,8,2,0,0
16.9565,17.1739,100,8,2,0,0
17.1739,-1.0,10,1,3,0,0
17.1739,-1.0,900,6,2,0,0
17.1739,-1.0,10,10,3,0,0
17.3913,-1.0,900,6,2,0,0
17.3913,-1.0,80,10,3,0,0
17.3913,17.6087,100,10,3,0,0
17.6087,-1.0,81,1,3,0,0
17.6087,21.0870,101,1,3,0,0
17.6087,-1.0,10,4,2,0,0
17.8261,-1.0,900,1,3,0,0
17.8261,-1.0,10,8,2,0,0
18.0435,-1.0,900,1,3,0,0
18.0435,-1.0,10,6,2,0,0
18.0435,-1.0,10,10,3,0,0
18.2609,-1.0,900,1,3,0,0
18.2609,-1.0,10,4,2,0,0
18.4783,-1.0,900,1,3,0,0
18.4783,-1.0,10,8,2,0,0
18.4783,-1.0,10,10,3,0,0
18.6957,-1.0,900,1,3,0,0
18.6957,-1.0,10,4,2,0,0
18.9130,-1.0,900,1,3,0,0
18.9130,-1.0,10,6,2,0,0
18.9130,-1.0,10,10,3,0,0
19.1304,-1.0,900,1,3,0,0
19.1304,-1.0,10,4,2,0,0
19.3478,-1.0,900,1,3,0,0
19.3478,-1.0,10,6,2,0,0
19.3478,-1.0,10,10,3,0,0
19.5652,-1.0,900,1,3,0,0
19.5652,-1.0,80,10,3,0,0
19.5652,19.7826,100,10,3,0,0
19.7826,-1.0,900,1,3,0,0
19.7826,-1.0,10,6,2,0,0
19.7826,-1.0,10,8,2,0,0
20.0,-1.0,900,1,3,0,0
20.0,-1.0,80,8,2,0,0
20.0,20.2174,100,8,2,0,0
20.2174,-1.0,900,1,3,0,0
20.2174,-1.0,10,4,2,0,0
20.2174,-1.0,10,6,2,0,0
20.4348,-1.0,900,1,3,0,0
20.4348,-1.0,80,6,2,0,0
20.4348,20.6522,100,6,2,0,0
20.6522,-1.0,900,1,3,0,0
20.6522,-1.0,10,4,2,0,0
20.6522,-1.0,10,10,3,0,0
20.8696,-1.0,900,1,3,0,0
20.8696,-1.0,80,4,2,0,0
20.8696,21.0870,100,4,2,0,0
21.0870,-1.0,81,6,2,0,0
21.0870,21.9565,101,6,2,0,0
21.0870,-1.0,10,8,2,0,0
21.0870,-1.0,81,10,3,0,0
21.0870,22.8261,101,10,3,0,0
21.3043,-1.0,10,4,2,0,0
21.3043,-1.0,900,6,2,0,0
21.3043,-1.0,900,10,3,0,0
21.5217,-1.0,10,1,3,0,0
21.5217,-1.0,900,6,2,0,0
21.5217,-1.0,10,8,2,0,0
21.5217,-1.0,900,10,3,0,0
21.7391,-1.0,10,4,2,0,0
21.7391,-1.0,900,6,2,0,0
21.7391,-1.0,900,10,3,0,0
21.9565,-1.0,81,1,3,0,0
21.9565,22.8261,101,1,3,0,0
21.9565,-1.0,10,8,2,0,0
21.9565,-1.0,900,10,3,0,0
22.1739,-1.0,900,1,3,0,0
22.1739,-1.0,10,6,2,0,0
22.1739,-1.0,900,10,3,0,0
22.3913,-1.0,900,1,3,0,0
22.3913,-1.0,10,4,2,0,0
22.3913,-1.0,10,8,2,0,0
22.3913,-1.0,900,10,3,0,0
22.6087,-1.0,900,1,3,0,0
22.6087,-1.0,10,6,2,0,0
22.6087,-1.0,900,10,3,0,0
22.8261,-1.0,81,6,2,0,0
22.8261,24.5652,101,6,2,0,0
22.8261,-1.0,81,8,2,0,0
22.8261,23.6957,101,8,2,0,0
23.0435,-1.0,10,4,2,0,0
23.0435,-1.0,900,6,2,0,0
23.0435,-1.0,900,8,2,0,0
23.2609,-1.0,10,1,3,0,0
23.2609,-1.0,900,6,2,0,0
23.2609,-1.0,900,8,2,0,0
23.2609,-1.0,10,10,3,0,0
23.4783,-1.0,10,4,2,0,0
23.4783,-1.0,900,6,2,0,0
23.4783,-1.0,900,8,2,0,0
23.6957,-1.0,10,1,3,0,0
23.6957,-1.0,81,4,2,0,0
23.6957,24.5652,101,4,2,0,0
23.6957,-1.0,900,6,2,0,0
23.9130,-1.0,900,4,2,0,0
23.9130,-1.0,900,6,2,0,0
23.9130,-1.0,10,8,2,0,0
24.1304,-1.0,10,1,3,0,0
24.1304,-1.0,900,4,2,0,0
24.1304,-1.0,900,6,2,0,0
24.1304,-1.0,10,10,3,0,0
24.3478,-1.0,900,4,2,0,0
24.3478,-1.0,900,6,2,0,0
24.3478,-1.0,10,8,2,0,0
24.5652,-1.0,81,1,3,0,0
24.5652,26.3043,101,1,3,0,0
24.5652,-1.0,10,10,3,0,0
24.7826,-1.0,900,1,3,0,0
24.7826,-1.0,10,6,2,0,0
25.0,-1.0,900,1,3,0,0
25.0,-1.0,10,8,2,0,0
25.0,-1.0,10,10,3,0,0
25.2174,-1.0,900,1,3,0,0
25.2174,-1.0,10,4,2,0,0
25.4348,-1.0,900,1,3,0,0
25.4348,-1.0,10,6,2,0,0
25.4348,-1.0,10,10,3,0,0
25.6522,-1.0,900,1,3,0,0
25.6522,-1.0,10,8,2,0,0
25.8696,-1.0,900,1,3,0,0
25.8696,-1.0,10,6,2,0,0
25.8696,-1.0,10,10,3,0,0
26.0870,-1.0,900,1,3,0,0
26.0870,-1.0,10,4,2,0,0
26.3043,-1.0,10,6,2,0,0
26.3043,-1.0,10,8,2,0,0
26.3043,-1.0,10,10,3,0,0
28.0435,-1.0,10,1,3,0,0
28.0435,-1.0,10,4,2,0,0
28.0435,-1.0,10,10,3,0,0
28.2609,-1.0,10,6,2,0,0
28.3696,-1.0,10,8,2,0,0
28.4783,-1.0,10,4,2,0,0
28.4783,-1.0,10,10,3,0,0
28.6957,-1.0,10,1,3,0,0
28.6957,-1.0,10,8,2,0,0
28.9130,-1.0,20,1,3,0,0
28.9130,-1.0,10,4,2,0,0
28.9130,-1.0,10,6,2,0,0
28.9130,-1.0,20,10,3,0,0
29.1304,-1.0,10,8,2,0,0
29.3478,-1.0,10,4,2,0,0
29.3478,-1.0,10,10,3,0,0
29.5652,-1.0,10,8,2,0,0
29.6377,-1.0,10,6,2,0,0
29.7101,-1.0,10,4,2,0,0
29.7826,-1.0,10,1,3,0,0
29.7826,-1.0,10,8,2,0,0
29.7826,-1.0,10,10,3,0,0
30.0,-1.0,10,4,2,0,0
30.0725,-1.0,10,6,2,0,0
30.1087,-1.0,10,1,3,0,0
30.1449,-1.0,10,8,2,0,0
30.2174,-1.0,10,10,3,0,0
30.4348,-1.0,10,1,3,0,0
30.4348,-1.0,10,6,2,0,0
30.4348,-1.0,10,8,2,0,0
30.6522,-1.0,20,1,3,0,0
30.6522,-1.0,10,4,2,0,0
30.6522,-1.0,10,6,2,0,0
30.6522,-1.0,20,10,3,0,0
30.8696,-1.0,10,8,2,0,0
31.0870,-1.0,10,1,3,0,0
31.1594,-1.0,10,4,2,0,0
31.2319,-1.0,10,8,2,0,0
31.3043,-1.0,10,1,3,0,0
31.3768,-1.0,10,4,2,0,0
31.4493,-1.0,10,8,2,0,0
31.5217,-1.0,10,1,3,0,0
31.5217,-1.0,10,4,2,0,0
31.5217,-1.0,10,10,3,0,0
31.7391,-1.0,10,6,2,0,0
31.8478,-1.0,10,4,2,0,0
31.9565,-1.0,10,1,3,0,0
31.9565,-1.0,10,8,2,0,0
32.1739,-1.0,10,4,2,0,0
32.1739,-1.0,10,10,3,0,0
32.3913,-1.0,20,1,3,0,0
32.3913,-1.0,10,6,2,0,0
32.3913,-1.0,10,8,2,0,0
32.3913,-1.0,20,10,3,0,0
32.6087,-1.0,10,4,2,0,0
32.8261,-1.0,10,1,3,0,0
32.8261,-1.0,10,8,2,0,0
33.0435,-1.0,10,4,2,0,0
33.1159,-1.0,10,6,2,0,0
33.1884,-1.0,10,8,2,0,0
33.2609,-1.0,10,1,3,0,0
33.2609,-1.0,10,4,2,0,0
33.2609,-1.0,10,10,3,0,0
33.4783,-1.0,10,8,2,0,0
33.5507,-1.0,10,6,2,0,0
33.5870,-1.0,10,10,3,0,0
33.6232,-1.0,10,4,2,0,0
33.6957,-1.0,10,1,3,0,0
33.9130,-1.0,10,4,2,0,0
33.9130,-1.0,10,6,2,0,0
33.9130,-1.0,10,10,3,0,0
34.1304,-1.0,20,1,3,0,0
34.1304,-1.0,10,6,2,0,0
34.1304,-1.0,10,8,2,0,0
34.1304,-1.0,20,10,3,0,0
34.3478,-1.0,10,4,2,0,0
34.5652,-1.0,10,10,3,0,0
34.6377,-1.0,10,8,2,0,0
34.7101,-1.0,10,4,2,0,0
34.7826,-1.0,10,10,3,0,0
34.8551,-1.0,10,8,2,0,0
34.9275,-1.0,10,4,2,0,0
35.0,-1.0,10,1,3,0,0
35.0,-1.0,10,8,2,0,0
35.0,-1.0,10,10,3,0,0
35.2174,-1.0,10,6,2,0,0
35.3261,-1.0,10,8,2,0,0
35.4348,-1.0,10,4,2,0,0
35.4348,-1.0,10,10,3,0,0
35.6522,-1.0,10,1,3,0,0
35.6522,-1.0,10,8,2,0,0
35.8696,-1.0,20,1,3,0,0
35.8696,-1.0,10,4,2,0,0
35.8696,-1.0,10,6,2,0,0
35.8696,-1.0,20,10,3,0,0
36.0870,-1.0,10,8,2,0,0
36.3043,-1.0,10,4,2,0,0
36.3043,-1.0,10,10,3,0,0
36.5217,-1.0,10,8,2,0,0
36.5942,-1.0,10,6,2,0,0
36.6667,-1.0,10,4,2,0,0
36.7391,-1.0,10,1,3,0,0
36.7391,-1.0,10,8,2,0,0
36.7391,-1.0,10,10,3,0,0
36.9565,-1.0,10,4,2,0,0
37.0290,-1.0,10,6,2,0,0
37.0652,-1.0,10,1,3,0,0
37.1015,-1.0,10,8,2,0,0
37.1739,-1.0,10,10,3,0,0
37.3913,-1.0,10,1,3,0,0
37.3913,-1.0,10,6,2,0,0
37.3913,-1.0,10,8,2,0,0
37.6087,-1.0,20,1,3,0,0
37.6087,-1.0,10,4,2,0,0
37.6087,-1.0,10,6,2,0,0
37.6087,-1.0,20,10,3,0,0
37.8261,-1.0,10,8,2,0,0
38.0435,-1.0,10,1,3,0,0
38.1159,-1.0,10,4,2,0,0
38.1884,-1.0,10,8,2,0,0
38.2609,-1.0,10,1,3,0,0
38.3333,-1.0,10,4,2,0,0
38.4058,-1.0,10,8,2,0,0
38.4783,-1.0,10,1,3,0,0
38.4783,-1.0,10,4,2,0,0
38.4783,-1.0,10,10,3,0,0
38.6957,-1.0,10,6,2,0,0
38.8043,-1.0,10,4,2,0,0
38.9130,-1.0,10,1,3,0,0
38.9130,-1.0,10,8,2,0,0
39.1304,-1.0,10,4,2,0,0
39.1304,-1.0,10,10,3,0,0
39.3478,-1.0,20,1,3,0,0
39.3478,-1.0,10,6,2,0,0
39.3478,-1.0,10,8,2,0,0
39.3478,-1.0,20,10,3,0,0
39.5652,-1.0,10,4,2,0,0
39.7826,-1.0,10,1,3,0,0
39.7826,-1.0,10,8,2,0,0
40.0,-1.0,10,4,2,0,0
40.0725,-1.0,10,6,2,0,0
40.1449,-1.0,10,8,2,0,0
40.2174,-1.0,10,1,3,0,0
40.2174,-1.0,10,4,2,0,0
40.2174,-1.0,10,10,3,0,0
40.4348,-1.0,10,8,2,0,0
40.5072,-1.0,10,6,2,0,0
40.5435,-1.0,10,10,3,0,0
40.5797,-1.0,10,4,2,0,0
40.6522,-1.0,10,1,3,0,0
40.8696,-1.0,10,4,2,0,0
40.8696,-1.0,10,6,2,0,0
40.8696,-1.0,10,10,3,0,0
41.0870,-1.0,20,1,3,0,0
41.0870,-1.0,10,6,2,0,0
41.0870,-1.0,10,8,2,0,0
41.0870,-1.0,20,10,3,0,0
41.3043,-1.0,10,4,2,0,0
41.5217,-1.0,20,1,3,0,0
41.5217,-1.0,20,4,2,0,0
41.5217,-1.0,20,6,2,0,0
41.5217,-1.0,20,8,2,0,0
41.5217,-1.0,20,10,3,0,0
41.9565,-1.0,82,2,3,0,0
41.9565,42.1739,110,2,3,JumpScratch,7
41.9565,-1.0,10,6,3,0,0
41.9565,-1.0,10,10,3,0,0
42.1739,-1.0,10,9,3,0,0
42.3913,-1.0,10,1,3,0,0
42.3913,-1.0,10,5,3,0,0
42.3913,-1.0,82,9,3,0,0
42.3913,42.6087,110,9,3,JumpScratch,-7
42.6087,-1.0,10,2,3,0,0
42.8261,-1.0,10,3,3,0,0
42.8261,-1.0,82,6,3,0,0
42.8261,43.0435,110,6,3,JumpScratch,7
42.8261,-1.0,10,10,3,0,0
43.0435,-1.0,10,2,3,0,0
43.2609,-1.0,10,1,3,0,0
43.2609,-1.0,82,5,3,0,0
43.2609,43.4783,110,5,3,JumpScratch,-7
43.2609,-1.0,10,8,3,0,0
43.4783,-1.0,10,9,3,0,0
43.6957,-1.0,82,2,3,0,0
43.6957,43.9130,110,2,3,JumpScratch,8
43.6957,-1.0,10,6,3,0,0
43.6957,-1.0,10,10,3,0,0
43.9130,-1.0,10,10,3,0,0
44.1304,-1.0,10,1,3,0,0
44.1304,-1.0,10,5,3,0,0
44.1304,-1.0,82,9,3,0,0
44.1304,44.3478,110,9,3,JumpScratch,-8
44.3478,-1.0,10,1,3,0,0
44.5652,-1.0,10,2,3,0,0
44.5652,-1.0,82,6,3,0,0
44.5652,44.7826,110,6,3,JumpScratch,7
44.5652,-1.0,10,10,3,0,0
44.7826,-1.0,10,3,3,0,0
45.0,-1.0,10,1,3,0,0
45.0,-1.0,82,5,3,0,0
45.0,45.2174,110,5,3,JumpScratch,-7
45.0,-1.0,10,9,3,0,0
45.2174,-1.0,10,8,3,0,0
45.4348,-1.0,82,1,3,0,0
45.4348,45.6522,110,1,3,JumpScratch,10
45.4348,-1.0,10,6,3,0,0
45.4348,-1.0,10,10,3,0,0
45.6522,46.0870,110,8,3,JumpScratch,-9
45.8696,-1.0,10,1,3,0,0
45.8696,-1.0,10,5,3,0,0
45.8696,-1.0,900,8,3,0,0
46.0870,46.5217,110,2,3,JumpScratch,10
46.3043,-1.0,900,2,3,0,0
46.3043,-1.0,10,6,3,0,0
46.3043,-1.0,10,10,3,0,0
46.5217,46.9565,110,9,3,JumpScratch,-9
46.7391,-1.0,10,1,3,0,0
46.7391,-1.0,10,5,3,0,0
46.7391,-1.0,900,9,3,0,0
46.9565,47.3913,110,3,3,JumpScratch,10
47.1739,-1.0,900,3,3,0,0
47.1739,-1.0,10,6,3,0,0
47.1739,-1.0,10,10,3,0,0
47.3913,47.8261,110,10,3,JumpScratch,-12
47.6087,-1.0,10,2,3,0,0
47.6087,-1.0,10,6,3,0,0
47.6087,-1.0,900,10,3,0,0
47.8261,48.2609,110,1,3,JumpScratch,12
48.0435,-1.0,900,1,3,0,0
48.0435,-1.0,10,5,3,0,0
48.0435,-1.0,10,9,3,0,0
48.2609,48.4783,110,10,3,0,0
48.4783,-1.0,50,1,3,0,0
48.4783,-1.0,50,5,4,0,0
48.9130,-1.0,80,1,3,0,0
48.9130,49.1304,100,1,3,0,0
48.9130,-1.0,10,5,3,0,0
48.9130,-1.0,20,9,3,0,0
49.1304,-1.0,10,6,3,0,0
49.1304,-1.0,10,9,3,0,0
49.3478,-1.0,10,2,3,0,0
49.3478,-1.0,10,6,3,0,0
49.3478,-1.0,80,10,3,0,0
49.3478,49.5652,100,10,3,0,0
49.5652,-1.0,10,2,3,0,0
49.5652,-1.0,10,5,3,0,0
49.7826,-1.0,80,1,3,0,0
49.7826,50.0,100,1,3,0,0
49.7826,-1.0,10,5,3,0,0
49.7826,-1.0,20,9,3,0,0
50.0,-1.0,10,6,3,0,0
50.0,-1.0,10,9,3,0,0
50.2174,-1.0,10,2,3,0,0
50.2174,-1.0,10,6,3,0,0
50.2174,-1.0,80,10,3,0,0
50.2174,50.4348,100,10,3,0,0
50.4348,-1.0,10,2,3,0,0
50.4348,-1.0,10,5,3,0,0
50.6522,-1.0,80,1,3,0,0
50.6522,50.8696,100,1,3,0,0
50.6522,-1.0,10,5,3,0,0
50.6522,-1.0,20,9,3,0,0
50.8696,-1.0,10,6,3,0,0
50.8696,-1.0,10,10,3,0,0
51.0870,-1.0,20,2,3,0,0
51.0870,-1.0,10,6,3,0,0
51.0870,-1.0,80,10,3,0,0
51.0870,51.3043,100,10,3,0,0
51.3043,-1.0,10,1,3,0,0
51.3043,-1.0,10,5,3,0,0
51.5217,-1.0,20,1,3,0,0
51.5217,-1.0,20,7,3,0,0
51.6304,-1.0,20,4,5,0,0
51.7391,-1.0,20,3,3,0,0
51.7391,-1.0,20,10,3,0,0
51.8478,-1.0,20,6,5,0,0
51.9565,-1.0,20,1,3,0,0
52.0290,-1.0,20,4,4,0,0
52.1015,-1.0,20,7,4,0,0
52.1739,-1.0,20,10,3,0,0
52.2464,-1.0,20,6,4,0,0
52.3188,-1.0,20,3,4,0,0
52.3913,-1.0,81,6,2,0,0
52.3913,54.1304,101,6,2,0,0
52.6087,-1.0,900,6,2,0,0
52.8261,-1.0,900,6,2,0,0
53.0435,-1.0,900,6,2,0,0
53.2609,-1.0,900,6,2,0,0
53.2609,-1.0,10,11,2,0,0
53.3333,-1.0,10,1,2,0,0
53.4058,-1.0,10,11,2,0,0
53.4783,-1.0,10,1,2,0,0
53.4783,-1.0,900,6,2,0,0
53.5507,-1.0,10,10,3,0,0
53.6232,-1.0,10,1,3,0,0
53.6957,-1.0,900,6,2,0,0
53.6957,-1.0,10,10,3,0,0
53.7681,-1.0,10,1,3,0,0
53.8406,-1.0,10,9,4,0,0
53.9130,-1.0,10,1,4,0,0
53.9130,-1.0,900,6,2,0,0
53.9855,-1.0,10,9,4,0,0
54.0580,-1.0,10,1,4,0,0
54.1304,-1.0,82,8,2,0,0
54.1304,54.2754,110,8,2,JumpScratch,-4
54.1304,-1.0,10,11,2,0,0
54.2754,-1.0,10,3,2,0,0
54.2754,54.4203,110,6,2,JumpScratch,3
54.4203,54.5652,110,7,2,JumpScratch,-4
54.4203,-1.0,10,10,2,0,0
54.5652,-1.0,10,2,2,0,0
54.5652,54.7101,110,5,2,JumpScratch,3
54.7101,54.8551,110,6,2,JumpScratch,-4
54.7101,-1.0,10,9,2,0,0
54.8551,-1.0,10,1,2,0,0
54.8551,55.0,110,4,2,JumpScratch,-5
55.0,55.4348,110,1,3,0,0
55.0,-1.0,82,10,3,0,0
55.0,55.4348,110,10,3,0,0
55.2174,-1.0,900,1,3,0,0
55.2174,-1.0,900,10,3,0,0
55.8696,-1.0,10,1,3,0,0
55.8696,-1.0,10,10,3,0,0
56.0870,-1.0,10,6,2,0,0
56.0870,-1.0,10,10,3,0,0
56.1957,-1.0,10,4,2,0,0
56.3043,-1.0,10,1,3,0,0
56.3043,-1.0,10,8,2,0,0
56.3043,-1.0,20,10,3,0,0
56.5217,-1.0,10,1,3,0,0
56.5217,-1.0,10,6,2,0,0
56.6304,-1.0,10,8,2,0,0
56.7391,-1.0,10,1,3,0,0
56.7391,-1.0,10,4,2,0,0
56.7391,-1.0,10,10,3,0,0
56.9565,-1.0,10,6,2,0,0
57.1739,-1.0,10,1,3,0,0
57.1739,-1.0,10,8,2,0,0
57.1739,-1.0,20,10,3,0,0
57.2826,-1.0,10,6,2,0,0
57.3913,-1.0,10,1,3,0,0
57.3913,-1.0,10,10,3,0,0
57.5000,-1.0,10,6,2,0,0
57.6087,-1.0,10,1,3,0,0
57.6087,-1.0,10,4,2,0,0
57.6087,-1.0,10,10,3,0,0
57.8261,-1.0,10,1,3,0,0
57.8261,-1.0,10,6,2,0,0
57.9348,-1.0,10,8,2,0,0
58.0435,-1.0,10,1,3,0,0
58.0435,-1.0,10,4,2,0,0
58.0435,-1.0,20,10,3,0,0
58.2609,-1.0,10,6,2,0,0
58.2609,-1.0,10,10,3,0,0
58.3696,-1.0,10,4,2,0,0
58.4783,-1.0,10,1,3,0,0
58.4783,-1.0,10,8,2,0,0
58.4783,-1.0,10,10,3,0,0
58.6957,-1.0,10,6,2,0,0
58.9130,-1.0,10,1,3,0,0
58.9130,-1.0,10,4,2,0,0
58.9130,-1.0,20,10,3,0,0
59.0217,-1.0,10,6,2,0,0
59.1304,-1.0,10,1,3,0,0
59.1304,-1.0,10,10,3,0,0
59.2391,-1.0,10,6,2,0,0
59.3478,-1.0,10,1,3,0,0
59.3478,-1.0,10,8,2,0,0
59.3478,-1.0,10,10,3,0,0
59.5652,-1.0,10,4,2,0,0
59.5652,-1.0,10,8,2,0,0
59.6739,-1.0,10,10,3,0,0
59.7826,-1.0,10,1,3,0,0
59.7826,-1.0,10,4,2,0,0
60.0,-1.0,10,6,2,0,0
60.2174,-1.0,10,1,3,0,0
60.2174,-1.0,10,10,3,0,0
60.4348,-1.0,10,4,2,0,0
60.4348,-1.0,10,8,2,0,0
60.5435,-1.0,10,1,3,0,0
60.6522,-1.0,10,8,2,0,0
60.6522,-1.0,10,10,3,0,0
60.8696,-1.0,10,6,2,0,0
61.0870,-1.0,80,6,2,0,0
61.0870,61.5217,100,6,2,0,0
61.0870,-1.0,81,10,3,0,0
61.0870,61.5217,101,10,3,0,0
61.3043,-1.0,900,6,2,0,0
61.3043,-1.0,10,8,2,0,0
61.3043,-1.0,900,10,3,0,0
61.5217,-1.0,80,4,2,0,0
61.5217,61.9565,100,4,2,0,0
61.5217,-1.0,81,8,2,0,0
61.5217,61.9565,101,8,2,0,0
61.7391,-1.0,900,4,2,0,0
61.7391,-1.0,10,6,2,0,0
61.7391,-1.0,900,8,2,0,0
61.9565,-1.0,80,1,3,0,0
61.9565,62.3913,100,1,3,0,0
61.9565,-1.0,81,6,2,0,0
61.9565,62.3913,101,6,2,0,0
62.1739,-1.0,900,1,3,0,0
62.1739,-1.0,10,4,2,0,0
62.1739,-1.0,900,6,2,0,0
62.3913,-1.0,81,4,2,0,0
62.3913,62.8261,101,4,2,0,0
62.6087,-1.0,10,1,3,0,0
62.6087,-1.0,900,4,2,0,0
62.8261,-1.0,10,1,3,0,0
62.8261,-1.0,10,10,3,0,0
63.0435,-1.0,10,4,2,0,0
63.0435,-1.0,10,8,2,0,0
63.1522,-1.0,10,6,2,0,0
63.2609,-1.0,10,1,3,0,0
63.2609,-1.0,20,10,3,0,0
63.4783,-1.0,10,6,2,0,0
63.6957,-1.0,10,1,3,0,0
63.6957,-1.0,10,4,2,0,0
63.6957,-1.0,10,10,3,0,0
63.8043,-1.0,10,8,2,0,0
63.9130,-1.0,10,1,3,0,0
63.9130,-1.0,10,6,2,0,0
64.1304,-1.0,10,1,3,0,0
64.1304,-1.0,10,8,2,0,0
64.1304,-1.0,20,10,3,0,0
64.2391,-1.0,10,4,2,0,0
64.3478,-1.0,10,6,2,0,0
64.3478,-1.0,10,10,3,0,0
64.5652,-1.0,10,1,3,0,0
64.5652,-1.0,10,6,2,0,0
64.6739,-1.0,10,8,2,0,0
64.7826,-1.0,10,4,2,0,0
64.7826,-1.0,10,10,3,0,0
64.8913,-1.0,10,6,2,0,0
65.0,-1.0,20,1,3,0,0
65.0,-1.0,10,8,2,0,0
65.2174,-1.0,10,4,2,0,0
65.2174,-1.0,10,10,3,0,0
65.4348,-1.0,10,6,2,0,0
65.4348,-1.0,10,10,3,0,0
65.5435,-1.0,10,4,2,0,0
65.6522,-1.0,10,1,3,0,0
65.6522,-1.0,10,8,2,0,0
65.7609,-1.0,10,6,2,0,0
65.8696,-1.0,10,4,2,0,0
65.8696,-1.0,20,10,3,0,0
66.0870,-1.0,10,1,3,0,0
66.0870,-1.0,10,8,2,0,0
66.3043,-1.0,10,1,3,0,0
66.3043,-1.0,10,4,2,0,0
66.3043,-1.0,10,10,3,0,0
66.4130,-1.0,10,8,2,0,0
66.5217,-1.0,10,4,2,0,0
66.5217,-1.0,10,6,2,0,0
66.7391,-1.0,10,1,3,0,0
66.7391,-1.0,10,8,2,0,0
66.7391,-1.0,10,10,3,0,0
66.8478,-1.0,10,4,2,0,0
66.9565,-1.0,10,6,2,0,0
66.9565,-1.0,10,8,2,0,0
67.1739,-1.0,10,1,3,0,0
67.1739,-1.0,10,8,2,0,0
67.2826,-1.0,10,6,2,0,0
67.3913,-1.0,10,4,2,0,0
67.3913,-1.0,10,10,3,0,0
67.5000,-1.0,10,6,2,0,0
67.6087,-1.0,10,1,3,0,0
67.6087,-1.0,10,10,3,0,0
67.8261,-1.0,20,1,3,0,0
67.8261,-1.0,20,4,2,0,0
67.8261,-1.0,20,8,2,0,0
67.8261,-1.0,20,10,3,0,0
68.2609,-1.0,10,8,2,0,0
68.3333,-1.0,10,4,2,0,0
68.4058,-1.0,10,6,2,0,0
68.4783,-1.0,10,1,3,0,0
68.6957,-1.0,10,4,2,0,0
68.6957,-1.0,20,8,2,0,0
68.6957,-1.0,20,10,3,0,0
69.1304,-1.0,20,1,3,0,0
69.1304,-1.0,20,4,2,0,0
69.1304,-1.0,10,8,2,0,0
69.5652,-1.0,10,6,2,0,0
69.7826,-1.0,10,1,3,0,0
69.7826,-1.0,80,6,2,0,0
69.7826,70.6522,100,6,2,0,0
69.7826,-1.0,80,10,3,0,0
69.7826,70.6522,100,10,3,0,0
70.0,-1.0,900,6,2,0,0
70.0,-1.0,10,8,2,0,0
70.0,-1.0,900,10,3,0,0
70.2174,-1.0,10,1,3,0,0
70.2174,-1.0,20,4,2,0,0
70.2174,-1.0,900,6,2,0,0
70.2174,-1.0,900,10,3,0,0
70.4348,-1.0,900,6,2,0,0
70.4348,-1.0,10,8,2,0,0
70.4348,-1.0,900,10,3,0,0
70.6522,-1.0,80,1,3,0,0
70.6522,71.5217,100,1,3,0,0
70.6522,-1.0,10,4,2,0,0
70.6522,-1.0,80,8,2,0,0
70.6522,71.5217,100,8,2,0,0
70.8696,-1.0,900,1,3,0,0
70.8696,-1.0,10,6,2,0,0
70.8696,-1.0,900,8,2,0,0
71.0870,-1.0,900,1,3,0,0
71.0870,-1.0,10,4,2,0,0
71.0870,-1.0,900,8,2,0,0
71.0870,-1.0,20,10,3,0,0
71.3043,-1.0,900,1,3,0,0
71.3043,-1.0,10,6,2,0,0
71.3043,-1.0,900,8,2,0,0
71.5217,-1.0,80,4,2,0,0
71.5217,72.3913,100,4,2,0,0
71.5217,-1.0,80,6,2,0,0
71.5217,72.3913,100,6,2,0,0
71.5217,-1.0,10,10,3,0,0
71.7391,-1.0,10,1,3,0,0
71.7391,-1.0,900,4,2,0,0
71.7391,-1.0,900,6,2,0,0
71.9565,-1.0,900,4,2,0,0
71.9565,-1.0,900,6,2,0,0
71.9565,-1.0,20,8,2,0,0
71.9565,-1.0,10,10,3,0,0
72.1739,-1.0,10,1,3,0,0
72.1739,-1.0,900,4,2,0,0
72.1739,-1.0,900,6,2,0,0
72.3913,-1.0,10,1,3,0,0
72.3913,-1.0,80,8,2,0,0
72.3913,73.2609,100,8,2,0,0
72.3913,-1.0,80,10,3,0,0
72.3913,73.2609,100,10,3,0,0
72.6087,-1.0,10,6,2,0,0
72.6087,-1.0,900,8,2,0,0
72.6087,-1.0,900,10,3,0,0
72.8261,-1.0,10,1,3,0,0
72.8261,-1.0,20,4,2,0,0
72.8261,-1.0,900,8,2,0,0
72.8261,-1.0,900,10,3,0,0
73.0435,-1.0,10,6,2,0,0
73.0435,-1.0,900,8,2,0,0
73.0435,-1.0,900,10,3,0,0
73.2609,-1.0,80,1,3,0,0
73.2609,74.1304,100,1,3,0,0
73.2609,-1.0,10,4,2,0,0
73.2609,-1.0,80,6,2,0,0
73.2609,74.1304,100,6,2,0,0
73.4783,-1.0,900,1,3,0,0
73.4783,-1.0,900,6,2,0,0
73.4783,-1.0,10,10,3,0,0
73.6957,-1.0,900,1,3,0,0
73.6957,-1.0,10,4,2,0,0
73.6957,-1.0,900,6,2,0,0
73.6957,-1.0,20,8,2,0,0
73.9130,-1.0,900,1,3,0,0
73.9130,-1.0,900,6,2,0,0
73.9130,-1.0,10,10,3,0,0
74.1304,-1.0,80,4,2,0,0
74.1304,75.0,100,4,2,0,0
74.1304,-1.0,10,8,2,0,0
74.1304,-1.0,80,10,3,0,0
74.1304,75.0,100,10,3,0,0
74.3478,-1.0,10,1,3,0,0
74.3478,-1.0,900,4,2,0,0
74.3478,-1.0,900,10,3,0,0
74.5652,-1.0,900,4,2,0,0
74.5652,-1.0,20,6,2,0,0
74.5652,-1.0,10,8,2,0,0
74.5652,-1.0,900,10,3,0,0
74.7826,-1.0,10,1,3,0,0
74.7826,-1.0,900,4,2,0,0
74.7826,-1.0,900,10,3,0,0
75.0,-1.0,81,6,2,0,0
75.0,75.4348,101,6,2,0,0
75.0,-1.0,80,8,2,0,0
75.0,75.4348,100,8,2,0,0
75.2174,-1.0,10,4,2,0,0
75.2174,-1.0,900,6,2,0,0
75.2174,-1.0,900,8,2,0,0
75.2174,-1.0,10,10,3,0,0
75.4348,-1.0,81,4,2,0,0
75.4348,75.8696,101,4,2,0,0
75.4348,-1.0,80,10,3,0,0
75.4348,75.8696,100,10,3,0,0
75.6522,-1.0,900,4,2,0,0
75.6522,-1.0,10,6,2,0,0
75.6522,-1.0,10,8,2,0,0
75.6522,-1.0,900,10,3,0,0
75.8696,-1.0,80,1,3,0,0
75.8696,76.3043,100,1,3,0,0
75.8696,-1.0,81,8,2,0,0
75.8696,76.3043,101,8,2,0,0
76.0870,-1.0,900,1,3,0,0
76.0870,-1.0,10,4,2,0,0
76.0870,-1.0,900,8,2,0,0
76.0870,-1.0,10,10,3,0,0
76.3043,-1.0,80,4,2,0,0
76.3043,76.7391,100,4,2,0,0
76.3043,-1.0,81,6,2,0,0
76.3043,76.7391,101,6,2,0,0
76.5217,-1.0,10,1,3,0,0
76.5217,-1.0,900,4,2,0,0
76.5217,-1.0,900,6,2,0,0
76.5217,-1.0,10,8,2,0,0
76.7391,-1.0,20,1,3,0,0
76.7391,-1.0,10,8,2,0,0
76.7391,-1.0,20,10,3,0,0
76.9565,-1.0,80,6,2,0,0
76.9565,77.1739,100,6,2,0,0
76.9565,-1.0,10,10,3,0,0
77.1739,-1.0,10,1,3,0,0
77.1739,-1.0,10,4,2,0,0
77.1739,-1.0,10,8,2,0,0
77.1739,-1.0,10,10,3,0,0
77.3913,-1.0,80,6,2,0,0
77.3913,77.6087,100,6,2,0,0
77.3913,-1.0,10,8,2,0,0
77.6087,-1.0,10,1,3,0,0
77.6087,-1.0,10,4,2,0,0
77.6087,-1.0,10,8,2,0,0
77.6087,-1.0,10,10,3,0,0
77.8261,-1.0,10,4,2,0,0
77.8261,-1.0,80,6,2,0,0
77.8261,78.0435,100,6,2,0,0
78.0435,-1.0,10,1,3,0,0
78.0435,-1.0,10,4,2,0,0
78.0435,-1.0,10,8,2,0,0
78.0435,-1.0,10,10,3,0,0
78.2609,-1.0,10,1,3,0,0
78.2609,-1.0,80,6,2,0,0
78.2609,78.4783,100,6,2,0,0
78.4783,-1.0,20,1,3,0,0
78.4783,-1.0,10,4,2,0,0
78.4783,-1.0,10,8,2,0,0
78.4783,-1.0,20,10,3,0,0
78.6957,-1.0,10,1,3,0,0
78.6957,-1.0,80,6,2,0,0
78.6957,78.9130,100,6,2,0,0
78.9130,-1.0,10,1,3,0,0
78.9130,-1.0,10,4,2,0,0
78.9130,-1.0,10,8,2,0,0
78.9130,-1.0,10,10,3,0,0
79.1304,-1.0,10,4,2,0,0
79.1304,-1.0,80,6,2,0,0
79.1304,79.3478,100,6,2,0,0
79.3478,-1.0,10,1,3,0,0
79.3478,-1.0,10,4,2,0,0
79.3478,-1.0,10,8,2,0,0
79.3478,-1.0,10,10,3,0,0
79.5652,-1.0,80,6,2,0,0
79.5652,79.7826,100,6,2,0,0
79.5652,-1.0,10,8,2,0,0
79.7826,-1.0,10,1,3,0,0
79.7826,-1.0,10,4,2,0,0
79.7826,-1.0,10,8,2,0,0
79.7826,-1.0,10,10,3,0,0
80.0,-1.0,80,6,2,0,0
80.0,80.2174,100,6,2,0,0
80.0,-1.0,10,10,3,0,0
80.2174,-1.0,20,1,3,0,0
80.2174,-1.0,10,4,2,0,0
80.2174,-1.0,10,8,2,0,0
80.2174,-1.0,20,10,3,0,0
80.4348,-1.0,10,6,2,0,0
80.4348,-1.0,10,8,2,0,0
80.6522,-1.0,10,1,3,0,0
80.6522,-1.0,10,4,2,0,0
80.6522,-1.0,10,8,2,0,0
80.8696,-1.0,10,8,2,0,0
80.8696,-1.0,10,10,3,0,0
81.0870,-1.0,20,1,3,0,0
81.0870,-1.0,10,4,2,0,0
81.0870,-1.0,10,6,2,0,0
81.0870,-1.0,10,8,2,0,0
81.0870,-1.0,20,10,3,0,0
81.3043,-1.0,10,4,2,0,0
81.3043,-1.0,10,6,2,0,0
81.5217,-1.0,10,4,2,0,0
81.5217,-1.0,10,8,2,0,0
81.5217,-1.0,10,10,3,0,0
81.7391,-1.0,10,1,3,0,0
81.7391,-1.0,10,4,2,0,0
81.9565,-1.0,20,1,3,0,0
81.9565,-1.0,10,6,2,0,0
81.9565,-1.0,10,8,2,0,0
82.0652,-1.0,10,4,2,0,0
82.0652,-1.0,10,10,3,0,0
82.1739,-1.0,10,6,2,0,0
82.1739,-1.0,10,8,2,0,0
82.2826,-1.0,10,1,3,0,0
82.2826,-1.0,10,10,3,0,0
82.3913,-1.0,10,4,2,0,0
82.3913,-1.0,10,6,2,0,0
82.5000,-1.0,10,8,2,0,0
82.5000,-1.0,10,10,3,0,0
82.6087,-1.0,10,1,3,0,0
82.6087,-1.0,10,6,2,0,0
82.7174,-1.0,10,8,2,0,0
82.7174,-1.0,10,10,3,0,0
82.8261,-1.0,20,1,3,0,0
82.8261,-1.0,10,4,2,0,0
82.8985,-1.0,10,6,2,0,0
82.9710,-1.0,10,8,2,0,0
83.0435,-1.0,10,10,3,0,0
83.1159,-1.0,10,8,2,0,0
83.1884,-1.0,10,6,2,0,0
83.2609,-1.0,10,4,2,0,0
83.3333,-1.0,10,6,2,0,0
83.4058,-1.0,10,8,2,0,0
83.4783,-1.0,10,6,2,0,0
83.5507,-1.0,10,4,2,0,0
83.6232,-1.0,10,1,3,0,0
83.6957,-1.0,10,6,2,0,0
83.6957,-1.0,10,8,2,0,0
83.6957,-1.0,20,10,3,0,0
83.9130,-1.0,10,4,2,0,0
84.0217,-1.0,10,6,2,0,0
84.1304,-1.0,10,8,2,0,0
84.3478,-1.0,10,6,2,0,0
84.5652,-1.0,20,1,3,0,0
84.5652,-1.0,10,4,2,0,0
84.5652,-1.0,10,8,2,0,0
84.5652,-1.0,20,10,3,0,0
84.7826,-1.0,10,6,2,0,0
85.0,-1.0,10,6,2,0,0
85.2174,-1.0,10,8,2,0,0
85.2899,-1.0,10,4,2,0,0
85.3623,-1.0,10,6,2,0,0
85.4348,-1.0,20,1,3,0,0
85.4348,-1.0,10,4,2,0,0
85.4348,-1.0,10,8,2,0,0
85.4348,-1.0,81,10,3,0,0
85.4348,85.8696,101,10,3,0,0
85.6522,-1.0,10,1,2,0,0
85.6522,-1.0,900,10,3,0,0
85.7246,-1.0,10,4,2,0,0
85.7971,-1.0,10,1,2,0,0
85.8696,-1.0,10,4,2,0,0
85.8696,-1.0,80,7,3,0,0
85.8696,86.3043,100,7,3,0,0
86.0870,-1.0,10,3,2,0,0
86.0870,-1.0,900,7,3,0,0
86.3043,-1.0,20,1,3,0,0
86.3043,-1.0,80,4,3,0,0
86.3043,86.7391,100,4,3,0,0
86.3043,-1.0,20,10,3,0,0
86.5217,-1.0,900,4,3,0,0
86.5217,-1.0,10,9,2,0,0
86.7391,-1.0,80,1,3,0,0
86.7391,88.0435,100,1,3,0,0
86.7391,-1.0,10,11,2,0,0
86.8116,-1.0,10,8,2,0,0
86.8841,-1.0,10,11,2,0,0
86.9565,-1.0,900,1,3,0,0
86.9565,-1.0,10,8,2,0,0
87.0290,-1.0,10,11,2,0,0
87.1015,-1.0,10,8,2,0,0
87.1739,-1.0,900,1,3,0,0
87.1739,-1.0,80,5,2,0,0
87.1739,88.0435,100,5,2,0,0
87.1739,-1.0,20,10,3,0,0
87.3913,-1.0,900,1,3,0,0
87.3913,-1.0,900,5,2,0,0
87.3913,-1.0,10,10,2,0,0
87.5000,-1.0,10,10,2,0,0
87.6087,-1.0,900,1,3,0,0
87.6087,-1.0,900,5,2,0,0
87.6087,-1.0,10,10,2,0,0
87.8261,-1.0,900,1,3,0,0
87.8261,-1.0,900,5,2,0,0
87.8261,-1.0,10,10,2,0,0
88.0435,-1.0,20,8,2,0,0
88.0435,-1.0,10,11,2,0,0
88.2609,-1.0,10,6,2,0,0
88.4783,-1.0,10,1,2,0,0
88.4783,-1.0,10,4,2,0,0
88.4783,-1.0,20,10,3,0,0
88.6957,-1.0,10,6,2,0,0
88.7681,-1.0,10,6,2,0,0
88.8406,-1.0,10,6,2,0,0
88.9130,-1.0,83,1,6,0,0
88.9130,89.3478,110,1,6,JumpScratch,-6
88.9130,-1.0,83,7,6,0,0
88.9130,89.3478,110,7,6,JumpScratch,6
89.1304,-1.0,900,1,6,0,0
89.1304,-1.0,900,7,6,0,0
89.3478,89.7826,110,1,4,JumpScratch,-4
89.3478,89.7826,110,9,4,JumpScratch,4
89.5652,-1.0,900,1,4,0,0
89.5652,-1.0,900,9,4,0,0
89.7826,90.2174,110,1,3,0,0
89.7826,90.2174,110,10,3,0,0
90.0,-1.0,900,1,3,0,0
90.0,-1.0,900,10,3,0,0
90.6522,-1.0,10,4,2,0,0
90.6522,-1.0,10,6,2,0,0
90.6522,-1.0,10,8,2,0,0
90.6522,-1.0,10,10,3,0,0
90.8696,-1.0,10,8,2,0,0
90.8696,-1.0,80,10,3,0,0
90.8696,91.0870,100,10,3,0,0
91.0870,-1.0,20,1,3,0,0
91.0870,-1.0,10,4,2,0,0
91.0870,-1.0,10,6,2,0,0
91.3043,-1.0,80,4,2,0,0
91.3043,91.5217,100,4,2,0,0
91.3043,-1.0,10,6,2,0,0
91.5217,-1.0,10,1,3,0,0
91.5217,-1.0,10,6,2,0,0
91.5217,-1.0,10,8,2,0,0
91.7391,-1.0,10,6,2,0,0
91.7391,-1.0,80,8,2,0,0
91.7391,91.9565,100,8,2,0,0
91.9565,-1.0,10,1,3,0,0
91.9565,-1.0,10,4,2,0,0
91.9565,-1.0,20,10,3,0,0
92.1739,-1.0,80,1,3,0,0
92.1739,92.3913,100,1,3,0,0
92.1739,-1.0,10,4,2,0,0
92.3913,-1.0,10,4,2,0,0
92.3913,-1.0,10,6,2,0,0
92.3913,-1.0,10,10,3,0,0
92.6087,-1.0,10,6,2,0,0
92.6087,-1.0,80,10,3,0,0
92.6087,92.8261,100,10,3,0,0
92.8261,-1.0,20,1,3,0,0
92.8261,-1.0,10,4,2,0,0
92.8261,-1.0,10,8,2,0,0
93.0435,-1.0,10,4,2,0,0
93.0435,-1.0,80,8,2,0,0
93.0435,93.2609,100,8,2,0,0
93.2609,-1.0,10,1,3,0,0
93.2609,-1.0,10,4,2,0,0
93.2609,-1.0,10,10,3,0,0
93.4783,-1.0,80,4,2,0,0
93.4783,93.6957,100,4,2,0,0
93.4783,-1.0,10,10,3,0,0
93.6957,-1.0,10,1,3,0,0
93.6957,-1.0,10,8,2,0,0
93.6957,-1.0,20,10,3,0,0
93.9130,-1.0,80,1,3,0,0
93.9130,94.1304,100,1,3,0,0
93.9130,-1.0,10,8,2,0,0
94.1304,-1.0,10,4,2,0,0
94.1304,-1.0,10,6,2,0,0
94.1304,-1.0,10,8,2,0,0
94.1304,-1.0,10,10,3,0,0
94.3478,-1.0,80,8,2,0,0
94.3478,94.5652,100,8,2,0,0
94.3478,-1.0,10,10,3,0,0
94.5652,-1.0,20,1,3,0,0
94.5652,-1.0,10,4,2,0,0
94.5652,-1.0,10,6,2,0,0
94.7826,-1.0,80,4,2,0,0
94.7826,95.0,100,4,2,0,0
94.7826,-1.0,10,6,2,0,0
95.0,-1.0,10,1,3,0,0
95.0,-1.0,10,6,2,0,0
95.0,-1.0,10,8,2,0,0
95.2174,-1.0,10,6,2,0,0
95.2174,-1.0,80,8,2,0,0
95.2174,95.4348,100,8,2,0,0
95.4348,-1.0,10,1,3,0,0
95.4348,-1.0,10,4,2,0,0
95.4348,-1.0,20,10,3,0,0
95.6522,-1.0,80,1,3,0,0
95.6522,95.8696,100,1,3,0,0
95.6522,-1.0,10,4,2,0,0
95.8696,-1.0,10,4,2,0,0
95.8696,-1.0,10,6,2,0,0
95.8696,-1.0,10,10,3,0,0
96.0870,-1.0,10,6,2,0,0
96.0870,-1.0,80,10,3,0,0
96.0870,96.3043,100,10,3,0,0
96.3043,-1.0,20,1,3,0,0
96.3043,-1.0,10,4,2,0,0
96.3043,-1.0,10,8,2,0,0
96.5217,-1.0,10,4,2,0,0
96.5217,-1.0,80,8,2,0,0
96.5217,96.7391,100,8,2,0,0
96.7391,-1.0,10,1,3,0,0
96.7391,-1.0,10,4,2,0,0
96.7391,-1.0,10,10,3,0,0
96.9565,-1.0,80,4,2,0,0
96.9565,97.1739,100,4,2,0,0
96.9565,-1.0,10,10,3,0,0
97.1739,-1.0,10,1,3,0,0
97.1739,-1.0,10,8,2,0,0
97.1739,-1.0,20,10,3,0,0
97.3913,-1.0,80,1,3,0,0
97.3913,97.6087,100,1,3,0,0
97.3913,-1.0,10,8,2,0,0
97.6087,-1.0,10,6,2,0,0
97.6087,-1.0,10,8,2,0,0
97.6087,-1.0,10,10,3,0,0
97.8261,-1.0,10,6,2,0,0
97.8261,-1.0,10,8,2,0,0
97.8261,-1.0,80,10,3,0,0
97.8261,98.0435,100,10,3,0,0
98.0435,-1.0,20,1,3,0,0
98.0435,-1.0,10,4,2,0,0
98.0435,-1.0,10,6,2,0,0
98.2609,-1.0,10,1,3,0,0
98.2609,-1.0,80,4,2,0,0
98.2609,98.4783,100,4,2,0,0
98.2609,-1.0,10,6,2,0,0
98.4783,-1.0,10,6,2,0,0
98.4783,-1.0,10,8,2,0,0
98.4783,-1.0,10,10,3,0,0
98.6957,-1.0,10,6,2,0,0
98.6957,-1.0,80,8,2,0,0
98.6957,98.9130,100,8,2,0,0
98.6957,-1.0,10,10,3,0,0
98.9130,-1.0,20,1,3,0,0
98.9130,-1.0,10,4,2,0,0
98.9130,-1.0,10,6,2,0,0
99.1304,-1.0,80,1,3,0,0
99.1304,99.3478,100,1,3,0,0
99.1304,-1.0,10,4,2,0,0
99.1304,-1.0,10,6,2,0,0
99.3478,-1.0,10,4,2,0,0
99.3478,-1.0,10,8,2,0,0
99.3478,-1.0,10,10,3,0,0
99.5652,-1.0,10,4,2,0,0
99.5652,-1.0,10,8,2,0,0
99.5652,-1.0,80,10,3,0,0
99.5652,99.7826,100,10,3,0,0
99.7826,-1.0,20,1,3,0,0
99.7826,-1.0,10,4,2,0,0
99.7826,-1.0,10,8,2,0,0
100.0,-1.0,10,1,3,0,0
100.0,-1.0,10,4,2,0,0
100.0,-1.0,80,8,2,0,0
100.0,100.2174,100,8,2,0,0
100.2174,-1.0,10,4,2,0,0
100.2174,-1.0,10,6,2,0,0
100.2174,-1.0,10,10,3,0,0
100.4348,-1.0,80,4,2,0,0
100.4348,100.6522,100,4,2,0,0
100.4348,-1.0,10,6,2,0,0
100.4348,-1.0,10,10,3,0,0
100.6522,-1.0,20,1,3,0,0
100.6522,-1.0,10,6,2,0,0
100.6522,-1.0,10,8,2,0,0
100.8696,-1.0,80,1,3,0,0
100.8696,101.0870,100,1,3,0,0
100.8696,-1.0,10,6,2,0,0
100.8696,-1.0,10,8,2,0,0
101.0870,-1.0,10,4,2,0,0
101.0870,-1.0,10,6,2,0,0
101.0870,-1.0,10,8,2,0,0
101.0870,-1.0,10,10,3,0,0
101.3043,-1.0,10,4,2,0,0
101.3043,-1.0,10,8,2,0,0
101.3043,-1.0,80,10,3,0,0
101.3043,101.5217,100,10,3,0,0
101.5217,-1.0,20,1,3,0,0
101.5217,-1.0,10,4,2,0,0
101.5217,-1.0,10,6,2,0,0
101.5217,-1.0,10,8,2,0,0
101.7391,-1.0,10,1,3,0,0
101.7391,-1.0,80,4,2,0,0
101.7391,101.9565,100,4,2,0,0
101.7391,-1.0,10,6,2,0,0
101.9565,-1.0,10,1,3,0,0
101.9565,-1.0,10,6,2,0,0
101.9565,-1.0,10,8,2,0,0
101.9565,-1.0,10,10,3,0,0
102.1739,-1.0,10,6,2,0,0
102.1739,-1.0,80,8,2,0,0
102.1739,102.3913,100,8,2,0,0
102.1739,-1.0,10,10,3,0,0
102.3913,-1.0,20,1,3,0,0
102.3913,-1.0,10,4,2,0,0
102.3913,-1.0,10,6,2,0,0
102.3913,-1.0,10,10,3,0,0
102.6087,-1.0,80,1,3,0,0
102.6087,102.8261,100,1,3,0,0
102.6087,-1.0,10,4,2,0,0
102.6087,-1.0,10,8,2,0,0
102.8261,-1.0,10,4,2,0,0
102.8261,-1.0,10,6,2,0,0
102.8261,-1.0,10,8,2,0,0
102.8261,-1.0,10,10,3,0,0
103.0435,-1.0,10,6,2,0,0
103.1159,-1.0,10,4,2,0,0
103.1884,-1.0,10,1,3,0,0
103.2609,-1.0,10,6,2,0,0
103.2609,-1.0,10,8,2,0,0
103.2609,-1.0,10,10,3,0,0
103.3696,-1.0,10,1,3,0,0
103.3696,-1.0,10,4,2,0,0
103.4783,-1.0,10,8,2,0,0
103.4783,-1.0,10,10,3,0,0
103.5870,-1.0,10,4,2,0,0
103.5870,-1.0,10,6,2,0,0
103.6957,-1.0,10,1,3,0,0
103.6957,-1.0,10,10,3,0,0
103.8043,-1.0,10,6,2,0,0
103.9130,-1.0,10,8,2,0,0
104.0217,-1.0,10,6,2,0,0
104.1304,-1.0,10,4,2,0,0
104.1304,-1.0,10,8,2,0,0
104.1304,-1.0,10,10,3,0,0
104.2391,-1.0,10,1,3,0,0
104.3478,-1.0,10,6,2,0,0
104.5652,-1.0,10,1,3,0,0
104.5652,-1.0,80,4,2,0,0
104.5652,107.1739,100,4,2,0,0
104.5652,-1.0,10,8,2,0,0
104.5652,-1.0,10,10,3,0,0
104.7826,-1.0,900,4,2,0,0
104.7826,-1.0,10,8,2,0,0
104.7826,-1.0,10,10,3,0,0
105.0,-1.0,10,1,3,0,0
105.0,-1.0,900,4,2,0,0
105.0,-1.0,10,6,2,0,0
105.0,-1.0,10,8,2,0,0
105.0,-1.0,20,10,3,0,0
105.2174,-1.0,900,4,2,0,0
105.2174,-1.0,10,6,2,0,0
105.2174,-1.0,10,8,2,0,0
105.4348,-1.0,10,1,3,0,0
105.4348,-1.0,900,4,2,0,0
105.4348,-1.0,10,6,2,0,0
105.4348,-1.0,10,10,3,0,0
105.6522,-1.0,900,4,2,0,0
105.6522,-1.0,10,6,2,0,0
105.6522,-1.0,10,10,3,0,0
105.8696,-1.0,10,1,3,0,0
105.8696,-1.0,900,4,2,0,0
105.8696,-1.0,10,6,2,0,0
105.8696,-1.0,10,8,2,0,0
105.8696,-1.0,20,10,3,0,0
106.0870,-1.0,10,1,3,0,0
106.0870,-1.0,900,4,2,0,0
106.0870,-1.0,10,8,2,0,0
106.3043,-1.0,900,4,2,0,0
106.3043,-1.0,10,6,2,0,0
106.3043,-1.0,10,8,2,0,0
106.3043,-1.0,10,10,3,0,0
106.5217,-1.0,900,4,2,0,0
106.5217,-1.0,10,6,2,0,0
106.5217,-1.0,10,8,2,0,0
106.7391,-1.0,10,1,3,0,0
106.7391,-1.0,900,4,2,0,0
106.7391,-1.0,10,6,2,0,0
106.7391,-1.0,10,8,2,0,0
106.7391,-1.0,20,10,3,0,0
106.9565,-1.0,10,1,3,0,0
106.9565,-1.0,900,4,2,0,0
106.9565,-1.0,10,6,2,0,0
107.1739,-1.0,10,1,3,0,0
107.1739,-1.0,80,6,2,0,0
107.1739,108.0435,100,6,2,0,0
107.1739,-1.0,10,10,3,0,0
107.3913,-1.0,10,1,3,0,0
107.3913,-1.0,900,6,2,0,0
107.3913,-1.0,10,10,3,0,0
107.6087,-1.0,10,1,3,0,0
107.6087,-1.0,10,4,2,0,0
107.6087,-1.0,900,6,2,0,0
107.6087,-1.0,10,8,2,0,0
107.6087,-1.0,20,10,3,0,0
107.8261,-1.0,10,1,3,0,0
107.8261,-1.0,10,4,2,0,0
107.8261,-1.0,900,6,2,0,0
108.0435,-1.0,10,4,2,0,0
108.0435,-1.0,80,8,2,0,0
108.0435,110.6522,100,8,2,0,0
108.0435,-1.0,10,10,3,0,0
108.2609,-1.0,10,4,2,0,0
108.2609,-1.0,900,8,2,0,0
108.2609,-1.0,10,10,3,0,0
108.4783,-1.0,10,1,3,0,0
108.4783,-1.0,10,4,2,0,0
108.4783,-1.0,10,6,2,0,0
108.4783,-1.0,900,8,2,0,0
108.4783,-1.0,20,10,3,0,0
108.6957,-1.0,10,4,2,0,0
108.6957,-1.0,10,6,2,0,0
108.6957,-1.0,900,8,2,0,0
108.9130,-1.0,10,1,3,0,0
108.9130,-1.0,10,4,2,0,0
108.9130,-1.0,900,8,2,0,0
108.9130,-1.0,10,10,3,0,0
109.1304,-1.0,10,1,3,0,0
109.1304,-1.0,900,8,2,0,0
109.1304,-1.0,10,10,3,0,0
109.3478,-1.0,10,1,3,0,0
109.3478,-1.0,10,4,2,0,0
109.3478,-1.0,10,6,2,0,0
109.3478,-1.0,900,8,2,0,0
109.3478,-1.0,20,10,3,0,0
109.5652,-1.0,10,1,3,0,0
109.5652,-1.0,10,6,2,0,0
109.5652,-1.0,900,8,2,0,0
109.7826,-1.0,10,4,2,0,0
109.7826,-1.0,10,6,2,0,0
109.7826,-1.0,900,8,2,0,0
109.7826,-1.0,10,10,3,0,0
110.0,-1.0,10,4,2,0,0
110.0,-1.0,900,8,2,0,0
110.0,-1.0,10,10,3,0,0
110.2174,-1.0,20,1,3,0,0
110.2174,-1.0,10,4,2,0,0
110.2174,-1.0,10,6,2,0,0
110.2174,-1.0,900,8,2,0,0
110.2174,-1.0,10,10,3,0,0
110.4348,-1.0,10,4,2,0,0
110.4348,-1.0,10,6,2,0,0
110.4348,-1.0,900,8,2,0,0
110.6522,-1.0,10,1,3,0,0
110.6522,-1.0,10,6,2,0,0
110.6522,-1.0,80,10,3,0,0
110.6522,111.5217,100,10,3,0,0
110.8696,-1.0,10,1,3,0,0
110.8696,-1.0,10,6,2,0,0
110.8696,-1.0,900,10,3,0,0
111.0870,-1.0,20,1,3,0,0
111.0870,-1.0,10,4,2,0,0
111.0870,-1.0,10,6,2,0,0
111.0870,-1.0,10,8,2,0,0
111.0870,-1.0,900,10,3,0,0
111.3043,-1.0,10,4,2,0,0
111.3043,-1.0,10,6,2,0,0
111.3043,-1.0,900,10,3,0,0
111.5217,-1.0,20,1,3,0,0
111.5217,-1.0,10,6,2,0,0
111.5217,-1.0,80,8,2,0,0
111.5217,114.1304,100,8,2,0,0
111.7391,-1.0,10,1,3,0,0
111.7391,-1.0,10,6,2,0,0
111.7391,-1.0,900,8,2,0,0
111.9565,-1.0,20,1,3,0,0
111.9565,-1.0,10,4,2,0,0
111.9565,-1.0,10,6,2,0,0
111.9565,-1.0,900,8,2,0,0
111.9565,-1.0,10,10,3,0,0
112.1739,-1.0,10,4,2,0,0
112.1739,-1.0,900,8,2,0,0
112.1739,-1.0,10,10,3,0,0
112.3913,-1.0,20,1,3,0,0
112.3913,-1.0,10,6,2,0,0
112.3913,-1.0,900,8,2,0,0
112.3913,-1.0,10,10,3,0,0
112.6087,-1.0,10,1,3,0,0
112.6087,-1.0,10,6,2,0,0
112.6087,-1.0,900,8,2,0,0
112.8261,-1.0,20,1,3,0,0
112.8261,-1.0,10,4,2,0,0
112.8261,-1.0,10,6,2,0,0
112.8261,-1.0,900,8,2,0,0
112.8261,-1.0,10,10,3,0,0
113.0435,-1.0,10,4,2,0,0
113.0435,-1.0,10,6,2,0,0
113.0435,-1.0,900,8,2,0,0
113.2609,-1.0,20,1,3,0,0
113.2609,-1.0,10,4,2,0,0
113.2609,-1.0,900,8,2,0,0
113.2609,-1.0,10,10,3,0,0
113.4783,-1.0,10,1,3,0,0
113.4783,-1.0,10,4,2,0,0
113.4783,-1.0,900,8,2,0,0
113.6957,-1.0,20,1,3,0,0
113.6957,-1.0,10,4,2,0,0
113.6957,-1.0,10,6,2,0,0
113.6957,-1.0,900,8,2,0,0
113.6957,-1.0,10,10,3,0,0
113.9130,-1.0,10,4,2,0,0
113.9130,-1.0,10,6,2,0,0
113.9130,-1.0,900,8,2,0,0
114.1304,-1.0,20,1,3,0,0
114.1304,-1.0,10,6,2,0,0
114.1304,-1.0,80,10,3,0,0
114.1304,115.0,100,10,3,0,0
114.3478,-1.0,10,1,3,0,0
114.3478,-1.0,10,6,2,0,0
114.3478,-1.0,900,10,3,0,0
114.5652,-1.0,20,1,3,0,0
114.5652,-1.0,10,4,2,0,0
114.5652,-1.0,10,6,2,0,0
114.5652,-1.0,10,8,2,0,0
114.5652,-1.0,900,10,3,0,0
114.7826,-1.0,10,4,2,0,0
114.7826,-1.0,10,8,2,0,0
114.7826,-1.0,900,10,3,0,0
115.0,-1.0,20,1,3,0,0
115.0,-1.0,80,6,2,0,0
115.0,116.7391,100,6,2,0,0
115.0,-1.0,10,8,2,0,0
115.2174,-1.0,10,1,3,0,0
115.2174,-1.0,900,6,2,0,0
115.2174,-1.0,10,8,2,0,0
115.2174,-1.0,20,10,3,0,0
115.4348,-1.0,10,1,3,0,0
115.4348,-1.0,10,4,2,0,0
115.4348,-1.0,900,6,2,0,0
115.4348,-1.0,10,8,2,0,0
115.4348,-1.0,20,10,3,0,0
115.6522,-1.0,10,4,2,0,0
115.6522,-1.0,900,6,2,0,0
115.6522,-1.0,10,8,2,0,0
115.6522,-1.0,20,10,3,0,0
115.8696,-1.0,10,1,3,0,0
115.8696,-1.0,10,4,2,0,0
115.8696,-1.0,900,6,2,0,0
115.8696,-1.0,10,8,2,0,0
115.8696,-1.0,20,10,3,0,0
116.0870,-1.0,10,1,3,0,0
116.0870,-1.0,10,4,2,0,0
116.0870,-1.0,900,6,2,0,0
116.0870,-1.0,20,10,3,0,0
116.3043,-1.0,10,1,3,0,0
116.3043,-1.0,10,4,2,0,0
116.3043,-1.0,900,6,2,0,0
116.3043,-1.0,10,8,2,0,0
116.3043,-1.0,20,10,3,0,0
116.5217,-1.0,10,4,2,0,0
116.5217,-1.0,900,6,2,0,0
116.5217,-1.0,10,8,2,0,0
116.5217,-1.0,20,10,3,0,0
116.7391,-1.0,10,1,3,0,0
116.7391,-1.0,80,4,2,0,0
116.7391,118.4783,100,4,2,0,0
116.7391,-1.0,20,10,3,0,0
116.8478,-1.0,10,6,2,0,0
116.9565,-1.0,900,4,2,0,0
116.9565,-1.0,10,8,2,0,0
117.0652,-1.0,10,6,2,0,0
117.1739,-1.0,10,1,3,0,0
117.1739,-1.0,900,4,2,0,0
117.1739,-1.0,20,10,3,0,0
117.2826,-1.0,10,6,2,0,0
117.3913,-1.0,900,4,2,0,0
117.3913,-1.0,10,8,2,0,0
117.5000,-1.0,10,10,3,0,0
117.6087,-1.0,20,1,3,0,0
117.6087,-1.0,900,4,2,0,0
117.6812,-1.0,10,6,2,0,0
117.7536,-1.0,10,8,2,0,0
117.8261,-1.0,900,4,2,0,0
117.8261,-1.0,10,10,3,0,0
117.8985,-1.0,10,8,2,0,0
117.9710,-1.0,10,6,2,0,0
118.0435,-1.0,20,1,3,0,0
118.0435,-1.0,900,4,2,0,0
118.1159,-1.0,10,6,2,0,0
118.1884,-1.0,10,8,2,0,0
118.2609,-1.0,900,4,2,0,0
118.2609,-1.0,10,10,3,0,0
118.3333,-1.0,10,8,2,0,0
118.4058,-1.0,10,6,2,0,0
118.4783,-1.0,80,1,3,0,0
118.4783,125.4348,100,1,3,0,0
118.6957,-1.0,900,1,3,0,0
118.9130,-1.0,900,1,3,0,0
119.1304,-1.0,900,1,3,0,0
119.3478,-1.0,900,1,3,0,0
119.5652,-1.0,900,1,3,0,0
119.7826,-1.0,900,1,3,0,0
120.0,-1.0,900,1,3,0,0
120.2174,-1.0,900,1,3,0,0
120.4348,-1.0,900,1,3,0,0
120.6522,-1.0,900,1,3,0,0
120.8696,-1.0,900,1,3,0,0
121.0870,-1.0,900,1,3,0,0
121.3043,-1.0,900,1,3,0,0
121.5217,-1.0,900,1,3,0,0
121.7391,-1.0,900,1,3,0,0
121.9565,-1.0,900,1,3,0,0
122.1739,-1.0,900,1,3,0,0
122.3913,-1.0,900,1,3,0,0
122.6087,-1.0,900,1,3,0,0
122.8261,-1.0,900,1,3,0,0
123.0435,-1.0,900,1,3,0,0
123.2609,-1.0,900,1,3,0,0
123.4783,-1.0,900,1,3,0,0
123.6957,-1.0,900,1,3,0,0
123.9130,-1.0,900,1,3,0,0
124.1304,-1.0,900,1,3,0,0
124.3478,-1.0,900,1,3,0,0
124.5652,-1.0,900,1,3,0,0
124.7826,-1.0,900,1,3,0,0
125.0,-1.0,900,1,3,0,0
125.2174,-1.0,900,1,3,0,0