4.8000,-1.0,50,3,4,0,0
1.0,1.0,0,0,0,34,11140
4.8000,-1.0,50,7,4,0,0
2.6000,2.6000,0,0,0,33,11140
5.1000,-1.0,50,2,5,0,0
4.2000,4.2000,0,0,0,32,11140
5.1000,-1.0,50,7,5,0,0
6.4000,6.4000,0,0,0,11,11140
5.4000,-1.0,50,1,6,0,0
60.8000,60.8000,0,0,0,11,11140
5.4000,-1.0,50,7,6,0,0
80.0,90.0,0,0,0,14,11140
6.4000,-1.0,10,10,3,0,0
6.5000,-1.0,10,4,3,0,0
6.6000,-1.0,10,10,3,0,0
6.7000,-1.0,10,4,3,0,0
6.8000,-1.0,20,10,3,0,0
6.9000,-1.0,10,4,3,0,0
7.0,-1.0,10,10,3,0,0
7.1000,-1.0,10,4,3,0,0
7.2000,-1.0,10,10,3,0,0
7.3000,-1.0,10,4,3,0,0
7.4000,-1.0,10,10,3,0,0
7.5000,-1.0,10,4,3,0,0
7.6000,-1.0,20,10,3,0,0
7.7000,-1.0,10,4,3,0,0
7.8000,-1.0,10,10,3,0,0
7.9000,-1.0,10,4,3,0,0
8.0,-1.0,10,9,3,0,0
8.1000,-1.0,10,3,3,0,0
8.2000,-1.0,10,9,3,0,0
8.3000,-1.0,10,3,3,0,0
8.4000,-1.0,20,9,3,0,0
8.5000,-1.0,10,3,3,0,0
8.6000,-1.0,10,9,3,0,0
8.7000,-1.0,10,3,3,0,0
8.8000,-1.0,10,9,3,0,0
8.9000,-1.0,10,3,3,0,0
9.0,-1.0,10,9,3,0,0
9.1000,-1.0,10,3,3,0,0
9.2000,-1.0,20,9,3,0,0
9.3000,-1.0,10,3,3,0,0
9.4000,-1.0,10,9,3,0,0
9.5000,-1.0,10,3,3,0,0
9.6000,-1.0,10,8,3,0,0
9.7000,-1.0,10,2,3,0,0
9.8000,-1.0,10,8,3,0,0
9.9000,-1.0,10,2,3,0,0
10.0,-1.0,20,8,3,0,0
10.1000,-1.0,10,2,3,0,0
10.2000,-1.0,10,8,3,0,0
10.3000,-1.0,10,2,3,0,0
10.4000,-1.0,10,8,3,0,0
10.5000,-1.0,10,2,3,0,0
10.6000,-1.0,10,8,3,0,0
10.7000,-1.0,10,2,3,0,0
10.8000,-1.0,20,8,3,0,0
10.9000,-1.0,10,2,3,0,0
11.0,-1.0,10,8,3,0,0
11.1000,-1.0,10,2,3,0,0
11.2000,-1.0,10,7,3,0,0
11.3000,-1.0,10,1,3,0,0
11.4000,-1.0,10,7,3,0,0
11.5000,-1.0,10,1,3,0,0
11.6000,-1.0,20,7,3,0,0
11.7000,-1.0,10,1,3,0,0
11.8000,-1.0,10,7,3,0,0
11.9000,-1.0,10,1,3,0,0
12.0,-1.0,10,7,3,0,0
12.1000,-1.0,10,1,3,0,0
12.2000,-1.0,20,7,3,0,0
12.3000,-1.0,10,1,3,0,0
12.4000,-1.0,20,8,3,0,0
12.5000,-1.0,10,2,3,0,0
12.6000,-1.0,10,9,3,0,0
12.7000,-1.0,10,3,3,0,0
12.8000,-1.0,10,10,3,0,0
12.9000,-1.0,10,4,3,0,0
13.0,-1.0,10,10,3,0,0
13.1000,-1.0,10,4,3,0,0
13.2000,-1.0,20,10,3,0,0
13.3000,-1.0,10,4,3,0,0
13.4000,-1.0,10,10,3,0,0
13.5000,-1.0,10,4,3,0,0
13.6000,-1.0,10,10,3,0,0
13.7000,-1.0,10,4,3,0,0
13.8000,-1.0,10,10,3,0,0
13.9000,-1.0,10,4,3,0,0
14.0,-1.0,20,10,3,0,0
14.1000,-1.0,10,4,3,0,0
14.2000,-1.0,10,10,3,0,0
14.3000,-1.0,10,4,3,0,0
14.4000,-1.0,10,9,3,0,0
14.5000,-1.0,10,3,3,0,0
14.6000,-1.0,10,9,3,0,0
14.7000,-1.0,10,3,3,0,0
14.8000,-1.0,20,9,3,0,0
14.9000,-1.0,10,3,3,0,0
15.0,-1.0,10,9,3,0,0
15.1000,-1.0,10,3,3,0,0
15.2000,-1.0,10,9,3,0,0
15.3000,-1.0,10,3,3,0,0
15.4000,-1.0,10,9,3,0,0
15.5000,-1.0,10,3,3,0,0
15.6000,-1.0,20,9,3,0,0
15.7000,-1.0,10,3,3,0,0
15.8000,-1.0,10,9,3,0,0
15.9000,-1.0,10,3,3,0,0
16.0,-1.0,10,8,3,0,0
16.1000,-1.0,10,2,3,0,0
16.2000,-1.0,10,8,3,0,0
16.3000,-1.0,10,2,3,0,0
16.4000,-1.0,20,8,3,0,0
16.5000,-1.0,10,2,3,0,0
16.6000,-1.0,10,8,3,0,0
16.7000,-1.0,10,2,3,0,0
16.8000,-1.0,10,8,3,0,0
16.9000,-1.0,10,2,3,0,0
17.0,-1.0,10,8,3,0,0
17.1000,-1.0,10,2,3,0,0
17.2000,-1.0,20,8,3,0,0
17.3000,-1.0,10,2,3,0,0
17.4000,-1.0,10,8,3,0,0
17.5000,-1.0,10,2,3,0,0
17.6000,-1.0,10,7,3,0,0
17.7000,-1.0,10,1,3,0,0
17.8000,-1.0,10,7,3,0,0
17.9000,-1.0,10,1,3,0,0
18.0,-1.0,20,7,3,0,0
18.1000,-1.0,10,1,3,0,0
18.2000,-1.0,10,7,3,0,0
18.3000,-1.0,10,1,3,0,0
18.4000,-1.0,10,7,3,0,0
18.5000,-1.0,10,1,3,0,0
18.6000,-1.0,20,7,3,0,0
18.7000,-1.0,10,1,3,0,0
18.8000,-1.0,20,8,3,0,0
18.9000,-1.0,10,2,3,0,0
19.0,-1.0,10,9,3,0,0
19.1000,-1.0,10,3,3,0,0
19.2000,-1.0,50,1,12,0,0
22.4000,-1.0,10,7,3,0,0
22.5000,-1.0,10,4,3,0,0
22.6000,-1.0,10,7,3,0,0
22.7000,-1.0,10,4,3,0,0
22.8000,-1.0,20,10,3,0,0
22.9000,-1.0,10,4,3,0,0
23.0,-1.0,10,7,3,0,0
23.1000,-1.0,10,4,3,0,0
23.2000,-1.0,10,7,3,0,0
23.3000,-1.0,10,4,3,0,0
23.4000,-1.0,10,7,3,0,0
23.5000,-1.0,10,4,3,0,0
23.6000,-1.0,20,10,3,0,0
23.7000,-1.0,10,4,3,0,0
23.8000,-1.0,10,7,3,0,0
23.9000,-1.0,10,4,3,0,0
24.0,-1.0,10,7,3,0,0
24.1000,-1.0,10,4,3,0,0
24.2000,-1.0,10,7,3,0,0
24.3000,-1.0,10,4,3,0,0
24.4000,-1.0,20,10,3,0,0
24.5000,-1.0,10,4,3,0,0
24.6000,-1.0,10,7,3,0,0
24.7000,-1.0,10,4,3,0,0
24.8000,-1.0,10,7,3,0,0
24.9000,-1.0,10,4,3,0,0
25.0,-1.0,10,7,3,0,0
25.1000,-1.0,10,4,3,0,0
25.2000,-1.0,20,10,3,0,0
25.3000,-1.0,10,4,3,0,0
25.4000,-1.0,10,7,3,0,0
25.5000,-1.0,10,4,3,0,0
25.6000,-1.0,10,7,3,0,0
25.7000,-1.0,10,5,3,0,0
25.8000,-1.0,10,7,3,0,0
25.9000,-1.0,10,5,3,0,0
26.0,-1.0,20,10,3,0,0
26.1000,-1.0,10,5,3,0,0
26.2000,-1.0,10,7,3,0,0
26.3000,-1.0,10,5,3,0,0
26.4000,-1.0,10,7,3,0,0
26.5000,-1.0,10,5,3,0,0
26.6000,-1.0,10,7,3,0,0
26.7000,-1.0,10,5,3,0,0
26.8000,-1.0,20,10,3,0,0
26.9000,-1.0,10,5,3,0,0
27.0,-1.0,10,7,3,0,0
27.1000,-1.0,10,5,3,0,0
27.2000,-1.0,10,7,3,0,0
27.3000,-1.0,10,5,3,0,0
27.4000,-1.0,10,7,3,0,0
27.5000,-1.0,10,5,3,0,0
27.6000,-1.0,20,10,3,0,0
27.7000,-1.0,10,5,3,0,0
27.8000,-1.0,10,7,3,0,0
27.9000,-1.0,10,5,3,0,0
28.0,-1.0,10,7,3,0,0
28.1000,-1.0,10,5,3,0,0
28.2000,-1.0,10,7,3,0,0
28.3000,-1.0,10,5,3,0,0
28.4000,-1.0,20,10,3,0,0
28.5000,-1.0,10,5,3,0,0
28.6000,-1.0,10,7,3,0,0
28.7000,-1.0,10,5,3,0,0
28.8000,-1.0,10,7,3,0,0
28.9000,-1.0,10,6,3,0,0
29.0,-1.0,10,7,3,0,0
29.1000,-1.0,10,6,3,0,0
29.2000,-1.0,20,10,3,0,0
29.3000,-1.0,10,6,3,0,0
29.4000,-1.0,10,7,3,0,0
29.5000,-1.0,10,6,3,0,0
29.6000,-1.0,10,7,3,0,0
29.7000,-1.0,10,6,3,0,0
29.8000,-1.0,10,7,3,0,0
29.9000,-1.0,10,6,3,0,0
30.0,-1.0,20,10,3,0,0
30.1000,-1.0,10,6,3,0,0
30.2000,-1.0,10,7,3,0,0
30.3000,-1.0,10,6,3,0,0
30.4000,-1.0,10,7,3,0,0
30.5000,-1.0,10,6,3,0,0
30.6000,-1.0,10,7,3,0,0
30.7000,-1.0,10,6,3,0,0
30.8000,-1.0,20,10,3,0,0
30.9000,-1.0,10,6,3,0,0
31.0,-1.0,10,7,3,0,0
31.1000,-1.0,10,6,3,0,0
31.2000,-1.0,10,7,3,0,0
31.3000,-1.0,10,6,3,0,0
31.4000,-1.0,10,7,3,0,0
31.5000,-1.0,10,6,3,0,0
31.6000,-1.0,20,10,3,0,0
31.7000,-1.0,10,6,3,0,0
31.8000,-1.0,10,7,3,0,0
31.9000,-1.0,10,6,3,0,0
32.0,-1.0,10,7,3,0,0
32.1000,-1.0,10,7,3,0,0
32.2000,-1.0,10,7,3,0,0
32.3000,-1.0,10,7,3,0,0
32.4000,-1.0,20,10,3,0,0
32.5000,-1.0,10,7,3,0,0
32.6000,-1.0,10,7,3,0,0
32.7000,-1.0,10,7,3,0,0
32.8000,-1.0,10,7,3,0,0
32.9000,-1.0,10,7,3,0,0
33.0,-1.0,10,7,3,0,0
33.1000,-1.0,10,7,3,0,0
33.2000,-1.0,20,10,3,0,0
33.3000,-1.0,10,7,3,0,0
33.4000,-1.0,10,7,3,0,0
33.5000,-1.0,10,7,3,0,0
33.6000,-1.0,10,7,3,0,0
33.7000,-1.0,10,7,3,0,0
33.8000,-1.0,10,7,3,0,0
33.9000,-1.0,10,7,3,0,0
34.0,-1.0,20,10,3,0,0
34.1000,-1.0,10,7,3,0,0
34.2000,-1.0,10,7,3,0,0
34.3000,-1.0,10,7,3,0,0
34.4000,-1.0,10,7,3,0,0
34.5000,-1.0,10,7,3,0,0
34.6000,-1.0,20,10,3,0,0
34.7000,-1.0,10,7,3,0,0
34.8000,-1.0,50,10,3,0,0
35.0,-1.0,10,4,3,0,0
35.1000,-1.0,10,7,3,0,0
35.2000,-1.0,10,4,3,0,0
35.3000,-1.0,10,7,3,0,0
35.4000,-1.0,10,4,3,0,0
35.5000,-1.0,10,7,3,0,0
35.6000,-1.0,20,1,3,0,0
35.7000,-1.0,10,7,3,0,0
35.8000,-1.0,10,4,3,0,0
35.9000,-1.0,10,7,3,0,0
36.0,-1.0,10,4,3,0,0
36.1000,-1.0,10,7,3,0,0
36.2000,-1.0,10,4,3,0,0
36.3000,-1.0,10,7,3,0,0
36.4000,-1.0,20,1,3,0,0
36.5000,-1.0,10,7,3,0,0
36.6000,-1.0,10,4,3,0,0
36.7000,-1.0,10,7,3,0,0
36.8000,-1.0,10,4,3,0,0
36.9000,-1.0,10,7,3,0,0
37.0,-1.0,10,4,3,0,0
37.1000,-1.0,10,7,3,0,0
37.2000,-1.0,20,1,3,0,0
37.3000,-1.0,10,7,3,0,0
37.4000,-1.0,10,4,3,0,0
37.5000,-1.0,10,7,3,0,0
37.6000,-1.0,10,4,3,0,0
37.7000,-1.0,10,7,3,0,0
37.8000,-1.0,10,4,3,0,0
37.9000,-1.0,10,7,3,0,0
38.0,-1.0,20,1,3,0,0
38.1000,-1.0,10,7,3,0,0
38.2000,-1.0,10,4,3,0,0
38.3000,-1.0,10,7,3,0,0
38.4000,-1.0,10,4,3,0,0
38.5000,-1.0,10,6,3,0,0
38.6000,-1.0,10,4,3,0,0
38.7000,-1.0,10,6,3,0,0
38.8000,-1.0,20,1,3,0,0
38.9000,-1.0,10,6,3,0,0
39.0,-1.0,10,4,3,0,0
39.1000,-1.0,10,6,3,0,0
39.2000,-1.0,10,4,3,0,0
39.3000,-1.0,10,6,3,0,0
39.4000,-1.0,10,4,3,0,0
39.5000,-1.0,10,6,3,0,0
39.6000,-1.0,20,1,3,0,0
39.7000,-1.0,10,6,3,0,0
39.8000,-1.0,10,4,3,0,0
39.9000,-1.0,10,6,3,0,0
40.0,-1.0,10,4,3,0,0
40.1000,-1.0,10,6,3,0,0
40.2000,-1.0,10,4,3,0,0
40.3000,-1.0,10,6,3,0,0
40.4000,-1.0,20,1,3,0,0
40.5000,-1.0,10,6,3,0,0
40.6000,-1.0,10,4,3,0,0
40.7000,-1.0,10,6,3,0,0
40.8000,-1.0,10,4,3,0,0
40.9000,-1.0,10,6,3,0,0
41.0,-1.0,10,4,3,0,0
41.1000,-1.0,10,6,3,0,0
41.2000,-1.0,20,1,3,0,0
41.3000,-1.0,10,6,3,0,0
41.4000,-1.0,10,4,3,0,0
41.5000,-1.0,10,6,3,0,0
41.6000,-1.0,10,4,3,0,0
41.7000,-1.0,10,5,3,0,0
41.8000,-1.0,10,4,3,0,0
41.9000,-1.0,10,5,3,0,0
42.0,-1.0,20,1,3,0,0
42.1000,-1.0,10,5,3,0,0
42.2000,-1.0,10,4,3,0,0
42.3000,-1.0,10,5,3,0,0
42.4000,-1.0,10,4,3,0,0
42.5000,-1.0,10,5,3,0,0
42.6000,-1.0,10,4,3,0,0
42.7000,-1.0,10,5,3,0,0
42.8000,-1.0,20,1,3,0,0
42.9000,-1.0,10,5,3,0,0
43.0,-1.0,10,4,3,0,0
43.1000,-1.0,10,5,3,0,0
43.2000,-1.0,10,4,3,0,0
43.3000,-1.0,10,5,3,0,0
43.4000,-1.0,10,4,3,0,0
43.5000,-1.0,10,5,3,0,0
43.6000,-1.0,20,1,3,0,0
43.7000,-1.0,10,5,3,0,0
43.8000,-1.0,10,4,3,0,0
43.9000,-1.0,10,5,3,0,0
44.0,-1.0,10,4,3,0,0
44.1000,-1.0,10,5,3,0,0
44.2000,-1.0,10,4,3,0,0
44.3000,-1.0,10,5,3,0,0
44.4000,-1.0,20,1,3,0,0
44.5000,-1.0,10,5,3,0,0
44.6000,-1.0,10,4,3,0,0
44.7000,-1.0,10,5,3,0,0
44.8000,-1.0,10,4,3,0,0
44.9000,-1.0,10,4,3,0,0
45.0,-1.0,10,4,3,0,0
45.1000,-1.0,10,4,3,0,0
45.2000,-1.0,20,1,3,0,0
45.3000,-1.0,10,4,3,0,0
45.4000,-1.0,10,4,3,0,0
45.5000,-1.0,10,4,3,0,0
45.6000,-1.0,10,4,3,0,0
45.7000,-1.0,10,4,3,0,0
45.8000,-1.0,10,4,3,0,0
45.9000,-1.0,10,4,3,0,0
46.0,-1.0,20,1,3,0,0
46.1000,-1.0,10,4,3,0,0
46.2000,-1.0,10,4,3,0,0
46.3000,-1.0,10,4,3,0,0
46.4000,-1.0,10,4,3,0,0
46.5000,-1.0,10,4,3,0,0
46.6000,-1.0,10,4,3,0,0
46.7000,-1.0,10,4,3,0,0
46.8000,-1.0,20,1,3,0,0
46.9000,-1.0,10,4,3,0,0
47.0,-1.0,10,4,3,0,0
47.1000,-1.0,10,4,3,0,0
47.2000,-1.0,10,4,3,0,0
47.3000,-1.0,10,4,3,0,0
47.4000,-1.0,20,1,3,0,0
47.5000,-1.0,10,4,3,0,0
47.6000,-1.0,50,1,3,0,0
47.8000,-1.0,10,10,3,0,0
47.9000,-1.0,10,4,3,0,0
48.0,-1.0,10,10,3,0,0
48.1000,-1.0,10,4,3,0,0
48.2000,-1.0,10,10,3,0,0
48.3000,-1.0,10,4,3,0,0
48.4000,-1.0,20,9,3,0,0
48.5000,-1.0,10,4,3,0,0
48.6000,-1.0,10,9,3,0,0
48.7000,-1.0,10,4,3,0,0
48.8000,-1.0,10,8,3,0,0
48.9000,-1.0,10,4,3,0,0
49.0,-1.0,10,8,3,0,0
49.1000,-1.0,10,4,3,0,0
49.2000,-1.0,20,7,3,0,0
49.3000,-1.0,10,4,3,0,0
49.4000,-1.0,10,7,3,0,0
49.5000,-1.0,10,4,3,0,0
49.6000,-1.0,10,6,3,0,0
49.7000,-1.0,10,4,3,0,0
49.8000,-1.0,10,6,3,0,0
49.9000,-1.0,10,4,3,0,0
50.0,-1.0,20,5,3,0,0
50.1000,-1.0,10,4,3,0,0
50.2000,-1.0,10,5,3,0,0
50.3000,-1.0,10,4,3,0,0
50.4000,-1.0,10,4,3,0,0
50.5000,-1.0,10,4,3,0,0
50.6000,-1.0,10,4,3,0,0
50.7000,-1.0,10,4,3,0,0
50.8000,-1.0,50,4,3,0,0
51.0,-1.0,10,1,3,0,0
51.1000,-1.0,10,7,3,0,0
51.2000,-1.0,10,1,3,0,0
51.3000,-1.0,10,7,3,0,0
51.4000,-1.0,10,1,3,0,0
51.5000,-1.0,10,7,3,0,0
51.6000,-1.0,20,2,3,0,0
51.7000,-1.0,10,7,3,0,0
51.8000,-1.0,10,2,3,0,0
51.9000,-1.0,10,7,3,0,0
52.0,-1.0,10,3,3,0,0
52.1000,-1.0,10,7,3,0,0
52.2000,-1.0,10,3,3,0,0
52.3000,-1.0,10,7,3,0,0
52.4000,-1.0,20,4,3,0,0
52.5000,-1.0,10,7,3,0,0
52.6000,-1.0,10,4,3,0,0
52.7000,-1.0,10,7,3,0,0
52.8000,-1.0,10,5,3,0,0
52.9000,-1.0,10,7,3,0,0
53.0,-1.0,10,5,3,0,0
53.1000,-1.0,10,7,3,0,0
53.2000,-1.0,20,6,3,0,0
53.3000,-1.0,10,7,3,0,0
53.4000,-1.0,10,6,3,0,0
53.5000,-1.0,10,7,3,0,0
53.6000,-1.0,10,7,3,0,0
53.7000,-1.0,10,7,3,0,0
53.8000,-1.0,10,7,3,0,0
53.9000,-1.0,10,7,3,0,0
54.0,-1.0,50,7,3,0,0
54.2000,-1.0,10,10,3,0,0
54.3000,-1.0,10,7,3,0,0
54.4000,-1.0,10,10,3,0,0
54.5000,-1.0,10,7,3,0,0
54.6000,-1.0,10,7,3,0,0
54.7000,-1.0,10,4,3,0,0
54.8000,-1.0,20,7,3,0,0
54.9000,-1.0,10,7,3,0,0
55.0,-1.0,10,10,3,0,0
55.1000,-1.0,10,7,3,0,0
55.2000,-1.0,10,7,3,0,0
55.3000,-1.0,10,4,3,0,0
55.4000,-1.0,10,4,3,0,0
55.5000,-1.0,10,1,3,0,0
55.6000,-1.0,50,1,3,0,0
55.8000,-1.0,10,1,3,0,0
55.9000,-1.0,10,4,3,0,0
56.0,-1.0,10,1,3,0,0
56.1000,-1.0,10,4,3,0,0
56.2000,-1.0,10,4,3,0,0
56.3000,-1.0,10,7,3,0,0
56.4000,-1.0,20,4,3,0,0
56.5000,-1.0,10,7,3,0,0
56.6000,-1.0,10,7,3,0,0
56.7000,-1.0,10,10,3,0,0
56.8000,-1.0,10,7,3,0,0
56.9000,-1.0,10,7,3,0,0
57.0,-1.0,10,4,3,0,0
57.1000,-1.0,10,4,3,0,0
57.2000,-1.0,50,1,3,0,0
57.4000,-1.0,10,5,4,0,0
57.5000,-1.0,10,5,4,0,0
57.6000,-1.0,10,9,4,0,0
57.7000,-1.0,10,7,6,0,0
57.8000,-1.0,10,9,4,0,0
57.9000,-1.0,10,7,6,0,0
58.0,-1.0,50,9,4,0,0
58.2000,-1.0,10,5,4,0,0
58.3000,-1.0,10,5,4,0,0
58.4000,-1.0,10,1,4,0,0
58.5000,-1.0,10,1,6,0,0
58.6000,-1.0,10,1,4,0,0
58.7000,-1.0,10,1,6,0,0
58.8000,-1.0,20,1,4,0,0
58.9000,-1.0,10,5,4,0,0
59.0,-1.0,10,5,4,0,0
59.2000,-1.0,50,3,4,0,0
59.2000,-1.0,50,7,4,0,0
59.5000,-1.0,50,2,5,0,0
59.5000,-1.0,50,7,5,0,0
59.8000,-1.0,50,1,6,0,0
59.8000,-1.0,50,7,6,0,0
60.8000,-1.0,10,4,6,0,0
60.9000,-1.0,10,1,3,0,0
61.0,-1.0,10,4,6,0,0
61.1000,-1.0,10,4,3,0,0
61.2000,-1.0,20,10,3,0,0
61.3000,-1.0,10,4,6,0,0
61.4000,-1.0,10,7,3,0,0
61.5000,-1.0,10,1,3,0,0
61.6000,-1.0,10,4,6,0,0
61.7000,-1.0,10,1,3,0,0
61.8000,-1.0,10,4,6,0,0
61.9000,-1.0,10,4,3,0,0
62.0,-1.0,20,10,3,0,0
62.1000,-1.0,10,4,6,0,0
62.2000,-1.0,10,7,3,0,0
62.3000,-1.0,10,1,3,0,0
62.4000,-1.0,10,4,6,0,0
62.5000,-1.0,10,1,3,0,0
62.6000,-1.0,10,4,6,0,0
62.7000,-1.0,10,4,4,0,0
62.8000,-1.0,20,10,3,0,0
62.9000,-1.0,10,4,6,0,0
63.0,-1.0,10,6,4,0,0
63.1000,-1.0,10,1,3,0,0
63.2000,-1.0,10,4,6,0,0
63.3000,-1.0,10,1,3,0,0
63.4000,-1.0,10,4,6,0,0
63.5000,-1.0,10,4,4,0,0
63.6000,-1.0,20,10,3,0,0
63.7000,-1.0,10,4,6,0,0
63.8000,-1.0,10,6,4,0,0
63.9000,-1.0,10,1,3,0,0
64.0,-1.0,10,4,6,0,0
64.1000,-1.0,10,1,3,0,0
64.2000,-1.0,10,4,6,0,0
64.3000,-1.0,10,4,5,0,0
64.4000,-1.0,20,10,3,0,0
64.5000,-1.0,10,4,6,0,0
64.6000,-1.0,10,5,5,0,0
64.7000,-1.0,10,1,3,0,0
64.8000,-1.0,10,4,6,0,0
64.9000,-1.0,10,1,3,0,0
65.0,-1.0,10,4,6,0,0
65.1000,-1.0,10,4,5,0,0
65.2000,-1.0,20,10,3,0,0
65.3000,-1.0,10,4,6,0,0
65.4000,-1.0,10,5,5,0,0
65.5000,-1.0,10,1,3,0,0
65.6000,-1.0,10,4,6,0,0
65.7000,-1.0,10,1,3,0,0
65.8000,-1.0,10,4,6,0,0
65.9000,-1.0,10,4,6,0,0
66.0,-1.0,20,10,3,0,0
66.1000,-1.0,10,4,6,0,0
66.2000,-1.0,10,4,6,0,0
66.3000,-1.0,10,1,3,0,0
66.4000,-1.0,10,4,6,0,0
66.5000,-1.0,10,1,3,0,0
66.6000,-1.0,20,4,6,0,0
66.7000,-1.0,10,4,6,0,0
66.8000,-1.0,20,10,3,0,0
66.9000,-1.0,10,4,6,0,0
67.0,-1.0,10,4,6,0,0
67.1000,-1.0,10,1,3,0,0
67.2000,-1.0,10,4,6,0,0
67.3000,-1.0,10,1,3,0,0
67.4000,-1.0,10,4,6,0,0
67.5000,-1.0,10,4,3,0,0
67.6000,-1.0,20,10,3,0,0
67.7000,-1.0,10,4,6,0,0
67.8000,-1.0,10,7,3,0,0
67.9000,-1.0,10,4,3,0,0
68.0,-1.0,10,4,6,0,0
68.1000,-1.0,10,1,3,0,0
68.2000,-1.0,10,4,6,0,0
68.3000,-1.0,10,4,3,0,0
68.4000,-1.0,20,10,3,0,0
68.5000,-1.0,10,4,6,0,0
68.6000,-1.0,10,7,3,0,0
68.7000,-1.0,10,4,3,0,0
68.8000,-1.0,10,4,6,0,0
68.9000,-1.0,10,1,3,0,0
69.0,-1.0,10,4,6,0,0
69.1000,-1.0,10,4,4,0,0
69.2000,-1.0,20,10,3,0,0
69.3000,-1.0,10,4,6,0,0
69.4000,-1.0,10,6,4,0,0
69.5000,-1.0,10,4,4,0,0
69.6000,-1.0,10,4,6,0,0
69.7000,-1.0,10,1,3,0,0
69.8000,-1.0,10,4,6,0,0
69.9000,-1.0,10,4,4,0,0
70.0,-1.0,20,10,3,0,0
70.1000,-1.0,10,4,6,0,0
70.2000,-1.0,10,6,4,0,0
70.3000,-1.0,10,4,4,0,0
70.4000,-1.0,10,4,6,0,0
70.5000,-1.0,10,1,3,0,0
70.6000,-1.0,10,4,6,0,0
70.7000,-1.0,10,4,5,0,0
70.8000,-1.0,20,10,3,0,0
70.9000,-1.0,10,4,6,0,0
71.0,-1.0,10,5,5,0,0
71.1000,-1.0,10,4,5,0,0
71.2000,-1.0,10,4,6,0,0
71.3000,-1.0,10,1,3,0,0
71.4000,-1.0,10,4,6,0,0
71.5000,-1.0,10,4,5,0,0
71.6000,-1.0,20,10,3,0,0
71.7000,-1.0,10,4,6,0,0
71.8000,-1.0,10,5,5,0,0
71.9000,-1.0,10,4,5,0,0
72.0,-1.0,10,4,6,0,0
72.1000,-1.0,10,1,3,0,0
72.2000,-1.0,10,4,6,0,0
72.3000,-1.0,10,4,6,0,0
72.4000,-1.0,20,10,3,0,0
72.5000,-1.0,10,4,6,0,0
72.6000,-1.0,10,4,6,0,0
72.7000,-1.0,10,1,9,0,0
72.8000,-1.0,10,4,6,0,0
72.9000,-1.0,10,4,6,0,0
73.0,-1.0,10,4,9,0,0
73.1000,-1.0,10,1,9,0,0
73.2000,-1.0,20,10,3,0,0
73.3000,-1.0,10,1,9,0,0
73.4000,-1.0,10,4,9,0,0
73.5000,-1.0,10,1,12,0,0
73.6000,-1.0,50,1,12,0,0
78.4000,-1.0,50,3,4,0,0
78.4000,-1.0,50,7,4,0,0
78.7000,-1.0,50,2,5,0,0
78.7000,-1.0,50,7,5,0,0
79.0,-1.0,50,1,6,0,0
79.0,-1.0,50,7,6,0,0
80.0,-1.0,10,10,3,0,0
80.1000,-1.0,10,7,3,0,0
80.2000,-1.0,10,10,3,0,0
80.3000,-1.0,10,7,3,0,0
80.4000,-1.0,20,7,3,0,0
80.5000,-1.0,10,4,3,0,0
80.6000,-1.0,10,7,3,0,0
80.7000,-1.0,10,4,3,0,0
80.8000,-1.0,10,7,3,0,0
80.9000,-1.0,10,4,3,0,0
81.0,-1.0,10,7,3,0,0
81.1000,-1.0,10,4,3,0,0
81.2000,-1.0,20,4,3,0,0
81.3000,-1.0,10,1,3,0,0
81.4000,-1.0,10,4,3,0,0
81.5000,-1.0,10,1,3,0,0
81.6000,-1.0,10,4,3,0,0
81.7000,-1.0,10,1,3,0,0
81.8000,-1.0,10,4,3,0,0
81.9000,-1.0,10,1,3,0,0
82.0,-1.0,20,4,3,0,0
82.1000,-1.0,10,4,3,0,0
82.2000,-1.0,10,7,3,0,0
82.3000,-1.0,10,4,3,0,0
82.4000,-1.0,10,7,3,0,0
82.5000,-1.0,10,4,3,0,0
82.6000,-1.0,10,7,3,0,0
82.7000,-1.0,10,4,3,0,0
82.8000,-1.0,20,7,3,0,0
82.9000,-1.0,10,7,3,0,0
83.0,-1.0,10,10,3,0,0
83.1000,-1.0,10,7,3,0,0
83.2000,-1.0,10,10,3,0,0
83.3000,-1.0,10,7,3,0,0
83.4000,-1.0,10,10,3,0,0
83.5000,-1.0,10,7,3,0,0
83.6000,-1.0,20,7,3,0,0
83.7000,-1.0,10,4,3,0,0
83.8000,-1.0,10,7,3,0,0
83.9000,-1.0,10,4,3,0,0
84.0,-1.0,10,7,3,0,0
84.1000,-1.0,10,4,3,0,0
84.2000,-1.0,10,7,3,0,0
84.3000,-1.0,10,4,3,0,0
84.4000,-1.0,20,4,3,0,0
84.5000,-1.0,10,1,3,0,0
84.6000,-1.0,10,4,3,0,0
84.7000,-1.0,10,1,3,0,0
84.8000,-1.0,10,4,3,0,0
84.9000,-1.0,10,4,3,0,0
85.0,-1.0,10,7,3,0,0
85.1000,-1.0,10,7,3,0,0
85.2000,-1.0,20,10,3,0,0
85.3000,-1.0,10,10,3,0,0
85.4000,-1.0,10,7,3,0,0
85.5000,-1.0,10,7,3,0,0
85.6000,-1.0,10,4,3,0,0
85.7000,-1.0,10,4,3,0,0
85.8000,-1.0,20,1,3,0,0
85.9000,-1.0,10,1,3,0,0
86.0,-1.0,10,4,3,0,0
86.1000,-1.0,10,4,3,0,0
86.2000,-1.0,10,7,3,0,0
86.3000,-1.0,10,7,3,0,0
86.4000,-1.0,10,10,3,0,0
86.5000,-1.0,10,7,3,0,0
86.6000,-1.0,10,7,3,0,0
86.7000,-1.0,10,7,3,0,0
86.8000,-1.0,20,10,3,0,0
86.9000,-1.0,10,7,3,0,0
87.0,-1.0,10,7,3,0,0
87.1000,-1.0,10,4,3,0,0
87.2000,-1.0,10,7,3,0,0
87.3000,-1.0,10,4,3,0,0
87.4000,-1.0,10,4,3,0,0
87.5000,-1.0,10,4,3,0,0
87.6000,-1.0,20,7,3,0,0
87.7000,-1.0,10,4,3,0,0
87.8000,-1.0,10,4,3,0,0
87.9000,-1.0,10,1,3,0,0
88.0,-1.0,10,4,3,0,0
88.1000,-1.0,10,1,3,0,0
88.2000,-1.0,10,1,3,0,0
88.3000,-1.0,10,1,3,0,0
88.4000,-1.0,20,7,3,0,0
88.5000,-1.0,10,4,3,0,0
88.6000,-1.0,10,4,3,0,0
88.7000,-1.0,10,1,3,0,0
88.8000,-1.0,10,7,3,0,0
88.9000,-1.0,10,4,3,0,0
89.0,-1.0,10,4,3,0,0
89.1000,-1.0,10,4,3,0,0
89.2000,-1.0,20,10,3,0,0
89.3000,-1.0,10,7,3,0,0
89.4000,-1.0,10,7,3,0,0
89.5000,-1.0,10,4,3,0,0
89.6000,-1.0,10,10,3,0,0
89.7000,-1.0,10,7,3,0,0
89.8000,-1.0,10,7,3,0,0
89.9000,-1.0,10,7,3,0,0
90.0,-1.0,20,10,3,0,0
90.1000,-1.0,10,7,3,0,0
90.2000,-1.0,10,7,3,0,0
90.3000,-1.0,10,4,3,0,0
90.4000,-1.0,10,7,3,0,0
90.5000,-1.0,10,4,3,0,0
90.6000,-1.0,10,4,3,0,0
90.7000,-1.0,10,4,3,0,0
90.8000,-1.0,20,7,3,0,0
90.9000,-1.0,10,4,3,0,0
91.0,-1.0,10,4,3,0,0
91.1000,-1.0,10,1,3,0,0
91.2000,-1.0,10,7,6,0,0
91.3000,-1.0,10,7,3,0,0
91.4000,-1.0,10,4,6,0,0
91.5000,-1.0,10,4,3,0,0
91.6000,-1.0,20,1,6,0,0
91.7000,-1.0,10,1,3,0,0
91.8000,-1.0,10,4,6,0,0
91.9000,-1.0,10,4,3,0,0
92.0,-1.0,10,7,6,0,0
92.1000,-1.0,10,7,3,0,0
92.2000,-1.0,10,4,6,0,0
92.3000,-1.0,10,4,3,0,0
92.4000,-1.0,20,1,12,0,0
92.5000,-1.0,20,1,12,0,0
92.6000,-1.0,20,1,12,0,0
92.7000,-1.0,20,1,12,0,0
92.8000,-1.0,10,10,3,0,0
92.9000,-1.0,10,4,6,0,0
93.0,-1.0,10,7,3,0,0
93.1000,-1.0,10,4,6,0,0
93.2000,-1.0,20,10,3,0,0
93.3000,-1.0,10,4,3,0,0
93.4000,-1.0,10,4,6,0,0
93.5000,-1.0,10,4,6,0,0
93.6000,-1.0,10,10,3,0,0
93.7000,-1.0,10,4,6,0,0
93.8000,-1.0,10,7,3,0,0
93.9000,-1.0,10,4,6,0,0
94.0,-1.0,20,10,3,0,0
94.1000,-1.0,10,4,6,0,0
94.2000,-1.0,10,4,6,0,0
94.3000,-1.0,10,4,3,0,0
94.4000,-1.0,10,7,3,0,0
94.5000,-1.0,10,1,3,0,0
94.6000,-1.0,10,4,3,0,0
94.7000,-1.0,10,1,6,0,0
94.8000,-1.0,20,7,3,0,0
94.9000,-1.0,10,1,6,0,0
95.0,-1.0,10,1,6,0,0
95.1000,-1.0,10,1,3,0,0
95.2000,-1.0,10,7,3,0,0
95.3000,-1.0,10,1,6,0,0
95.4000,-1.0,10,1,6,0,0
95.5000,-1.0,10,1,3,0,0
95.6000,-1.0,20,7,3,0,0
95.7000,-1.0,10,1,6,0,0
95.8000,-1.0,10,4,3,0,0
95.9000,-1.0,10,1,6,0,0
96.0,-1.0,10,10,3,0,0
96.1000,-1.0,10,4,6,0,0
96.2000,-1.0,10,7,3,0,0
96.3000,-1.0,10,4,6,0,0
96.4000,-1.0,20,10,3,0,0
96.5000,-1.0,10,4,3,0,0
96.6000,-1.0,10,4,6,0,0
96.7000,-1.0,10,4,6,0,0
96.8000,-1.0,10,10,3,0,0
96.9000,-1.0,10,1,9,0,0
97.0,-1.0,10,7,3,0,0
97.1000,-1.0,10,1,12,0,0
97.2000,-1.0,20,10,3,0,0
97.3000,-1.0,10,1,9,0,0
97.4000,-1.0,10,4,9,0,0
97.5000,-1.0,10,4,6,0,0
97.6000,-1.0,10,1,12,0,0
97.7000,-1.0,10,1,12,0,0
97.8000,-1.0,10,8,3,0,0
97.9000,-1.0,10,5,3,0,0
98.0,-1.0,20,1,12,0,0
98.1000,-1.0,10,1,12,0,0
98.2000,-1.0,10,7,3,0,0
98.3000,-1.0,10,4,3,0,0
98.4000,-1.0,10,1,12,0,0
98.5000,-1.0,10,1,12,0,0
98.6000,-1.0,10,6,3,0,0
98.7000,-1.0,10,3,3,0,0
98.8000,-1.0,20,1,12,0,0
98.9000,-1.0,10,1,12,0,0
99.0,-1.0,10,5,3,0,0
99.1000,-1.0,10,2,3,0,0
99.2000,-1.0,10,7,3,0,0
99.3000,-1.0,10,1,3,0,0
99.4000,-1.0,10,1,6,0,0
99.5000,-1.0,10,1,6,0,0
99.6000,-1.0,20,7,3,0,0
99.7000,-1.0,10,1,6,0,0
99.8000,-1.0,10,4,3,0,0
99.9000,-1.0,10,1,6,0,0
100.0,-1.0,10,7,3,0,0
100.1000,-1.0,10,1,3,0,0
100.2000,-1.0,10,1,6,0,0
100.3000,-1.0,10,1,6,0,0
100.4000,-1.0,20,7,3,0,0
100.5000,-1.0,10,1,6,0,0
100.6000,-1.0,10,4,3,0,0
100.7000,-1.0,10,1,6,0,0
100.8000,-1.0,10,10,3,0,0
100.9000,-1.0,10,4,6,0,0
101.0,-1.0,10,7,3,0,0
101.1000,-1.0,10,4,3,0,0
101.2000,-1.0,20,10,3,0,0
101.3000,-1.0,10,4,3,0,0
101.4000,-1.0,10,4,6,0,0
101.5000,-1.0,10,4,6,0,0
101.6000,-1.0,10,10,3,0,0
101.7000,-1.0,10,4,6,0,0
101.8000,-1.0,10,4,6,0,0
101.9000,-1.0,10,4,3,0,0
102.0,-1.0,20,10,3,0,0
102.1000,-1.0,10,4,6,0,0
102.2000,-1.0,10,7,3,0,0
102.3000,-1.0,10,4,6,0,0
102.4000,-1.0,10,7,3,0,0
102.5000,-1.0,10,1,6,0,0
102.6000,-1.0,10,4,3,0,0
102.7000,-1.0,10,1,6,0,0
102.8000,-1.0,20,7,3,0,0
102.9000,-1.0,10,1,3,0,0
103.0,-1.0,10,1,9,0,0
103.1000,-1.0,10,1,9,0,0
103.2000,-1.0,10,7,3,0,0
103.3000,-1.0,10,1,3,0,0
103.4000,-1.0,10,1,6,0,0
103.5000,-1.0,10,1,12,0,0
103.6000,-1.0,20,7,3,0,0
103.7000,-1.0,10,1,9,0,0
103.8000,-1.0,10,4,9,0,0
103.9000,-1.0,10,1,3,0,0
104.0,-1.0,10,1,12,0,0
104.1000,-1.0,10,1,12,0,0
104.2000,-1.0,10,5,3,0,0
104.3000,-1.0,10,2,3,0,0
104.4000,-1.0,20,1,12,0,0
104.5000,-1.0,10,1,12,0,0
104.6000,-1.0,10,6,3,0,0
104.7000,-1.0,10,3,3,0,0
104.8000,-1.0,10,1,12,0,0
104.9000,-1.0,10,1,12,0,0
105.0,-1.0,10,7,3,0,0
105.1000,-1.0,10,4,3,0,0
105.2000,-1.0,20,1,12,0,0
105.3000,-1.0,10,1,12,0,0
105.4000,-1.0,10,8,3,0,0
105.5000,-1.0,10,5,3,0,0
105.6000,-1.0,50,1,12,0,0
105.8000,-1.0,10,7,3,0,0
105.9000,-1.0,10,1,3,0,0
106.0,-1.0,20,10,3,0,0
106.1000,-1.0,10,4,3,0,0
106.2000,-1.0,10,10,3,0,0
106.3000,-1.0,10,4,3,0,0
106.4000,-1.0,10,7,3,0,0
106.5000,-1.0,10,1,3,0,0
106.6000,-1.0,10,7,3,0,0
106.7000,-1.0,10,1,3,0,0
106.8000,-1.0,20,10,3,0,0
106.9000,-1.0,10,4,3,0,0
107.0,-1.0,10,10,3,0,0
107.1000,-1.0,10,4,3,0,0
107.2000,-1.0,10,7,3,0,0
107.3000,-1.0,10,1,3,0,0
107.4000,-1.0,10,7,3,0,0
107.5000,-1.0,10,3,3,0,0
107.6000,-1.0,20,7,3,0,0
107.7000,-1.0,10,5,3,0,0
107.8000,-1.0,10,7,3,0,0
107.9000,-1.0,10,7,3,0,0
108.0,-1.0,10,7,3,0,0
108.1000,-1.0,10,1,3,0,0
108.2000,-1.0,10,7,3,0,0
108.3000,-1.0,10,3,3,0,0
108.4000,-1.0,20,7,3,0,0
108.5000,-1.0,10,5,3,0,0
108.6000,-1.0,10,7,3,0,0
108.7000,-1.0,10,7,3,0,0
108.8000,-1.0,10,10,3,0,0
108.9000,-1.0,10,4,3,0,0
109.0,-1.0,10,10,3,0,0
109.1000,-1.0,10,4,3,0,0
109.2000,-1.0,20,7,3,0,0
109.3000,-1.0,10,1,3,0,0
109.4000,-1.0,10,7,3,0,0
109.5000,-1.0,10,1,3,0,0
109.6000,-1.0,10,10,3,0,0
109.7000,-1.0,10,4,3,0,0
109.8000,-1.0,10,10,3,0,0
109.9000,-1.0,10,4,3,0,0
110.0,-1.0,20,7,3,0,0
110.1000,-1.0,10,1,3,0,0
110.2000,-1.0,10,7,3,0,0
110.3000,-1.0,10,1,3,0,0
110.4000,-1.0,20,10,3,0,0
110.5000,-1.0,10,7,6,0,0
110.6000,-1.0,10,7,6,0,0
110.7000,-1.0,10,7,6,0,0
110.8000,-1.0,20,7,3,0,0
110.9000,-1.0,10,4,6,0,0
111.0,-1.0,10,4,6,0,0
111.1000,-1.0,10,4,6,0,0
111.2000,-1.0,20,4,3,0,0
111.3000,-1.0,10,1,6,0,0
111.4000,-1.0,10,1,6,0,0
111.5000,-1.0,10,1,6,0,0
111.6000,-1.0,20,10,3,0,0
111.7000,-1.0,10,4,6,0,0
111.8000,-1.0,10,4,6,0,0
111.9000,-1.0,10,1,3,0,0
112.0,-1.0,10,7,6,0,0
112.1000,-1.0,10,4,3,0,0
112.2000,-1.0,10,7,3,0,0
112.3000,-1.0,10,4,3,0,0
112.4000,-1.0,20,1,12,0,0
112.5000,-1.0,10,1,3,0,0
112.6000,-1.0,10,7,3,0,0
112.7000,-1.0,10,4,3,0,0
112.8000,-1.0,10,7,6,0,0
112.9000,-1.0,10,4,3,0,0
113.0,-1.0,10,7,3,0,0
113.1000,-1.0,10,4,3,0,0
113.2000,-1.0,20,1,12,0,0
113.3000,-1.0,10,1,3,0,0
113.4000,-1.0,10,7,3,0,0
113.5000,-1.0,10,4,3,0,0
113.6000,-1.0,10,7,6,0,0
113.7000,-1.0,10,4,3,0,0
113.8000,-1.0,10,7,3,0,0
113.9000,-1.0,10,4,6,0,0
114.0,-1.0,20,1,12,0,0
114.1000,-1.0,10,1,3,0,0
114.2000,-1.0,10,4,6,0,0
114.3000,-1.0,10,4,3,0,0
114.4000,-1.0,10,7,6,0,0
114.5000,-1.0,10,4,3,0,0
114.6000,-1.0,10,7,3,0,0
114.7000,-1.0,10,4,6,0,0
114.8000,-1.0,20,1,12,0,0
114.9000,-1.0,10,1,3,0,0
115.0,-1.0,10,4,6,0,0
115.1000,-1.0,10,4,3,0,0
115.2000,-1.0,10,7,6,0,0
115.3000,-1.0,10,4,6,0,0
115.4000,-1.0,10,4,9,0,0
115.5000,-1.0,10,4,3,0,0
115.6000,-1.0,20,1,12,0,0
115.7000,-1.0,10,1,3,0,0
115.8000,-1.0,10,1,9,0,0
115.9000,-1.0,10,4,6,0,0
116.0,-1.0,10,7,6,0,0
116.1000,-1.0,10,4,6,0,0
116.2000,-1.0,10,4,9,0,0
116.3000,-1.0,10,4,3,0,0
116.4000,-1.0,20,1,12,0,0
116.5000,-1.0,10,1,3,0,0
116.6000,-1.0,10,1,9,0,0
116.7000,-1.0,10,4,6,0,0
116.8000,-1.0,10,1,12,0,0
116.9000,-1.0,10,2,2,0,0
117.0,-1.0,10,1,12,0,0
117.1000,-1.0,10,1,12,0,0
117.2000,-1.0,20,10,2,0,0
117.3000,-1.0,10,1,12,0,0
117.4000,-1.0,10,1,12,0,0
117.5000,-1.0,10,4,2,0,0
117.6000,-1.0,10,1,12,0,0
117.7000,-1.0,10,1,12,0,0
117.8000,-1.0,10,8,2,0,0
117.9000,-1.0,10,1,12,0,0
118.0,-1.0,10,1,12,0,0
118.1000,-1.0,10,6,2,0,0
118.2000,-1.0,10,1,12,0,0
118.3000,-1.0,10,1,12,0,0
118.4000,-1.0,50,1,12,0,0
121.0,-1.0,50,2,4,0,0
121.0,-1.0,50,8,4,0,0
121.2000,-1.0,50,1,6,0,0
121.2000,-1.0,50,7,6,0,0