0.0,-1.0,80,4,2,0,0
0.0,0.2143,100,4,2,0,0
14.9018,14.9018,0,0,0,11,4040
0.1071,-1.0,900,4,2,0,0
14.9286,27.4286,0,0,0,15,6
0.2143,-1.0,10,1,2,0,0
56.9286,56.9286,0,0,0,11,4040
0.2143,-1.0,10,7,2,0,0
58.6429,58.6429,0,0,0,11,4040
0.4286,-1.0,50,8,2,0,0
60.3571,60.3571,0,0,0,11,4040
0.4286,-1.0,50,11,2,0,0
62.0714,62.0714,0,0,0,11,4040
0.6429,-1.0,10,5,2,0,0
63.7857,63.7857,0,0,0,11,4040
0.6429,-1.0,10,11,2,0,0
65.5000,65.5000,0,0,0,11,4040
0.8571,-1.0,50,1,2,0,0
104.0446,104.0446,0,0,0,11,4040
0.8571,-1.0,50,4,2,0,0
104.0714,114.1071,0,0,0,15,6
1.0714,-1.0,10,1,2,0,0
117.5714,117.5714,0,0,0,11,4040
1.0714,-1.0,10,7,2,0,0
1.2857,-1.0,50,8,2,0,0
1.2857,-1.0,50,11,2,0,0
1.4286,-1.0,10,3,2,0,0
1.4286,-1.0,10,6,2,0,0
1.6429,-1.0,10,6,2,0,0
1.6429,-1.0,10,9,2,0,0
1.7143,-1.0,50,1,2,0,0
1.7143,-1.0,50,4,2,0,0
1.9286,-1.0,10,1,2,0,0
1.9286,-1.0,10,6,2,0,0
2.1429,-1.0,50,8,2,0,0
2.1429,-1.0,50,11,2,0,0
2.3571,-1.0,10,6,2,0,0
2.3571,-1.0,10,11,2,0,0
2.5714,-1.0,50,1,2,0,0
2.5714,-1.0,50,4,2,0,0
2.7857,-1.0,10,1,2,0,0
2.7857,-1.0,10,6,2,0,0
3.0,-1.0,50,8,2,0,0
3.0,-1.0,50,11,2,0,0
3.1429,-1.0,10,4,2,0,0
3.1429,-1.0,10,7,2,0,0
3.3571,-1.0,10,6,2,0,0
3.3571,-1.0,10,9,2,0,0
3.4286,-1.0,50,1,2,0,0
3.4286,-1.0,50,4,2,0,0
3.6429,-1.0,10,1,2,0,0
3.6429,-1.0,10,7,2,0,0
3.8571,-1.0,50,8,2,0,0
3.8571,-1.0,50,11,2,0,0
4.0714,-1.0,10,5,2,0,0
4.0714,-1.0,10,11,2,0,0
4.2857,-1.0,50,1,2,0,0
4.2857,-1.0,50,4,2,0,0
4.5000,-1.0,10,1,2,0,0
4.5000,-1.0,10,7,2,0,0
4.7143,-1.0,50,8,2,0,0
4.7143,-1.0,50,11,2,0,0
4.8571,-1.0,10,5,2,0,0
4.8571,-1.0,10,8,2,0,0
5.0714,-1.0,10,5,2,0,0
5.0714,-1.0,10,8,2,0,0
5.1429,-1.0,50,1,2,0,0
5.1429,-1.0,50,4,2,0,0
5.3571,-1.0,10,1,2,0,0
5.3571,-1.0,10,6,2,0,0
5.5714,-1.0,50,8,2,0,0
5.5714,-1.0,50,11,2,0,0
5.7857,-1.0,10,6,2,0,0
5.7857,-1.0,10,11,2,0,0
6.0,-1.0,50,1,2,0,0
6.0,-1.0,50,4,2,0,0
6.2143,-1.0,10,1,2,0,0
6.2143,-1.0,10,6,2,0,0
6.4286,-1.0,50,8,2,0,0
6.4286,-1.0,50,11,2,0,0
6.5714,-1.0,10,4,2,0,0
6.5714,-1.0,10,7,2,0,0
6.7857,-1.0,10,6,2,0,0
6.7857,-1.0,10,9,2,0,0
6.8571,-1.0,50,1,2,0,0
6.8571,-1.0,50,4,2,0,0
7.0714,-1.0,10,1,2,0,0
7.0714,-1.0,82,6,2,0,0
7.0714,10.5000,110,6,2,JumpScratch,3
7.0714,-1.0,10,9,2,0,0
7.1786,-1.0,900,6,2,0,0
7.2857,-1.0,50,1,3,0,0
7.2857,-1.0,900,6,2,0,0
7.2857,-1.0,31,6,2,0,0
7.2857,-1.0,10,8,2,0,0
7.3929,-1.0,900,6,2,0,0
7.5000,-1.0,10,4,2,0,0
7.5000,-1.0,900,6,2,0,0
7.6071,-1.0,900,6,2,0,0
7.7143,-1.0,50,3,3,0,0
7.7143,-1.0,900,6,2,0,0
7.7143,-1.0,31,6,2,0,0
7.7143,-1.0,10,10,2,0,0
7.8214,-1.0,900,6,2,0,0
7.9286,-1.0,10,3,2,0,0
7.9286,-1.0,900,6,2,0,0
7.9286,-1.0,10,9,2,0,0
8.0357,-1.0,900,6,2,0,0
8.1429,-1.0,50,2,3,0,0
8.1429,-1.0,900,6,2,0,0
8.1429,-1.0,31,6,2,0,0
8.1429,-1.0,10,9,2,0,0
8.2500,-1.0,900,6,2,0,0
8.2857,-1.0,10,8,2,0,0
8.3571,-1.0,900,6,2,0,0
8.4643,-1.0,900,6,2,0,0
8.5000,-1.0,10,8,2,0,0
8.5714,-1.0,50,2,3,0,0
8.5714,-1.0,900,6,2,0,0
8.5714,-1.0,31,6,2,0,0
8.6786,-1.0,900,6,2,0,0
8.7857,-1.0,10,1,2,0,0
8.7857,-1.0,900,6,2,0,0
8.7857,-1.0,10,9,2,0,0
8.8929,-1.0,900,6,2,0,0
9.0,-1.0,50,1,3,0,0
9.0,-1.0,900,6,2,0,0
9.0,-1.0,31,6,2,0,0
9.0,-1.0,10,8,2,0,0
9.1071,-1.0,900,6,2,0,0
9.2143,-1.0,10,4,2,0,0
9.2143,-1.0,900,6,2,0,0
9.3214,-1.0,900,6,2,0,0
9.4286,-1.0,50,3,3,0,0
9.4286,-1.0,900,6,2,0,0
9.4286,-1.0,31,6,2,0,0
9.4286,-1.0,10,10,2,0,0
9.5357,-1.0,900,6,2,0,0
9.6429,-1.0,10,3,2,0,0
9.6429,-1.0,900,6,2,0,0
9.6429,-1.0,10,9,2,0,0
9.7500,-1.0,900,6,2,0,0
9.8571,-1.0,50,2,3,0,0
9.8571,-1.0,900,6,2,0,0
9.8571,-1.0,31,6,2,0,0
9.8571,-1.0,10,9,2,0,0
9.9643,-1.0,900,6,2,0,0
10.0,-1.0,10,8,2,0,0
10.0714,-1.0,900,6,2,0,0
10.1786,-1.0,900,6,2,0,0
10.2143,-1.0,10,8,2,0,0
10.2857,-1.0,50,2,3,0,0
10.2857,-1.0,900,6,2,0,0
10.2857,-1.0,31,6,2,0,0
10.3929,-1.0,900,6,2,0,0
10.5000,-1.0,10,1,2,0,0
10.5000,11.3571,110,6,3,JumpScratch,-4
10.6071,-1.0,900,6,3,0,0
10.7143,-1.0,50,1,3,0,0
10.7143,-1.0,900,6,3,0,0
10.7143,-1.0,31,6,3,0,0
10.7143,-1.0,10,9,2,0,0
10.8214,-1.0,900,6,3,0,0
10.9286,-1.0,10,4,2,0,0
10.9286,-1.0,900,6,3,0,0
10.9286,-1.0,10,10,2,0,0
11.0357,-1.0,900,6,3,0,0
11.1429,-1.0,50,3,3,0,0
11.1429,-1.0,900,6,3,0,0
11.1429,-1.0,31,6,3,0,0
11.1429,-1.0,10,11,2,0,0
11.2500,-1.0,900,6,3,0,0
11.3571,-1.0,10,1,2,0,0
11.3571,12.2143,110,5,4,0,0
11.4643,-1.0,900,5,4,0,0
11.5714,-1.0,50,1,3,0,0
11.5714,-1.0,900,5,4,0,0
11.5714,-1.0,31,5,4,0,0
11.5714,-1.0,10,9,2,0,0
11.6786,-1.0,900,5,4,0,0
11.7857,-1.0,10,3,2,0,0
11.7857,-1.0,900,5,4,0,0
11.7857,-1.0,10,10,2,0,0
11.8929,-1.0,900,5,4,0,0
12.0,-1.0,50,2,3,0,0
12.0,-1.0,900,5,4,0,0
12.0,-1.0,31,5,4,0,0
12.0,-1.0,10,11,2,0,0
12.1071,-1.0,900,5,4,0,0
12.4286,-1.0,50,1,4,0,0
12.4286,-1.0,50,5,4,0,0
12.6429,-1.0,50,5,4,0,0
12.6429,-1.0,50,9,4,0,0
12.8571,-1.0,50,1,4,0,0
12.8571,-1.0,50,5,4,0,0
12.8571,-1.0,50,9,4,0,0
13.0714,-1.0,50,1,3,0,0
13.0714,-1.0,50,4,3,0,0
13.0714,-1.0,50,7,3,0,0
13.0714,-1.0,50,10,3,0,0
13.5000,-1.0,83,7,2,0,0
13.5000,13.5357,110,7,2,JumpScratch,-3
13.5357,13.5714,110,6,2,JumpScratch,-3
13.5714,13.6071,110,5,2,JumpScratch,-3
13.6071,13.6429,110,4,2,JumpScratch,-3
13.6429,13.6786,110,3,2,JumpScratch,-3
13.6786,13.7143,110,2,2,JumpScratch,-3
13.7143,-1.0,83,9,2,0,0
13.7143,13.7500,110,9,2,JumpScratch,-3
13.7500,13.7857,110,8,2,JumpScratch,-3
13.7857,13.8214,110,7,2,JumpScratch,-3
13.8214,13.8571,110,6,2,JumpScratch,-3
13.8571,13.8929,110,5,2,JumpScratch,-3
13.8929,13.9286,110,4,2,JumpScratch,-3
13.9286,-1.0,50,10,3,0,0
14.1429,-1.0,10,10,3,0,0
14.2857,-1.0,10,1,3,0,0
14.3214,-1.0,10,4,2,0,0
14.3571,-1.0,80,6,2,0,0
14.3571,14.5714,100,6,2,0,0
14.3571,-1.0,10,10,3,0,0
14.4643,-1.0,900,6,2,0,0
14.5714,-1.0,10,4,2,0,0
14.7143,-1.0,10,1,3,0,0
14.7857,-1.0,10,4,2,0,0
14.7857,-1.0,10,6,2,0,0
15.0,-1.0,10,8,2,0,0
15.0,-1.0,10,10,3,0,0
15.1429,-1.0,10,1,3,0,0
15.1429,-1.0,10,6,2,0,0
15.3571,-1.0,10,6,2,0,0
15.4286,-1.0,82,4,2,0,0
15.4286,15.8571,110,4,2,0,0
15.4286,-1.0,10,10,3,0,0
15.5357,-1.0,900,4,2,0,0
15.5714,-1.0,10,8,2,0,0
15.6429,-1.0,10,1,3,0,0
15.6429,-1.0,900,4,2,0,0
15.6429,-1.0,10,6,2,0,0
15.7500,-1.0,900,4,2,0,0
15.8571,-1.0,10,8,2,0,0
15.8571,-1.0,10,10,3,0,0
16.0714,-1.0,50,1,3,0,0
16.0714,-1.0,10,6,2,0,0
16.0714,-1.0,10,8,2,0,0
16.2857,-1.0,50,4,2,0,0
16.2857,-1.0,10,8,2,0,0
16.2857,-1.0,10,10,3,0,0
16.5000,-1.0,50,10,3,0,0
16.6429,-1.0,10,1,3,0,0
16.7143,-1.0,50,10,3,0,0
16.8571,-1.0,10,4,2,0,0
16.9286,-1.0,50,8,2,0,0
17.0714,-1.0,10,1,3,0,0
17.1429,-1.0,50,6,2,0,0
17.2857,-1.0,10,10,3,0,0
17.3571,-1.0,50,1,3,0,0
17.3571,-1.0,50,6,2,0,0
17.5714,-1.0,10,1,3,0,0
17.7143,-1.0,10,10,3,0,0
17.7500,-1.0,10,6,2,0,0
17.7857,-1.0,10,1,3,0,0
17.7857,-1.0,80,4,2,0,0
17.7857,18.0,100,4,2,0,0
17.8929,-1.0,900,4,2,0,0
18.0,-1.0,10,6,2,0,0
18.1429,-1.0,10,4,2,0,0
18.2143,-1.0,10,8,2,0,0
18.2143,-1.0,10,10,3,0,0
18.4286,-1.0,10,1,3,0,0
18.4286,-1.0,10,4,2,0,0
18.5714,-1.0,10,6,2,0,0
18.5714,-1.0,10,10,3,0,0
18.7857,-1.0,10,8,2,0,0
18.8571,-1.0,10,1,3,0,0
18.8571,-1.0,82,6,2,0,0
18.8571,19.2857,110,6,2,0,0
18.9643,-1.0,900,6,2,0,0
19.0,-1.0,10,10,3,0,0
19.0714,-1.0,10,4,2,0,0
19.0714,-1.0,900,6,2,0,0
19.0714,-1.0,10,8,2,0,0
19.1786,-1.0,900,6,2,0,0
19.2857,-1.0,10,1,3,0,0
19.2857,-1.0,10,4,2,0,0
19.5000,-1.0,10,4,2,0,0
19.5000,-1.0,50,8,2,0,0
19.7143,-1.0,10,1,3,0,0
19.7143,-1.0,10,4,2,0,0
19.7143,-1.0,50,10,3,0,0
19.9286,-1.0,50,1,3,0,0
19.9286,-1.0,50,4,2,0,0
20.0714,-1.0,10,10,3,0,0
20.1429,-1.0,50,6,2,0,0
20.2857,-1.0,10,8,2,0,0
20.3571,-1.0,50,1,3,0,0
20.3571,-1.0,50,4,2,0,0
20.5000,-1.0,10,1,3,0,0
20.5714,-1.0,50,8,2,0,0
20.5714,-1.0,50,10,3,0,0
20.7143,-1.0,10,8,2,0,0
20.7857,-1.0,50,1,3,0,0
20.7857,-1.0,50,4,2,0,0
21.0,-1.0,10,10,3,0,0
21.1429,-1.0,10,1,3,0,0
21.1786,-1.0,10,4,2,0,0
21.2143,-1.0,80,6,2,0,0
21.2143,21.4286,100,6,2,0,0
21.2143,-1.0,10,10,3,0,0
21.3214,-1.0,900,6,2,0,0
21.4286,-1.0,10,1,3,0,0
21.4286,-1.0,10,10,3,0,0
21.5714,-1.0,10,6,2,0,0
21.6429,-1.0,10,1,3,0,0
21.6429,-1.0,10,4,2,0,0
21.8571,-1.0,10,6,2,0,0
21.8571,-1.0,10,10,3,0,0
22.0,-1.0,10,1,3,0,0
22.0,-1.0,10,6,2,0,0
22.2143,-1.0,10,6,2,0,0
22.2857,-1.0,82,4,2,0,0
22.2857,22.7143,110,4,2,0,0
22.2857,-1.0,10,10,3,0,0
22.3929,-1.0,900,4,2,0,0
22.4286,-1.0,10,8,2,0,0
22.5000,-1.0,10,1,3,0,0
22.5000,-1.0,900,4,2,0,0
22.5000,-1.0,10,6,2,0,0
22.6071,-1.0,900,4,2,0,0
22.7143,-1.0,10,8,2,0,0
22.7143,-1.0,10,10,3,0,0
22.9286,-1.0,50,1,3,0,0
22.9286,-1.0,10,6,2,0,0
22.9286,-1.0,10,8,2,0,0
23.1429,-1.0,50,4,2,0,0
23.1429,-1.0,10,8,2,0,0
23.1429,-1.0,10,10,3,0,0
23.3571,-1.0,50,6,2,0,0
23.3571,-1.0,50,10,3,0,0
23.5000,-1.0,50,4,2,0,0
23.5714,-1.0,50,8,2,0,0
23.5714,-1.0,50,10,3,0,0
23.7143,-1.0,50,1,3,0,0
23.7857,-1.0,50,6,2,0,0
23.7857,-1.0,50,10,3,0,0
23.9286,-1.0,50,4,2,0,0
24.0,-1.0,50,8,2,0,0
24.0,-1.0,50,10,3,0,0
24.1429,-1.0,50,1,3,0,0
24.2143,-1.0,50,6,2,0,0
24.2143,-1.0,50,10,3,0,0
24.4286,-1.0,10,1,3,0,0
24.5714,-1.0,10,10,3,0,0
24.6071,-1.0,10,6,2,0,0
24.6429,-1.0,10,1,3,0,0
24.6429,-1.0,80,4,2,0,0
24.6429,24.8571,100,4,2,0,0
24.7500,-1.0,900,4,2,0,0
24.8571,-1.0,10,1,3,0,0
24.8571,-1.0,10,10,3,0,0
25.0,-1.0,10,8,2,0,0
25.0714,-1.0,10,1,3,0,0
25.0714,-1.0,10,4,2,0,0
25.2143,-1.0,10,10,3,0,0
25.2857,-1.0,10,1,3,0,0
25.2857,-1.0,10,6,2,0,0
25.4286,-1.0,10,8,2,0,0
25.5000,-1.0,10,1,3,0,0
25.5000,-1.0,10,4,2,0,0
25.6429,-1.0,10,10,3,0,0
25.7143,-1.0,10,1,3,0,0
25.7143,-1.0,10,6,2,0,0
25.8571,-1.0,10,6,2,0,0
25.9286,-1.0,50,1,3,0,0
25.9286,-1.0,50,4,2,0,0
26.1429,-1.0,20,4,2,0,0
26.1429,-1.0,50,8,2,0,0
26.1429,-1.0,50,10,3,0,0
26.3571,-1.0,50,4,2,0,0
26.3571,-1.0,50,6,2,0,0
26.3571,-1.0,20,10,3,0,0
26.5714,-1.0,20,1,3,0,0
26.5714,-1.0,50,6,2,0,0
26.5714,-1.0,50,8,2,0,0
26.7857,-1.0,50,1,3,0,0
26.7857,-1.0,50,6,2,0,0
26.7857,-1.0,50,10,3,0,0
27.0,-1.0,10,4,2,0,0
27.0,-1.0,10,10,3,0,0
27.0714,-1.0,10,8,2,0,0
27.1429,-1.0,10,6,2,0,0
27.2143,-1.0,10,1,3,0,0
27.2143,-1.0,10,8,2,0,0
27.2857,-1.0,10,6,2,0,0
27.3571,-1.0,10,4,2,0,0
27.4286,-1.0,10,1,3,0,0
27.6429,-1.0,10,8,2,0,0
27.8571,-1.0,10,4,2,0,0
27.8571,-1.0,10,6,2,0,0
27.8571,-1.0,10,10,3,0,0
28.0714,-1.0,10,4,2,0,0
28.0714,-1.0,10,8,2,0,0
28.2857,-1.0,10,1,3,0,0
28.2857,-1.0,10,6,2,0,0
28.2857,-1.0,10,8,2,0,0
28.5000,-1.0,80,11,2,0,0
28.5000,28.8571,100,11,2,0,0
28.6071,-1.0,900,11,2,0,0
28.7143,-1.0,10,1,3,0,0
28.7143,-1.0,900,11,2,0,0
28.8214,-1.0,900,11,2,0,0
28.8571,-1.0,80,7,2,0,0
28.8571,29.1429,100,7,2,0,0
28.9643,-1.0,900,7,2,0,0
29.0714,-1.0,10,1,3,0,0
29.0714,-1.0,900,7,2,0,0
29.1429,-1.0,80,3,2,0,0
29.1429,29.5714,100,3,2,0,0
29.1429,-1.0,10,10,3,0,0
29.2500,-1.0,900,3,2,0,0
29.3571,-1.0,900,3,2,0,0
29.3571,-1.0,10,8,2,0,0
29.4643,-1.0,900,3,2,0,0
29.5714,-1.0,10,7,2,0,0
29.5714,-1.0,10,10,3,0,0
29.7857,-1.0,10,3,2,0,0
29.7857,-1.0,10,6,2,0,0
29.7857,-1.0,10,9,2,0,0
30.0,-1.0,10,1,3,0,0
30.0,-1.0,10,5,2,0,0
30.0,-1.0,10,8,2,0,0
30.2143,-1.0,10,3,2,0,0
30.2143,-1.0,10,7,2,0,0
30.4286,-1.0,10,1,3,0,0
30.4286,-1.0,10,7,2,0,0
30.6429,-1.0,10,4,2,0,0
30.6429,-1.0,10,8,2,0,0
30.7857,-1.0,10,1,3,0,0
30.7857,-1.0,10,7,2,0,0
30.8571,-1.0,10,10,3,0,0
31.0,-1.0,80,5,2,0,0
31.0,31.2857,100,5,2,0,0
31.0714,-1.0,10,8,2,0,0
31.1071,-1.0,900,5,2,0,0
31.2143,-1.0,900,5,2,0,0
31.2857,-1.0,10,10,3,0,0
31.5000,-1.0,10,6,2,0,0
31.5000,-1.0,10,9,2,0,0
31.6429,-1.0,10,5,2,0,0
31.7143,-1.0,10,1,3,0,0
31.8571,-1.0,80,11,2,0,0
31.8571,32.3571,100,11,2,0,0
31.9286,-1.0,10,4,2,0,0
31.9643,-1.0,900,11,2,0,0
32.0714,-1.0,900,11,2,0,0
32.1429,-1.0,10,1,3,0,0
32.1786,-1.0,900,11,2,0,0
32.2857,-1.0,900,11,2,0,0
32.3571,-1.0,80,7,2,0,0
32.3571,32.7857,100,7,2,0,0
32.4643,-1.0,900,7,2,0,0
32.5000,-1.0,10,1,3,0,0
32.5714,-1.0,900,7,2,0,0
32.5714,-1.0,10,10,3,0,0
32.6786,-1.0,900,7,2,0,0
32.7857,-1.0,80,3,2,0,0
32.7857,33.0,100,3,2,0,0
32.8929,-1.0,900,3,2,0,0
33.0,-1.0,10,7,2,0,0
33.0,-1.0,10,10,3,0,0
33.1429,-1.0,82,8,2,0,0
33.1429,34.5000,110,8,2,0,0
33.2143,-1.0,10,3,2,0,0
33.2143,-1.0,10,6,2,0,0
33.2500,-1.0,900,8,2,0,0
33.3571,-1.0,900,8,2,0,0
33.4286,-1.0,10,1,3,0,0
33.4286,-1.0,10,5,2,0,0
33.4643,-1.0,900,8,2,0,0
33.5714,-1.0,900,8,2,0,0
33.6429,-1.0,10,3,2,0,0
33.6429,-1.0,10,6,2,0,0
33.6786,-1.0,900,8,2,0,0
33.7857,-1.0,900,8,2,0,0
33.8571,-1.0,10,1,3,0,0
33.8929,-1.0,900,8,2,0,0
34.0,-1.0,900,8,2,0,0
34.0714,-1.0,10,2,2,0,0
34.0714,-1.0,10,5,2,0,0
34.1071,-1.0,900,8,2,0,0
34.2143,-1.0,10,1,3,0,0
34.2143,-1.0,900,8,2,0,0
34.2857,-1.0,10,10,3,0,0
34.3214,-1.0,900,8,2,0,0
34.4286,-1.0,900,8,2,0,0
34.7143,-1.0,10,1,2,0,0
34.7143,-1.0,10,4,2,0,0
34.7143,-1.0,20,10,3,0,0
34.9286,-1.0,10,2,2,0,0
34.9286,-1.0,10,5,2,0,0
35.1429,-1.0,10,3,2,0,0
35.1429,-1.0,10,6,2,0,0
35.1429,-1.0,20,10,3,0,0
35.3571,-1.0,10,4,2,0,0
35.3571,-1.0,80,7,2,0,0
35.3571,35.7143,100,7,2,0,0
35.4643,-1.0,900,7,2,0,0
35.5714,-1.0,900,7,2,0,0
35.5714,-1.0,20,10,3,0,0
35.6786,-1.0,900,7,2,0,0
35.7143,-1.0,80,4,2,0,0
35.7143,36.0,100,4,2,0,0
35.7143,-1.0,20,10,3,0,0
35.8214,-1.0,900,4,2,0,0
35.9286,-1.0,900,4,2,0,0
36.0,-1.0,80,1,2,0,0
36.0,36.4286,100,1,2,0,0
36.0,-1.0,20,10,3,0,0
36.1071,-1.0,900,1,2,0,0
36.2143,-1.0,900,1,2,0,0
36.2143,-1.0,10,9,2,0,0
36.3214,-1.0,900,1,2,0,0
36.4286,-1.0,10,4,2,0,0
36.4286,-1.0,20,10,3,0,0
36.6429,-1.0,10,2,2,0,0
36.6429,-1.0,10,5,2,0,0
36.6429,-1.0,10,8,2,0,0
36.8571,-1.0,10,3,2,0,0
36.8571,-1.0,10,6,2,0,0
36.8571,-1.0,20,10,3,0,0
37.0,-1.0,10,2,2,0,0
37.0,-1.0,80,5,2,0,0
37.0,37.5000,100,5,2,0,0
37.0714,-1.0,10,9,2,0,0
37.1071,-1.0,900,5,2,0,0
37.2143,-1.0,900,5,2,0,0
37.2857,-1.0,20,10,3,0,0
37.3214,-1.0,900,5,2,0,0
37.4286,-1.0,900,5,2,0,0
37.4286,-1.0,20,10,3,0,0
37.7143,-1.0,10,4,2,0,0
37.7143,-1.0,10,7,2,0,0
37.7143,-1.0,20,10,3,0,0
37.9286,-1.0,82,8,2,0,0
37.9286,38.1429,110,8,2,0,0
38.0357,-1.0,900,8,2,0,0
38.1429,-1.0,20,1,3,0,0
38.3571,-1.0,80,7,2,0,0
38.3571,38.5714,100,7,2,0,0
38.4643,-1.0,900,7,2,0,0
38.5714,-1.0,20,1,3,0,0
38.5714,-1.0,10,10,2,0,0
38.6786,-1.0,10,3,2,0,0
38.6786,-1.0,10,7,2,0,0
38.7857,-1.0,80,11,2,0,0
38.7857,39.0,100,11,2,0,0
38.8929,-1.0,900,11,2,0,0
39.0,-1.0,20,1,3,0,0
39.0,-1.0,80,7,2,0,0
39.0,39.2143,100,7,2,0,0
39.1071,-1.0,900,7,2,0,0
39.1429,-1.0,20,1,3,0,0
39.2143,-1.0,80,9,2,0,0
39.2143,39.4286,100,9,2,0,0
39.3214,-1.0,900,9,2,0,0
39.4286,-1.0,20,1,3,0,0
39.4286,-1.0,10,5,2,0,0
39.5714,-1.0,82,11,2,0,0
39.5714,40.5000,110,11,2,0,0
39.6429,-1.0,10,3,2,0,0
39.6786,-1.0,900,11,2,0,0
39.7857,-1.0,900,11,2,0,0
39.8571,-1.0,20,1,3,0,0
39.8571,-1.0,10,4,2,0,0
39.8571,-1.0,10,8,2,0,0
39.8929,-1.0,900,11,2,0,0
40.0,-1.0,900,11,2,0,0
40.0714,-1.0,10,5,2,0,0
40.0714,-1.0,10,8,2,0,0
40.1071,-1.0,900,11,2,0,0
40.2143,-1.0,10,4,2,0,0
40.2143,-1.0,900,11,2,0,0
40.2857,-1.0,20,1,3,0,0
40.2857,-1.0,10,8,2,0,0
40.3214,-1.0,900,11,2,0,0
40.4286,-1.0,900,11,2,0,0
40.7143,-1.0,20,1,3,0,0
40.7143,-1.0,10,7,2,0,0
40.7857,-1.0,10,10,2,0,0
40.8571,-1.0,20,1,3,0,0
40.8571,-1.0,10,8,2,0,0
40.9286,-1.0,80,11,2,0,0
40.9286,41.1429,100,11,2,0,0
41.0357,-1.0,900,11,2,0,0
41.1429,-1.0,20,1,3,0,0
41.1429,-1.0,10,4,2,0,0
41.1429,-1.0,10,8,2,0,0
41.3571,-1.0,80,4,3,0,0
41.3571,41.5714,100,4,3,0,0
41.3571,-1.0,10,8,2,0,0
41.3571,-1.0,10,11,2,0,0
41.4643,-1.0,900,4,3,0,0
41.5714,-1.0,10,1,2,0,0
41.5714,-1.0,80,7,3,0,0
41.5714,41.7857,100,7,3,0,0
41.5714,-1.0,10,11,2,0,0
41.6786,-1.0,900,7,3,0,0
41.7857,-1.0,80,1,2,0,0
41.7857,41.8929,100,1,2,0,0
41.7857,-1.0,80,4,2,0,0
41.7857,41.8929,100,4,2,0,0
41.8929,-1.0,10,7,3,0,0
41.8929,-1.0,10,10,3,0,0
42.0,-1.0,80,7,2,0,0
42.0,42.1071,100,7,2,0,0
42.0,-1.0,80,11,2,0,0
42.0,42.1071,100,11,2,0,0
42.1071,-1.0,10,1,3,0,0
42.1071,-1.0,10,4,3,0,0
42.2143,-1.0,83,1,2,0,0
42.2143,42.4286,110,1,2,JumpScratch,3
42.2143,-1.0,83,5,2,0,0
42.2143,42.4286,110,5,2,JumpScratch,-3
42.3214,-1.0,900,1,2,0,0
42.3214,-1.0,900,5,2,0,0
42.4286,42.5714,110,1,3,0,0
42.4286,42.5714,110,4,3,0,0
42.4286,-1.0,83,8,2,0,0
42.4286,42.5714,110,8,2,JumpScratch,-3
42.4286,-1.0,83,11,2,0,0
42.4286,42.5714,110,11,2,JumpScratch,-3
42.8571,-1.0,80,4,3,0,0
42.8571,43.0714,100,4,3,0,0
42.8571,-1.0,10,8,2,0,0
42.8571,-1.0,10,11,2,0,0
42.9643,-1.0,900,4,3,0,0
43.0714,-1.0,10,1,2,0,0
43.0714,-1.0,80,7,3,0,0
43.0714,43.2857,100,7,3,0,0
43.0714,-1.0,10,11,2,0,0
43.1786,-1.0,900,7,3,0,0
43.2857,-1.0,10,1,2,0,0
43.2857,-1.0,80,4,3,0,0
43.2857,43.5000,100,4,3,0,0
43.2857,-1.0,10,11,2,0,0
43.3929,-1.0,900,4,3,0,0
43.5000,-1.0,80,8,2,0,0
43.5000,43.6071,100,8,2,0,0
43.5000,-1.0,80,11,2,0,0
43.5000,43.6071,100,11,2,0,0
43.6071,-1.0,10,1,3,0,0
43.6071,-1.0,10,4,3,0,0
43.7143,-1.0,80,1,2,0,0
43.7143,43.8214,100,1,2,0,0
43.7143,-1.0,80,5,2,0,0
43.7143,43.8214,100,5,2,0,0
43.8214,-1.0,10,7,3,0,0
43.8214,-1.0,10,10,3,0,0
43.9286,-1.0,83,7,2,0,0
43.9286,44.1429,110,7,2,JumpScratch,3
43.9286,-1.0,83,11,2,0,0
43.9286,44.1429,110,11,2,JumpScratch,-3
44.0357,-1.0,900,7,2,0,0
44.0357,-1.0,900,11,2,0,0
44.1429,-1.0,83,1,2,0,0
44.1429,44.2857,110,1,2,JumpScratch,3
44.1429,-1.0,83,4,2,0,0
44.1429,44.2857,110,4,2,JumpScratch,3
44.1429,44.2857,110,7,3,0,0
44.1429,44.2857,110,10,3,0,0
44.5714,-1.0,81,5,2,0,0
44.5714,44.7857,101,5,2,0,0
44.6786,-1.0,900,5,2,0,0
44.7857,-1.0,82,1,3,0,0
44.7857,45.0,110,1,3,0,0
44.7857,-1.0,81,7,2,0,0
44.7857,45.0,101,7,2,0,0
44.8929,-1.0,900,1,3,0,0
44.8929,-1.0,900,7,2,0,0
45.0,-1.0,81,9,2,0,0
45.0,45.2143,101,9,2,0,0
45.1071,-1.0,900,9,2,0,0
45.2143,-1.0,82,3,3,0,0
45.2143,45.4286,110,3,3,0,0
45.2143,-1.0,81,11,2,0,0
45.2143,45.4286,101,11,2,0,0
45.3214,-1.0,900,3,3,0,0
45.3214,-1.0,900,11,2,0,0
45.4286,-1.0,81,9,2,0,0
45.4286,45.6429,101,9,2,0,0
45.5357,-1.0,900,9,2,0,0
45.6429,-1.0,81,5,2,0,0
45.6429,45.8571,101,5,2,0,0
45.6429,-1.0,82,11,2,0,0
45.6429,45.8571,110,11,2,0,0
45.7500,-1.0,900,5,2,0,0
45.7500,-1.0,900,11,2,0,0
45.8571,-1.0,81,3,2,0,0
45.8571,46.0714,101,3,2,0,0
45.9643,-1.0,900,3,2,0,0
46.0714,-1.0,83,1,2,0,0
46.0714,46.2857,110,1,2,0,0
46.0714,-1.0,10,6,4,0,0
46.1786,-1.0,900,1,2,0,0
46.2857,-1.0,81,6,3,0,0
46.2857,47.7857,101,6,3,0,0
46.2857,-1.0,81,11,2,0,0
46.2857,47.7857,101,11,2,0,0
46.3929,-1.0,900,6,3,0,0
46.3929,-1.0,900,11,2,0,0
46.5000,-1.0,900,6,3,0,0
46.5000,-1.0,900,11,2,0,0
46.6071,-1.0,900,6,3,0,0
46.6071,-1.0,900,11,2,0,0
46.7143,-1.0,83,1,5,0,0
46.7143,46.9286,110,1,5,JumpScratch,10
46.7143,-1.0,900,6,3,0,0
46.7143,-1.0,900,11,2,0,0
46.8214,-1.0,900,1,5,0,0
46.8214,-1.0,900,6,3,0,0
46.8214,-1.0,900,11,2,0,0
46.9286,47.1429,110,9,2,JumpScratch,-10
46.9286,-1.0,900,11,2,0,0
47.0357,-1.0,900,6,3,0,0
47.0357,-1.0,900,9,2,0,0
47.0357,-1.0,900,11,2,0,0
47.1429,47.3571,110,1,5,JumpScratch,10
47.1429,-1.0,900,11,2,0,0
47.2500,-1.0,900,1,5,0,0
47.2500,-1.0,900,6,3,0,0
47.2500,-1.0,900,11,2,0,0
47.3571,47.7857,110,9,2,0,0
47.3571,-1.0,900,11,2,0,0
47.4643,-1.0,900,6,3,0,0
47.4643,-1.0,900,9,2,0,0
47.4643,-1.0,900,11,2,0,0
47.5714,-1.0,900,6,3,0,0
47.5714,-1.0,900,9,2,0,0
47.5714,-1.0,900,11,2,0,0
47.6786,-1.0,900,6,3,0,0
47.6786,-1.0,900,9,2,0,0
47.6786,-1.0,900,11,2,0,0
48.0,-1.0,82,1,3,0,0
48.0,48.2143,110,1,3,JumpScratch,4
48.0,-1.0,82,5,3,0,0
48.0,48.2143,110,5,3,JumpScratch,4
48.1071,-1.0,900,1,3,0,0
48.1071,-1.0,900,5,3,0,0
48.2143,48.5714,110,3,2,JumpScratch,-4
48.2143,48.5714,110,7,2,JumpScratch,-4
48.2143,-1.0,83,10,2,0,0
48.2143,48.4286,110,10,2,JumpScratch,-7
48.3214,-1.0,900,3,2,0,0
48.3214,-1.0,900,7,2,0,0
48.3214,-1.0,900,10,2,0,0
48.4286,-1.0,900,3,2,0,0
48.8571,-1.0,82,6,3,0,0
48.8571,49.0714,110,6,3,JumpScratch,-4
48.8571,-1.0,82,10,3,0,0
48.8571,49.0714,110,10,3,JumpScratch,-4
48.9643,-1.0,900,6,3,0,0
48.9643,-1.0,900,10,3,0,0
49.0714,-1.0,83,2,2,0,0
49.0714,49.2857,110,2,2,JumpScratch,7
49.0714,49.4286,110,5,2,JumpScratch,4
49.0714,49.4286,110,9,2,JumpScratch,4
49.1786,-1.0,900,2,2,0,0
49.1786,-1.0,900,5,2,0,0
49.1786,-1.0,900,9,2,0,0
49.2857,-1.0,900,9,2,0,0
49.7143,-1.0,81,1,2,0,0
49.7143,50.1429,101,1,2,0,0
49.7143,-1.0,81,4,2,0,0
49.7143,50.1429,101,4,2,0,0
49.7143,-1.0,50,7,4,0,0
49.8214,-1.0,900,1,2,0,0
49.8214,-1.0,900,4,2,0,0
49.9286,-1.0,900,1,2,0,0
49.9286,-1.0,900,4,2,0,0
50.0357,-1.0,900,1,2,0,0
50.0357,-1.0,900,4,2,0,0
50.1429,-1.0,50,7,2,0,0
50.3571,-1.0,10,3,2,0,0
50.3571,-1.0,10,6,2,0,0
50.3571,-1.0,50,9,2,0,0
50.5714,-1.0,10,5,2,0,0
50.5714,-1.0,10,8,2,0,0
50.5714,-1.0,50,11,2,0,0
50.7857,-1.0,50,1,2,0,0
50.7857,-1.0,50,4,2,0,0
50.7857,-1.0,81,7,2,0,0
50.7857,51.0,101,7,2,0,0
50.8929,-1.0,900,7,2,0,0
51.2143,-1.0,80,9,2,0,0
51.2143,51.3571,100,9,2,0,0
51.3214,-1.0,900,9,2,0,0
51.3571,-1.0,10,2,3,0,0
51.3571,-1.0,10,6,2,0,0
51.5714,-1.0,80,3,2,0,0
51.5714,51.6429,100,3,2,0,0
51.6429,-1.0,80,6,2,0,0
51.6429,51.8571,100,6,2,0,0
51.6429,-1.0,10,9,2,0,0
51.7500,-1.0,900,6,2,0,0
51.8571,-1.0,80,4,2,0,0
51.8571,52.0714,100,4,2,0,0
51.8571,-1.0,80,8,2,0,0
51.8571,52.0714,100,8,2,0,0
51.9643,-1.0,900,4,2,0,0
51.9643,-1.0,900,8,2,0,0
52.0714,-1.0,80,1,3,0,0
52.0714,52.2857,100,1,3,0,0
52.0714,-1.0,80,10,3,0,0
52.0714,52.2857,100,10,3,0,0
52.1786,-1.0,900,1,3,0,0
52.1786,-1.0,900,10,3,0,0
52.2857,-1.0,80,4,2,0,0
52.2857,52.5000,100,4,2,0,0
52.2857,-1.0,80,8,2,0,0
52.2857,52.5000,100,8,2,0,0
52.3929,-1.0,900,4,2,0,0
52.3929,-1.0,900,8,2,0,0
52.5000,-1.0,81,6,2,0,0
52.5000,53.1429,101,6,2,0,0
52.6071,-1.0,900,6,2,0,0
52.7143,-1.0,83,3,3,0,0
52.7143,52.9286,110,3,3,JumpScratch,-5
52.7143,-1.0,900,6,2,0,0
52.7143,-1.0,83,8,3,0,0
52.7143,52.9286,110,8,3,JumpScratch,5
52.8214,-1.0,900,3,3,0,0
52.8214,-1.0,900,6,2,0,0
52.8214,-1.0,900,8,3,0,0
52.9286,53.1429,110,1,5,JumpScratch,5
52.9286,-1.0,900,6,2,0,0
52.9286,53.1429,110,8,5,JumpScratch,-5
53.0357,-1.0,900,1,5,0,0
53.0357,-1.0,900,6,2,0,0
53.0357,-1.0,900,8,5,0,0
53.1429,53.2857,110,1,12,0,0
53.2857,55.0714,110,6,2,0,0
53.3929,-1.0,900,6,2,0,0
53.5000,-1.0,900,6,2,0,0
53.5714,-1.0,10,1,2,0,0
53.5714,-1.0,10,7,2,0,0
53.6071,-1.0,900,6,2,0,0
53.7143,-1.0,900,6,2,0,0
53.7857,-1.0,10,3,2,0,0
53.7857,-1.0,10,9,2,0,0
53.8214,-1.0,900,6,2,0,0
53.9286,-1.0,900,6,2,0,0
54.0,-1.0,10,5,2,0,0
54.0,-1.0,10,11,2,0,0
54.0357,-1.0,900,6,2,0,0
54.1429,-1.0,900,6,2,0,0
54.2143,-1.0,10,1,3,0,0
54.2143,-1.0,10,7,3,0,0
54.2500,-1.0,900,6,2,0,0
54.3571,-1.0,900,6,2,0,0
54.4286,-1.0,10,4,3,0,0
54.4286,-1.0,10,10,3,0,0
54.4643,-1.0,900,6,2,0,0
54.5714,-1.0,900,6,2,0,0
54.6429,-1.0,10,4,3,0,0
54.6429,-1.0,10,10,3,0,0
54.6786,-1.0,900,6,2,0,0
54.7857,-1.0,900,6,2,0,0
54.8571,-1.0,10,1,3,0,0
54.8571,-1.0,10,7,3,0,0
54.8929,-1.0,900,6,2,0,0
55.0,-1.0,900,6,2,0,0
55.5000,-1.0,10,7,3,0,0
55.5000,-1.0,10,10,3,0,0
55.6429,-1.0,10,4,3,0,0
55.6429,-1.0,10,7,3,0,0
55.7857,-1.0,10,1,3,0,0
55.7857,-1.0,10,4,3,0,0
55.9286,-1.0,80,6,2,0,0
55.9286,56.3571,100,6,2,0,0
56.0357,-1.0,900,6,2,0,0
56.1429,-1.0,900,6,2,0,0
56.2143,-1.0,10,8,5,0,0
56.2500,-1.0,900,6,2,0,0
56.2857,-1.0,10,1,5,0,0
56.3571,-1.0,10,8,5,0,0
56.6429,-1.0,10,5,2,0,0
56.6429,-1.0,10,8,2,0,0
56.7857,-1.0,10,10,3,0,0
56.8393,-1.0,10,7,3,0,0
56.8929,-1.0,10,4,3,0,0
56.9464,-1.0,10,7,2,0,0
57.0,-1.0,10,9,3,0,0
57.0536,-1.0,10,6,3,0,0
57.1071,-1.0,10,3,3,0,0
57.1607,-1.0,10,6,2,0,0
57.2143,-1.0,10,8,3,0,0
57.2679,-1.0,10,5,3,0,0
57.3214,-1.0,10,2,3,0,0
57.3750,-1.0,10,5,2,0,0
57.4286,-1.0,10,7,3,0,0
57.4821,-1.0,10,4,3,0,0
57.5357,-1.0,10,1,3,0,0
57.5893,-1.0,10,4,2,0,0
57.6429,-1.0,80,6,2,0,0
57.6429,58.0714,100,6,2,0,0
57.7500,-1.0,900,6,2,0,0
57.8571,-1.0,900,6,2,0,0
57.9643,-1.0,900,6,2,0,0
58.0714,-1.0,10,1,4,0,0
58.1429,-1.0,10,6,3,0,0
58.2143,-1.0,10,3,4,0,0
58.2857,-1.0,10,8,3,0,0
58.3571,-1.0,10,5,4,0,0
58.4286,-1.0,10,10,3,0,0
58.5000,-1.0,50,7,4,0,0
58.9286,-1.0,10,1,3,0,0
58.9286,-1.0,10,4,3,0,0
59.0714,-1.0,10,4,3,0,0
59.0714,-1.0,10,7,3,0,0
59.2143,-1.0,10,7,3,0,0
59.2143,-1.0,10,10,3,0,0
59.3571,-1.0,80,6,2,0,0
59.3571,59.7857,100,6,2,0,0
59.4643,-1.0,900,6,2,0,0
59.5714,-1.0,900,6,2,0,0
59.6429,-1.0,10,1,5,0,0
59.6786,-1.0,900,6,2,0,0
59.7143,-1.0,10,8,5,0,0
59.7857,-1.0,10,1,5,0,0
60.0714,-1.0,10,4,2,0,0
60.0714,-1.0,10,7,2,0,0
60.2143,-1.0,10,1,3,0,0
60.2679,-1.0,10,4,3,0,0
60.3214,-1.0,10,7,3,0,0
60.3750,-1.0,10,5,2,0,0
60.4286,-1.0,10,2,3,0,0
60.4821,-1.0,10,5,3,0,0
60.5357,-1.0,10,8,3,0,0
60.5893,-1.0,10,6,2,0,0
60.6429,-1.0,10,3,3,0,0
60.6964,-1.0,10,6,3,0,0
60.7500,-1.0,10,9,3,0,0
60.8036,-1.0,10,7,2,0,0
60.8571,-1.0,10,4,3,0,0
60.9107,-1.0,10,7,3,0,0
60.9643,-1.0,10,10,3,0,0
61.0179,-1.0,10,8,2,0,0
61.0714,-1.0,80,6,2,0,0
61.0714,61.5000,100,6,2,0,0
61.1786,-1.0,900,6,2,0,0
61.2857,-1.0,900,6,2,0,0
61.3929,-1.0,900,6,2,0,0
61.5000,-1.0,10,9,4,0,0
61.5714,-1.0,10,5,3,0,0
61.6429,-1.0,10,7,4,0,0
61.7143,-1.0,10,3,3,0,0
61.7857,-1.0,10,5,4,0,0
61.8571,-1.0,10,1,3,0,0
61.9286,-1.0,50,3,4,0,0
62.3571,-1.0,10,1,3,0,0
62.3571,-1.0,10,4,3,0,0
62.3571,-1.0,10,10,3,0,0
62.5000,-1.0,10,3,3,0,0
62.5000,-1.0,10,6,3,0,0
62.5000,-1.0,10,10,3,0,0
62.6429,-1.0,10,1,3,0,0
62.6429,-1.0,10,4,3,0,0
62.6429,-1.0,10,10,3,0,0
62.7857,-1.0,80,6,2,0,0
62.7857,63.2143,100,6,2,0,0
62.8929,-1.0,900,6,2,0,0
63.0,-1.0,900,6,2,0,0
63.0714,-1.0,10,9,4,0,0
63.1429,-1.0,10,4,6,0,0
63.2143,-1.0,10,1,4,0,0
63.5000,-1.0,10,4,3,0,0
63.5000,-1.0,10,8,3,0,0
63.6429,-1.0,10,10,3,0,0
63.6964,-1.0,10,6,4,0,0
63.7500,-1.0,10,3,3,0,0
63.8036,-1.0,10,6,2,0,0
63.8571,-1.0,10,8,3,0,0
63.9107,-1.0,10,4,4,0,0
63.9643,-1.0,10,1,3,0,0
64.0179,-1.0,10,4,2,0,0
64.0714,-1.0,10,6,3,0,0
64.1250,-1.0,10,4,2,0,0
64.1786,-1.0,10,1,3,0,0
64.2321,-1.0,10,4,4,0,0
64.2857,-1.0,10,8,3,0,0
64.3393,-1.0,10,6,2,0,0
64.3929,-1.0,10,3,3,0,0
64.4464,-1.0,10,6,4,0,0
64.5000,-1.0,50,1,12,0,0
64.9286,-1.0,10,7,3,0,0
64.9286,-1.0,10,10,3,0,0
65.0,-1.0,10,1,3,0,0
65.0,-1.0,10,4,3,0,0
65.0714,-1.0,10,7,3,0,0
65.0714,-1.0,10,10,3,0,0
65.1429,-1.0,10,1,3,0,0
65.1429,-1.0,10,4,3,0,0
65.2143,-1.0,10,7,3,0,0
65.2143,-1.0,10,10,3,0,0
65.2857,-1.0,10,1,3,0,0
65.2857,-1.0,10,4,3,0,0
65.3571,-1.0,81,3,3,0,0
65.3571,65.5714,101,3,3,0,0
65.3571,-1.0,81,6,3,0,0
65.3571,65.5714,101,6,3,0,0
65.3571,-1.0,50,10,3,0,0
65.4643,-1.0,900,3,3,0,0
65.4643,-1.0,900,6,3,0,0
65.5714,-1.0,10,9,3,0,0
65.7857,-1.0,50,1,3,0,0
65.7857,-1.0,81,5,3,0,0
65.7857,66.0,101,5,3,0,0
65.7857,-1.0,81,8,3,0,0
65.7857,66.0,101,8,3,0,0
65.8929,-1.0,900,5,3,0,0
65.8929,-1.0,900,8,3,0,0
66.0,-1.0,10,2,3,0,0
66.2143,-1.0,81,2,3,0,0
66.2143,66.4286,101,2,3,0,0
66.2143,-1.0,81,6,2,0,0
66.2143,66.4286,101,6,2,0,0
66.2143,-1.0,50,10,3,0,0
66.3214,-1.0,900,2,3,0,0
66.3214,-1.0,900,6,2,0,0
66.4286,-1.0,10,8,3,0,0
66.6429,-1.0,50,1,4,0,0
66.6429,-1.0,81,6,2,0,0
66.6429,66.8571,101,6,2,0,0
66.6429,-1.0,81,9,3,0,0
66.6429,66.8571,101,9,3,0,0
66.7500,-1.0,900,6,2,0,0
66.7500,-1.0,900,9,3,0,0
66.8571,-1.0,10,3,3,0,0
67.0714,-1.0,83,2,2,0,0
67.0714,67.2857,110,2,2,0,0
67.0714,-1.0,83,5,3,0,0
67.0714,67.2857,110,5,3,0,0
67.0714,-1.0,50,9,4,0,0
67.1786,-1.0,900,2,2,0,0
67.1786,-1.0,900,5,3,0,0
67.2857,-1.0,50,8,5,0,0
67.5000,-1.0,50,1,4,0,0
67.5000,-1.0,83,6,2,0,0
67.5000,67.7143,110,6,2,0,0
67.5000,-1.0,83,9,3,0,0
67.5000,67.7143,110,9,3,0,0
67.6071,-1.0,900,6,2,0,0
67.6071,-1.0,900,9,3,0,0
67.7143,-1.0,50,1,5,0,0
67.9286,-1.0,83,2,3,0,0
67.9286,68.1429,110,2,3,0,0
67.9286,-1.0,83,5,3,0,0
67.9286,68.1429,110,5,3,0,0
67.9286,-1.0,50,9,4,0,0
68.0357,-1.0,900,2,3,0,0
68.0357,-1.0,900,5,3,0,0
68.1429,-1.0,50,8,5,0,0
68.3571,-1.0,50,1,4,0,0
68.3571,-1.0,83,6,3,0,0
68.3571,68.5714,110,6,3,0,0
68.3571,-1.0,83,9,3,0,0
68.3571,68.5714,110,9,3,0,0
68.4643,-1.0,900,6,3,0,0
68.4643,-1.0,900,9,3,0,0
68.5714,-1.0,50,1,5,0,0
68.7857,-1.0,20,7,3,0,0
68.7857,-1.0,20,10,3,0,0
68.8929,-1.0,10,1,6,0,0
69.0,-1.0,20,5,4,0,0
69.0,-1.0,20,9,4,0,0
69.1071,-1.0,10,1,8,0,0
69.2143,-1.0,20,3,5,0,0
69.2143,-1.0,20,8,5,0,0
69.3214,-1.0,10,1,10,0,0
69.4286,-1.0,20,1,6,0,0
69.4286,-1.0,20,7,6,0,0
69.5357,-1.0,10,1,12,0,0
69.6429,-1.0,50,1,6,0,0
69.6429,-1.0,50,7,6,0,0
69.7500,-1.0,10,1,12,0,0
69.8571,-1.0,50,3,5,0,0
69.8571,-1.0,50,8,5,0,0
69.9643,-1.0,10,1,10,0,0
70.0714,-1.0,50,5,4,0,0
70.0714,-1.0,50,9,4,0,0
70.1786,-1.0,10,1,8,0,0
70.2857,-1.0,50,7,3,0,0
70.2857,-1.0,50,10,3,0,0
70.3929,-1.0,10,1,6,0,0
70.5000,-1.0,50,1,12,0,0
70.7143,-1.0,10,3,2,0,0
70.8214,-1.0,10,5,2,0,0
70.9286,-1.0,50,7,2,0,0
71.1429,-1.0,10,10,3,0,0
71.1964,-1.0,10,8,3,0,0
71.2500,-1.0,10,5,4,0,0
71.3036,-1.0,10,3,3,0,0
71.3571,-1.0,10,1,3,0,0
71.3571,-1.0,10,10,3,0,0
71.4643,-1.0,10,5,4,0,0
71.5714,-1.0,10,2,3,0,0
71.5714,-1.0,10,9,3,0,0
71.6786,-1.0,10,5,4,0,0
71.7857,-1.0,50,1,12,0,0
72.2143,-1.0,10,5,2,0,0
72.2143,-1.0,20,8,2,0,0
72.2143,-1.0,10,11,2,0,0
72.4286,-1.0,10,3,2,0,0
72.4286,-1.0,20,6,4,0,0
72.4286,-1.0,10,11,2,0,0
72.6429,-1.0,10,1,2,0,0
72.6429,-1.0,20,4,6,0,0
72.6429,-1.0,10,11,2,0,0
72.8571,-1.0,10,3,2,0,0
72.8571,-1.0,20,6,4,0,0
72.8571,-1.0,10,11,2,0,0
73.0714,-1.0,10,1,2,0,0
73.0714,-1.0,81,6,2,0,0
73.0714,73.9286,101,6,2,0,0
73.1786,-1.0,900,6,2,0,0
73.2857,-1.0,50,1,4,0,0
73.2857,-1.0,900,6,2,0,0
73.2857,-1.0,30,6,2,0,0
73.3929,-1.0,900,6,2,0,0
73.5000,-1.0,900,6,2,0,0
73.5000,-1.0,30,6,2,0,0
73.5000,-1.0,10,9,4,0,0
73.6071,-1.0,900,6,2,0,0
73.7143,-1.0,900,6,2,0,0
73.7143,-1.0,30,6,2,0,0
73.7143,-1.0,50,9,4,0,0
73.8214,-1.0,900,6,2,0,0
74.1429,-1.0,10,3,3,0,0
74.1429,-1.0,20,7,2,0,0
74.1429,-1.0,10,10,3,0,0
74.3571,-1.0,10,1,3,0,0
74.3571,-1.0,20,5,2,0,0
74.3571,-1.0,10,8,3,0,0
74.5714,-1.0,20,7,2,0,0
74.5714,-1.0,10,10,3,0,0
74.6786,-1.0,10,4,2,0,0
74.7321,-1.0,10,7,2,0,0
74.7857,-1.0,83,1,3,0,0
74.7857,75.0,110,1,3,JumpScratch,9
74.7857,-1.0,83,4,3,0,0
74.7857,75.4286,110,4,3,JumpScratch,9
74.7857,-1.0,83,10,3,0,0
74.7857,75.2143,110,10,3,JumpScratch,-12
74.8929,-1.0,900,1,3,0,0
74.8929,-1.0,900,4,3,0,0
74.8929,-1.0,900,10,3,0,0
75.0,75.6429,110,7,3,0,0
75.0,-1.0,900,10,3,0,0
75.0,-1.0,31,10,3,0,0
75.1071,-1.0,900,4,3,0,0
75.1071,-1.0,900,7,3,0,0
75.1071,-1.0,900,10,3,0,0
75.2143,75.6429,110,1,3,0,0
75.3214,-1.0,900,1,3,0,0
75.3214,-1.0,900,4,3,0,0
75.3214,-1.0,900,7,3,0,0
75.4286,-1.0,900,1,3,0,0
75.4286,-1.0,31,1,3,0,0
75.4286,75.6429,110,10,3,0,0
75.5357,-1.0,900,1,3,0,0
75.5357,-1.0,900,7,3,0,0
75.5357,-1.0,900,10,3,0,0
75.8571,-1.0,10,1,3,0,0
75.8571,-1.0,10,4,3,0,0
75.9643,-1.0,10,4,3,0,0
75.9643,-1.0,10,7,3,0,0
76.0714,-1.0,10,7,3,0,0
76.0714,-1.0,10,10,3,0,0
76.2857,-1.0,10,1,3,0,0
76.2857,-1.0,10,5,4,0,0
76.2857,-1.0,10,10,3,0,0
76.5000,-1.0,81,1,3,0,0
76.5000,76.7143,101,1,3,0,0
76.5000,-1.0,81,10,3,0,0
76.5000,76.7143,101,10,3,0,0
76.6071,-1.0,900,1,3,0,0
76.6071,-1.0,900,10,3,0,0
76.7143,-1.0,81,6,2,0,0
76.7143,76.9286,101,6,2,0,0
76.8214,-1.0,900,6,2,0,0
76.9286,-1.0,81,1,4,0,0
76.9286,77.1429,101,1,4,0,0
76.9286,-1.0,81,9,4,0,0
76.9286,77.1429,101,9,4,0,0
77.0357,-1.0,900,1,4,0,0
77.0357,-1.0,900,9,4,0,0
77.1429,-1.0,81,6,2,0,0
77.1429,78.0,101,6,2,0,0
77.2500,-1.0,900,6,2,0,0
77.3571,-1.0,900,6,2,0,0
77.4643,-1.0,900,6,2,0,0
77.5714,-1.0,20,3,3,0,0
77.5714,-1.0,900,6,2,0,0
77.5714,-1.0,30,6,2,0,0
77.5714,-1.0,20,10,3,0,0
77.6786,-1.0,900,6,2,0,0
77.7857,-1.0,20,2,3,0,0
77.7857,-1.0,900,6,2,0,0
77.7857,-1.0,30,6,2,0,0
77.7857,-1.0,20,9,3,0,0
77.8929,-1.0,900,6,2,0,0
78.0,-1.0,20,1,3,0,0
78.0,-1.0,20,8,3,0,0
78.2143,-1.0,50,7,3,0,0
78.2143,-1.0,50,10,3,0,0
78.3571,-1.0,50,1,4,0,0
78.4286,-1.0,50,5,3,0,0
78.4286,-1.0,50,8,3,0,0
78.5714,-1.0,50,3,4,0,0
78.6429,-1.0,50,5,4,0,0
78.6429,-1.0,50,9,4,0,0
78.7857,-1.0,50,1,3,0,0
78.8571,-1.0,50,2,5,0,0
78.8571,-1.0,50,7,5,0,0
78.9643,-1.0,50,3,4,0,0
79.0714,-1.0,50,1,12,0,0
79.2857,-1.0,50,1,12,0,0
79.5000,-1.0,10,7,3,0,0
79.5000,-1.0,10,10,3,0,0
79.6071,-1.0,10,4,3,0,0
79.6071,-1.0,10,7,3,0,0
79.7143,-1.0,10,1,3,0,0
79.7143,-1.0,10,4,3,0,0
79.9286,-1.0,80,1,2,0,0
79.9286,80.1429,100,1,2,0,0
79.9286,-1.0,80,11,2,0,0
79.9286,80.1429,100,11,2,0,0
80.0357,-1.0,900,1,2,0,0
80.0357,-1.0,900,11,2,0,0
80.1429,-1.0,82,4,3,0,0
80.1429,80.2857,110,4,3,JumpScratch,-6
80.1429,-1.0,82,7,3,0,0
80.1429,80.2857,110,7,3,JumpScratch,6
80.5714,-1.0,81,1,3,0,0
80.5714,80.7857,101,1,3,0,0
80.5714,-1.0,81,5,2,0,0
80.5714,80.7857,101,5,2,0,0
80.5714,-1.0,50,9,4,0,0
80.6786,-1.0,900,1,3,0,0
80.6786,-1.0,900,5,2,0,0
81.0,-1.0,10,3,3,0,0
81.0,-1.0,10,7,2,0,0
81.0,-1.0,80,10,3,0,0
81.0,81.4286,100,10,3,0,0
81.1071,-1.0,900,10,3,0,0
81.2143,-1.0,10,2,3,0,0
81.2143,-1.0,80,7,3,0,0
81.2143,81.4286,100,7,3,0,0
81.2143,-1.0,900,10,3,0,0
81.3214,-1.0,900,7,3,0,0
81.3214,-1.0,900,10,3,0,0
81.4286,-1.0,10,4,3,0,0
81.5357,-1.0,10,1,3,0,0
81.5893,-1.0,10,5,2,0,0
81.6429,-1.0,50,7,3,0,0
81.6429,-1.0,50,10,3,0,0
81.8571,-1.0,50,1,4,0,0
81.8571,-1.0,50,5,4,0,0
81.8571,-1.0,20,9,3,0,0
82.0714,-1.0,20,2,4,0,0
82.0714,-1.0,50,7,3,0,0
82.0714,-1.0,50,10,3,0,0
82.2857,-1.0,50,1,4,0,0
82.2857,-1.0,50,5,4,0,0
82.2857,-1.0,20,9,3,0,0
82.5000,-1.0,83,1,3,0,0
82.5000,82.7143,110,1,3,JumpScratch,6
82.5000,-1.0,83,8,2,0,0
82.5000,82.9286,110,8,2,JumpScratch,-3
82.5000,-1.0,83,11,2,0,0
82.5000,82.9286,110,11,2,JumpScratch,-3
82.6071,-1.0,900,1,3,0,0
82.6071,-1.0,900,8,2,0,0
82.6071,-1.0,900,11,2,0,0
82.7143,83.1429,110,4,3,JumpScratch,-6
82.7143,-1.0,900,8,2,0,0
82.7143,-1.0,900,11,2,0,0
82.8214,-1.0,900,4,3,0,0
82.8214,-1.0,900,8,2,0,0
82.8214,-1.0,900,11,2,0,0
82.9286,-1.0,900,4,3,0,0
82.9286,83.3571,110,7,3,JumpScratch,-3
82.9286,83.3571,110,10,3,JumpScratch,3
83.0357,-1.0,900,4,3,0,0
83.0357,-1.0,900,7,3,0,0
83.0357,-1.0,900,10,3,0,0
83.1429,83.5714,110,1,3,JumpScratch,10
83.1429,-1.0,900,7,3,0,0
83.1429,-1.0,900,10,3,0,0
83.2500,-1.0,900,1,3,0,0
83.2500,-1.0,900,7,3,0,0
83.2500,-1.0,900,10,3,0,0
83.3571,-1.0,900,1,3,0,0
83.3571,83.7857,110,7,2,0,0
83.3571,83.7857,110,11,2,0,0
83.4643,-1.0,900,1,3,0,0
83.4643,-1.0,900,7,2,0,0
83.4643,-1.0,900,11,2,0,0
83.5714,84.0,110,9,2,JumpScratch,-8
83.5714,-1.0,900,11,2,0,0
83.6786,-1.0,900,7,2,0,0
83.6786,-1.0,900,9,2,0,0
83.6786,-1.0,900,11,2,0,0
83.7857,-1.0,900,9,2,0,0
83.8929,-1.0,900,9,2,0,0
84.2143,-1.0,50,7,3,0,0
84.2143,-1.0,50,10,3,0,0
84.4286,-1.0,50,3,4,0,0
84.4286,-1.0,50,7,4,0,0
84.6429,-1.0,50,1,6,0,0
84.6429,-1.0,50,7,6,0,0
84.8571,-1.0,50,1,4,0,0
84.8571,-1.0,50,5,4,0,0
84.8571,-1.0,50,9,4,0,0
85.0714,-1.0,50,1,3,0,0
85.0714,-1.0,50,4,3,0,0
85.0714,-1.0,50,7,3,0,0
85.0714,-1.0,50,10,3,0,0
85.2857,-1.0,10,7,2,0,0
85.3125,-1.0,10,10,2,0,0
85.5000,-1.0,80,1,2,0,0
85.5000,85.7143,100,1,2,0,0
85.5000,-1.0,80,4,2,0,0
85.5000,85.7143,100,4,2,0,0
85.5000,-1.0,80,7,2,0,0
85.5000,85.7143,100,7,2,0,0
85.6071,-1.0,900,1,2,0,0
85.6071,-1.0,900,4,2,0,0
85.6071,-1.0,900,7,2,0,0
85.9286,-1.0,10,5,2,0,0
85.9286,-1.0,10,8,2,0,0
85.9286,-1.0,20,11,2,0,0
86.1429,-1.0,10,2,2,0,0
86.1429,-1.0,20,5,4,0,0
86.1429,-1.0,10,10,2,0,0
86.3571,-1.0,20,1,6,0,0
86.3571,-1.0,10,8,2,0,0
86.3571,-1.0,10,11,2,0,0
86.5714,-1.0,10,2,2,0,0
86.5714,-1.0,20,5,4,0,0
86.5714,-1.0,10,10,2,0,0
86.7857,-1.0,20,1,4,0,0
86.7857,-1.0,83,11,2,0,0
86.7857,87.0,110,11,2,JumpScratch,-8
86.8929,-1.0,900,11,2,0,0
87.0,-1.0,50,1,4,0,0
87.0,87.2143,110,5,4,JumpScratch,-8
87.1071,-1.0,900,5,4,0,0
87.2143,87.4286,110,1,3,JumpScratch,8
87.2143,-1.0,20,9,4,0,0
87.3214,-1.0,900,1,3,0,0
87.4286,87.6429,110,5,4,0,0
87.4286,-1.0,50,9,4,0,0
87.5357,-1.0,900,5,4,0,0
87.8571,-1.0,10,3,3,0,0
87.8571,-1.0,20,7,2,0,0
87.8571,-1.0,10,10,3,0,0
88.0714,-1.0,10,1,3,0,0
88.0714,-1.0,20,5,2,0,0
88.0714,-1.0,10,8,3,0,0
88.2857,-1.0,20,7,2,0,0
88.2857,-1.0,10,10,3,0,0
88.3929,-1.0,10,4,2,0,0
88.4464,-1.0,10,7,2,0,0
88.5000,-1.0,83,1,3,0,0
88.5000,89.3571,110,1,3,0,0
88.5000,-1.0,83,4,3,0,0
88.5000,88.7143,110,4,3,JumpScratch,6
88.5000,-1.0,83,10,3,0,0
88.5000,89.3571,110,10,3,0,0
88.6071,-1.0,900,1,3,0,0
88.6071,-1.0,900,4,3,0,0
88.6071,-1.0,900,10,3,0,0
88.7143,-1.0,900,1,3,0,0
88.7143,-1.0,31,1,3,0,0
88.7143,88.9286,110,7,3,JumpScratch,-6
88.7143,-1.0,900,10,3,0,0
88.7143,-1.0,40,10,3,0,0
88.8214,-1.0,900,1,3,0,0
88.8214,-1.0,900,7,3,0,0
88.8214,-1.0,900,10,3,0,0
88.9286,-1.0,900,1,3,0,0
88.9286,-1.0,40,1,3,0,0
88.9286,89.1429,110,4,2,JumpScratch,6
88.9286,-1.0,900,10,3,0,0
88.9286,-1.0,31,10,3,0,0
89.0357,-1.0,900,1,3,0,0
89.0357,-1.0,900,4,2,0,0
89.0357,-1.0,900,10,3,0,0
89.1429,-1.0,900,1,3,0,0
89.1429,-1.0,31,1,3,0,0
89.1429,89.3571,110,8,2,0,0
89.1429,-1.0,900,10,3,0,0
89.1429,-1.0,40,10,3,0,0
89.2500,-1.0,900,1,3,0,0
89.2500,-1.0,900,8,2,0,0
89.2500,-1.0,900,10,3,0,0
89.5714,-1.0,10,1,3,0,0
89.5714,-1.0,10,4,3,0,0
89.5714,-1.0,10,10,3,0,0
89.6786,-1.0,10,3,3,0,0
89.6786,-1.0,10,6,3,0,0
89.6786,-1.0,10,10,3,0,0
89.7857,-1.0,10,1,3,0,0
89.7857,-1.0,10,4,3,0,0
89.7857,-1.0,10,10,3,0,0
90.0,-1.0,10,1,2,0,0
90.0,-1.0,10,4,3,0,0
90.0,-1.0,10,8,2,0,0
90.2143,-1.0,81,1,2,0,0
90.2143,90.4286,101,1,2,0,0
90.2143,-1.0,81,6,2,0,0
90.2143,90.4286,101,6,2,0,0
90.3214,-1.0,900,1,2,0,0
90.3214,-1.0,900,6,2,0,0
90.4286,-1.0,81,3,3,0,0
90.4286,90.6429,101,3,3,0,0
90.4286,-1.0,81,8,3,0,0
90.4286,90.6429,101,8,3,0,0
90.5357,-1.0,900,3,3,0,0
90.5357,-1.0,900,8,3,0,0
90.6429,-1.0,81,6,2,0,0
90.6429,90.8571,101,6,2,0,0
90.6429,-1.0,81,11,2,0,0
90.6429,90.8571,101,11,2,0,0
90.7500,-1.0,900,6,2,0,0
90.7500,-1.0,900,11,2,0,0
90.8571,-1.0,81,4,2,0,0
90.8571,91.7143,101,4,2,0,0
90.8571,-1.0,81,8,2,0,0
90.8571,91.7143,101,8,2,0,0
90.9643,-1.0,900,4,2,0,0
90.9643,-1.0,900,8,2,0,0
91.0714,-1.0,900,4,2,0,0
91.0714,-1.0,900,8,2,0,0
91.1786,-1.0,900,4,2,0,0
91.1786,-1.0,900,8,2,0,0
91.2857,-1.0,900,4,2,0,0
91.2857,-1.0,900,8,2,0,0
91.2857,-1.0,20,10,3,0,0
91.3929,-1.0,900,4,2,0,0
91.3929,-1.0,900,8,2,0,0
91.5000,-1.0,20,5,4,0,0
91.6071,-1.0,900,4,2,0,0
91.6071,-1.0,900,8,2,0,0
91.7143,-1.0,20,1,3,0,0
91.9286,-1.0,50,1,3,0,0
91.9286,-1.0,50,4,3,0,0
92.0714,-1.0,50,9,4,0,0
92.1429,-1.0,50,3,3,0,0
92.1429,-1.0,50,6,3,0,0
92.2857,-1.0,50,7,4,0,0
92.3571,-1.0,50,1,4,0,0
92.3571,-1.0,50,5,4,0,0
92.5000,-1.0,50,10,3,0,0
92.5714,-1.0,50,2,5,0,0
92.5714,-1.0,50,7,5,0,0
92.6786,-1.0,50,8,4,0,0
92.7857,-1.0,50,1,12,0,0
93.0,-1.0,50,1,3,0,0
93.0,-1.0,50,5,4,0,0
93.0,-1.0,50,9,4,0,0
93.2143,-1.0,10,1,3,0,0
93.2143,-1.0,10,4,3,0,0
93.3214,-1.0,10,4,3,0,0
93.3214,-1.0,10,7,3,0,0
93.4286,-1.0,10,7,3,0,0
93.4286,-1.0,10,10,3,0,0
93.5357,-1.0,10,4,3,0,0
93.5357,-1.0,10,7,3,0,0
93.6429,-1.0,82,1,3,0,0
93.6429,94.0,110,1,3,0,0
93.6429,-1.0,82,4,3,0,0
93.6429,94.0,110,4,3,0,0
93.7500,-1.0,900,1,3,0,0
93.7500,-1.0,900,4,3,0,0
93.8571,-1.0,900,1,3,0,0
93.8571,-1.0,900,4,3,0,0
93.8571,-1.0,83,8,2,0,0
93.8571,94.0,110,8,2,0,0
93.8571,-1.0,83,11,2,0,0
93.8571,94.0,110,11,2,0,0
94.2857,-1.0,80,1,2,0,0
94.2857,95.1429,100,1,2,0,0
94.2857,-1.0,80,4,2,0,0
94.2857,95.1429,100,4,2,0,0
94.2857,-1.0,50,7,4,0,0
94.3929,-1.0,900,1,2,0,0
94.3929,-1.0,900,4,2,0,0
94.5000,-1.0,900,1,2,0,0
94.5000,-1.0,900,4,2,0,0
94.6071,-1.0,900,1,2,0,0
94.6071,-1.0,900,4,2,0,0
94.7143,-1.0,900,1,2,0,0
94.7143,-1.0,900,4,2,0,0
94.7143,-1.0,20,8,2,0,0
94.7143,-1.0,20,11,2,0,0
94.8214,-1.0,900,1,2,0,0
94.8214,-1.0,900,4,2,0,0
94.9286,-1.0,900,1,2,0,0
94.9286,-1.0,900,4,2,0,0
94.9286,-1.0,20,6,2,0,0
94.9286,-1.0,20,9,2,0,0
95.0357,-1.0,900,1,2,0,0
95.0357,-1.0,900,4,2,0,0
95.1429,-1.0,20,8,2,0,0
95.1429,-1.0,20,11,2,0,0
95.2500,-1.0,10,3,2,0,0
95.3036,-1.0,10,5,2,0,0
95.3571,-1.0,50,7,3,0,0
95.3571,-1.0,50,10,3,0,0
95.5714,-1.0,20,2,3,0,0
95.5714,-1.0,50,5,4,0,0
95.5714,-1.0,50,9,4,0,0
95.7857,-1.0,50,1,3,0,0
95.7857,-1.0,50,4,3,0,0
95.7857,-1.0,20,8,4,0,0
96.0,-1.0,50,1,4,0,0
96.0,-1.0,50,5,4,0,0
96.0,-1.0,20,9,3,0,0
96.2143,-1.0,83,1,3,0,0
96.2143,96.4286,110,1,3,JumpScratch,10
96.2143,-1.0,83,7,2,0,0
96.2143,96.6429,110,7,2,JumpScratch,-4
96.2143,-1.0,83,11,2,0,0
96.2143,97.0714,110,11,2,JumpScratch,-3
96.3214,-1.0,900,1,3,0,0
96.3214,-1.0,900,7,2,0,0
96.3214,-1.0,900,11,2,0,0
96.4286,96.8571,110,9,2,JumpScratch,-10
96.5357,-1.0,900,7,2,0,0
96.5357,-1.0,900,9,2,0,0
96.5357,-1.0,900,11,2,0,0
96.6429,97.0714,110,5,4,JumpScratch,-4
96.6429,-1.0,900,9,2,0,0
96.6429,-1.0,900,11,2,0,0
96.6429,-1.0,40,11,2,0,0
96.7500,-1.0,900,5,4,0,0
96.7500,-1.0,900,9,2,0,0
96.7500,-1.0,900,11,2,0,0
96.8571,97.2857,110,1,3,JumpScratch,9
96.8571,-1.0,900,11,2,0,0
96.9643,-1.0,900,1,3,0,0
96.9643,-1.0,900,5,4,0,0
96.9643,-1.0,900,11,2,0,0
97.0714,-1.0,900,1,3,0,0
97.0714,97.5000,110,5,3,0,0
97.0714,97.5000,110,10,3,0,0
97.1786,-1.0,900,1,3,0,0
97.1786,-1.0,900,5,3,0,0
97.1786,-1.0,900,10,3,0,0
97.2857,97.7143,110,8,2,JumpScratch,-9
97.2857,-1.0,900,10,3,0,0
97.3929,-1.0,900,5,3,0,0
97.3929,-1.0,900,8,2,0,0
97.3929,-1.0,900,10,3,0,0
97.5000,-1.0,900,8,2,0,0
97.6071,-1.0,900,8,2,0,0
97.9286,-1.0,50,1,3,0,0
97.9286,-1.0,50,4,3,0,0
97.9286,-1.0,50,7,3,0,0
98.1429,-1.0,50,4,3,0,0
98.1429,-1.0,50,7,3,0,0
98.1429,-1.0,50,10,3,0,0
98.3571,-1.0,50,1,4,0,0
98.3571,-1.0,50,5,4,0,0
98.3571,-1.0,50,9,4,0,0
98.5714,-1.0,50,1,3,0,0
98.5714,-1.0,50,4,3,0,0
98.5714,-1.0,50,7,3,0,0
98.5714,-1.0,50,10,3,0,0
98.7857,-1.0,20,10,3,0,0
98.8571,-1.0,10,8,2,0,0
98.9286,-1.0,10,6,2,0,0
99.0,-1.0,10,3,3,0,0
99.0,-1.0,20,9,3,0,0
99.0714,-1.0,10,7,2,0,0
99.1429,-1.0,10,5,2,0,0
99.2143,-1.0,10,2,3,0,0
99.2143,-1.0,20,8,3,0,0
99.2857,-1.0,10,6,2,0,0
99.3571,-1.0,10,4,2,0,0
99.4286,-1.0,10,1,3,0,0
99.4286,-1.0,20,7,3,0,0
99.5000,-1.0,10,5,2,0,0
99.5714,-1.0,10,3,2,0,0
99.6429,-1.0,50,4,6,0,0
100.5000,-1.0,50,1,6,0,0
100.5000,-1.0,50,7,6,0,0
101.3571,-1.0,20,1,3,0,0
101.3571,-1.0,50,7,3,0,0
101.3571,-1.0,50,10,3,0,0
101.4643,-1.0,10,4,3,0,0
101.5714,-1.0,20,1,3,0,0
101.5714,-1.0,50,5,4,0,0
101.5714,-1.0,50,9,4,0,0
101.6786,-1.0,10,4,4,0,0
101.7857,-1.0,50,1,3,0,0
101.7857,-1.0,50,4,3,0,0
101.7857,-1.0,20,10,3,0,0
101.8929,-1.0,10,7,3,0,0
102.0,-1.0,50,1,4,0,0
102.0,-1.0,50,5,4,0,0
102.0,-1.0,20,10,3,0,0
102.1071,-1.0,10,6,4,0,0
102.2143,-1.0,20,1,3,0,0
102.2143,-1.0,81,4,3,0,0
102.2143,102.3214,101,4,3,0,0
102.2143,-1.0,81,7,3,0,0
102.2143,102.3214,101,7,3,0,0
102.2143,-1.0,20,10,3,0,0
102.4286,-1.0,81,1,3,0,0
102.4286,102.5357,101,1,3,0,0
102.4286,-1.0,20,4,3,0,0
102.4286,-1.0,20,7,3,0,0
102.4286,-1.0,81,10,3,0,0
102.4286,102.5357,101,10,3,0,0
102.6429,-1.0,83,1,3,0,0
102.6429,102.8571,110,1,3,0,0
102.6429,-1.0,83,4,3,0,0
102.6429,102.8571,110,4,3,0,0
102.6429,-1.0,83,7,3,0,0
102.6429,102.8571,110,7,3,0,0
102.6429,-1.0,83,10,3,0,0
102.6429,102.8571,110,10,3,0,0
102.7500,-1.0,900,1,3,0,0
102.7500,-1.0,900,4,3,0,0
102.7500,-1.0,900,7,3,0,0
102.7500,-1.0,900,10,3,0,0
103.0714,-1.0,50,1,3,0,0
103.0714,-1.0,50,6,2,0,0
103.2857,-1.0,10,6,2,0,0
103.2857,-1.0,10,10,3,0,0
103.4286,-1.0,10,1,3,0,0
103.4643,-1.0,10,4,2,0,0
103.5000,-1.0,80,6,2,0,0
103.5000,103.7143,100,6,2,0,0
103.5000,-1.0,10,10,3,0,0
103.6071,-1.0,900,6,2,0,0
103.7143,-1.0,10,4,2,0,0
103.7143,-1.0,10,10,3,0,0
103.8571,-1.0,10,1,3,0,0
103.9286,-1.0,10,4,2,0,0
103.9286,-1.0,10,6,2,0,0
104.1429,-1.0,10,6,2,0,0
104.1429,-1.0,10,10,3,0,0
104.2857,-1.0,10,1,3,0,0
104.2857,-1.0,10,6,2,0,0
104.2857,-1.0,10,8,2,0,0
104.5000,-1.0,10,6,2,0,0
104.5714,-1.0,82,4,2,0,0
104.5714,105.0,110,4,2,0,0
104.5714,-1.0,10,8,2,0,0
104.6786,-1.0,900,4,2,0,0
104.7143,-1.0,10,10,3,0,0
104.7857,-1.0,10,1,3,0,0
104.7857,-1.0,900,4,2,0,0
104.7857,-1.0,10,6,2,0,0
104.7857,-1.0,10,8,2,0,0
104.8929,-1.0,900,4,2,0,0
105.0,-1.0,10,8,2,0,0
105.0,-1.0,10,10,3,0,0
105.2143,-1.0,50,1,3,0,0
105.2143,-1.0,10,6,2,0,0
105.2143,-1.0,10,8,2,0,0
105.4286,-1.0,50,4,2,0,0
105.4286,-1.0,10,8,2,0,0
105.4286,-1.0,10,10,3,0,0
105.6429,-1.0,50,10,3,0,0
105.7857,-1.0,10,1,3,0,0
105.8571,-1.0,50,6,2,0,0
105.8571,-1.0,50,10,3,0,0
106.0,-1.0,10,4,2,0,0
106.0714,-1.0,50,8,2,0,0
106.2143,-1.0,10,1,3,0,0
106.2857,-1.0,50,6,2,0,0
106.2857,-1.0,50,10,3,0,0
106.4286,-1.0,10,8,2,0,0
106.5000,-1.0,50,1,3,0,0
106.5000,-1.0,50,6,2,0,0
106.7143,-1.0,10,1,3,0,0
106.7143,-1.0,10,8,2,0,0
106.7143,-1.0,10,10,3,0,0
106.8571,-1.0,10,10,3,0,0
106.8929,-1.0,10,6,2,0,0
106.9286,-1.0,10,1,3,0,0
106.9286,-1.0,80,4,2,0,0
106.9286,107.1429,100,4,2,0,0
107.0357,-1.0,900,4,2,0,0
107.1429,-1.0,10,6,2,0,0
107.1429,-1.0,10,10,3,0,0
107.2857,-1.0,10,4,2,0,0
107.3571,-1.0,10,8,2,0,0
107.3571,-1.0,10,10,3,0,0
107.5714,-1.0,10,1,3,0,0
107.5714,-1.0,10,6,2,0,0
107.7143,-1.0,10,4,2,0,0
107.7143,-1.0,10,6,2,0,0
107.7143,-1.0,10,10,3,0,0
107.9286,-1.0,10,8,2,0,0
108.0,-1.0,10,1,3,0,0
108.0,-1.0,82,6,2,0,0
108.0,108.4286,110,6,2,0,0
108.1071,-1.0,900,6,2,0,0
108.1429,-1.0,10,10,3,0,0
108.2143,-1.0,10,1,3,0,0
108.2143,-1.0,10,4,2,0,0
108.2143,-1.0,900,6,2,0,0
108.2143,-1.0,10,8,2,0,0
108.3214,-1.0,900,6,2,0,0
108.4286,-1.0,10,1,3,0,0
108.6429,-1.0,10,4,2,0,0
108.6429,-1.0,50,8,2,0,0
108.8571,-1.0,10,1,3,0,0
108.8571,-1.0,10,4,2,0,0
108.8571,-1.0,50,10,3,0,0
109.0714,-1.0,50,1,3,0,0
109.0714,-1.0,50,4,2,0,0
109.2143,-1.0,10,10,3,0,0
109.2857,-1.0,50,1,3,0,0
109.2857,-1.0,50,6,2,0,0
109.4286,-1.0,10,8,2,0,0
109.5000,-1.0,50,1,3,0,0
109.5000,-1.0,50,4,2,0,0
109.6429,-1.0,10,1,3,0,0
109.7143,-1.0,50,8,2,0,0
109.7143,-1.0,50,10,3,0,0
109.8571,-1.0,10,8,2,0,0
109.9286,-1.0,50,1,3,0,0
109.9286,-1.0,50,4,2,0,0
110.1429,-1.0,10,4,2,0,0
110.1429,-1.0,10,6,2,0,0
110.1429,-1.0,10,10,3,0,0
110.2857,-1.0,10,1,3,0,0
110.3214,-1.0,10,4,2,0,0
110.3571,-1.0,80,6,2,0,0
110.3571,110.5714,100,6,2,0,0
110.3571,-1.0,10,10,3,0,0
110.4643,-1.0,900,6,2,0,0
110.5714,-1.0,10,1,3,0,0
110.5714,-1.0,10,10,3,0,0
110.7143,-1.0,10,6,2,0,0
110.7857,-1.0,10,1,3,0,0
110.7857,-1.0,10,4,2,0,0
110.9286,-1.0,10,4,2,0,0
111.0,-1.0,10,6,2,0,0
111.0,-1.0,10,10,3,0,0
111.1429,-1.0,10,1,3,0,0
111.1429,-1.0,10,6,2,0,0
111.1429,-1.0,10,8,2,0,0
111.3571,-1.0,10,6,2,0,0
111.4286,-1.0,82,4,2,0,0
111.4286,111.8571,110,4,2,0,0
111.4286,-1.0,10,8,2,0,0
111.5357,-1.0,900,4,2,0,0
111.5714,-1.0,10,10,3,0,0
111.6429,-1.0,10,1,3,0,0
111.6429,-1.0,900,4,2,0,0
111.6429,-1.0,10,6,2,0,0
111.6429,-1.0,10,8,2,0,0
111.7500,-1.0,900,4,2,0,0
111.8571,-1.0,10,8,2,0,0
111.8571,-1.0,10,10,3,0,0
112.0714,-1.0,50,1,3,0,0
112.0714,-1.0,10,6,2,0,0
112.0714,-1.0,10,8,2,0,0
112.2857,-1.0,50,4,2,0,0
112.2857,-1.0,10,8,2,0,0
112.2857,-1.0,10,10,3,0,0
112.5000,-1.0,50,6,2,0,0
112.5000,-1.0,50,10,3,0,0
112.6429,-1.0,50,6,2,0,0
112.7143,-1.0,50,1,3,0,0
112.7143,-1.0,50,4,2,0,0
112.8571,-1.0,50,4,2,0,0
112.9286,-1.0,50,6,2,0,0
112.9286,-1.0,50,10,3,0,0
113.0714,-1.0,50,8,2,0,0
113.1429,-1.0,50,1,3,0,0
113.1429,-1.0,50,4,2,0,0
113.2857,-1.0,50,4,2,0,0
113.3571,-1.0,50,6,2,0,0
113.3571,-1.0,50,10,3,0,0
113.5714,-1.0,10,1,3,0,0
113.5714,-1.0,10,4,2,0,0
113.5714,-1.0,10,10,3,0,0
113.7143,-1.0,10,10,3,0,0
113.7500,-1.0,10,6,2,0,0
113.7857,-1.0,10,1,3,0,0
113.7857,-1.0,80,4,2,0,0
113.7857,114.0,100,4,2,0,0
113.8929,-1.0,900,4,2,0,0
114.0,-1.0,10,1,3,0,0
114.0,-1.0,10,10,3,0,0
114.1429,-1.0,10,8,2,0,0
114.2143,-1.0,80,4,2,0,0
114.2143,114.4286,100,4,2,0,0
114.3214,-1.0,900,4,2,0,0
114.4286,-1.0,10,6,2,0,0
114.4286,-1.0,10,10,3,0,0
114.5714,-1.0,10,1,3,0,0
114.6429,-1.0,10,4,2,0,0
114.6429,-1.0,10,8,2,0,0
114.7857,-1.0,10,1,3,0,0
114.7857,-1.0,10,6,2,0,0
114.8571,-1.0,10,10,3,0,0
114.9286,-1.0,10,8,2,0,0
115.0,-1.0,10,6,2,0,0
115.0714,-1.0,50,1,3,0,0
115.0714,-1.0,50,4,2,0,0
115.2857,-1.0,20,3,3,0,0
115.2857,-1.0,50,8,2,0,0
115.2857,-1.0,50,10,3,0,0
115.5000,-1.0,50,3,3,0,0
115.5000,-1.0,50,6,2,0,0
115.5000,-1.0,20,10,3,0,0
115.7143,-1.0,20,1,3,0,0
115.7143,-1.0,50,6,2,0,0
115.7143,-1.0,50,8,3,0,0
115.9286,-1.0,50,4,6,0,0
116.1429,-1.0,10,1,3,0,0
116.1429,-1.0,10,10,3,0,0
116.2143,-1.0,10,4,2,0,0
116.2143,-1.0,10,8,2,0,0
116.2857,-1.0,10,6,2,0,0
116.3571,-1.0,10,1,3,0,0
116.3571,-1.0,10,10,3,0,0
116.4286,-1.0,10,4,2,0,0
116.4286,-1.0,10,8,2,0,0
116.5000,-1.0,10,6,2,0,0
116.5714,-1.0,50,1,12,0,0