0.0,-1.0,10,5,2,0,0
7.3944,12.4648,0,0,0,14,10060
0.1056,-1.0,10,7,2,0,0
75.0,87.6761,0,0,0,14,10060
0.2113,-1.0,80,5,2,0,0
0.2113,0.4225,100,5,2,0,0
115.2958,115.2958,0,0,0,11,10120
0.4225,-1.0,10,7,3,0,0
148.6761,148.6761,0,0,0,11,4030
0.5282,-1.0,10,4,3,0,0
150.3662,150.3662,0,0,0,11,4030
0.6338,-1.0,50,10,3,0,0
152.0563,152.0563,0,0,0,11,4030
0.8451,-1.0,10,1,2,0,0
153.7465,153.7465,0,0,0,11,4030
1.0563,-1.0,10,7,2,0,0
155.4366,155.4366,0,0,0,11,4040
1.1620,-1.0,10,4,2,0,0
157.1268,157.1268,0,0,0,11,4040
1.3732,-1.0,80,8,2,0,0
1.3732,1.6901,100,8,2,0,0
158.8169,158.8169,0,0,0,11,4040
1.5845,-1.0,900,8,2,0,0
160.5070,160.5070,0,0,0,11,4040
1.6901,-1.0,10,1,2,0,0
186.5493,199.2254,0,0,0,14,10060
1.9014,-1.0,10,5,2,0,0
2.1127,-1.0,10,8,2,0,0
2.2183,-1.0,80,4,2,0,0
2.2183,2.4296,100,4,2,0,0
2.4296,-1.0,10,9,2,0,0
2.5352,-1.0,10,3,2,0,0
2.6408,-1.0,10,8,2,0,0
2.7465,-1.0,10,5,2,0,0
2.8521,-1.0,10,10,2,0,0
2.9577,-1.0,10,2,2,0,0
3.0634,-1.0,10,7,2,0,0
3.3803,-1.0,10,5,2,0,0
3.3803,-1.0,50,9,3,0,0
3.6972,-1.0,50,2,3,0,0
3.6972,-1.0,10,7,2,0,0
4.0141,-1.0,10,5,2,0,0
4.0141,-1.0,50,9,3,0,0
4.2254,-1.0,10,1,2,0,0
4.4366,-1.0,10,7,2,0,0
4.5423,-1.0,10,4,2,0,0
4.7535,-1.0,80,8,2,0,0
4.7535,5.0704,100,8,2,0,0
4.9648,-1.0,900,8,2,0,0
5.0704,-1.0,10,1,2,0,0
5.2817,-1.0,10,5,2,0,0
5.4930,-1.0,10,8,2,0,0
5.5986,-1.0,10,4,2,0,0
5.7042,-1.0,80,11,2,0,0
5.7042,5.9155,100,11,2,0,0
5.9155,-1.0,80,5,2,0,0
5.9155,6.1268,100,5,2,0,0
6.1268,-1.0,80,8,2,0,0
6.1268,6.3380,100,8,2,0,0
6.3380,-1.0,10,4,2,0,0
6.4437,-1.0,10,7,2,0,0
6.7606,-1.0,10,4,3,0,0
6.7606,-1.0,50,10,3,0,0
7.0775,-1.0,50,1,3,0,0
7.0775,-1.0,10,7,3,0,0
7.3944,-1.0,10,4,3,0,0
7.3944,-1.0,50,10,3,0,0
7.6056,-1.0,10,1,3,0,0
7.8169,-1.0,10,4,3,0,0
7.8169,-1.0,10,10,3,0,0
7.9225,-1.0,10,4,3,0,0
8.1338,-1.0,10,1,3,0,0
8.1338,-1.0,80,7,3,0,0
8.1338,8.4507,100,7,3,0,0
8.3451,-1.0,900,7,3,0,0
8.4507,-1.0,10,4,3,0,0
8.6620,-1.0,10,7,3,0,0
8.8732,-1.0,10,10,3,0,0
8.9789,-1.0,80,4,3,0,0
8.9789,9.1901,100,4,3,0,0
9.1901,-1.0,10,10,3,0,0
9.2958,-1.0,10,4,3,0,0
9.4014,-1.0,10,7,3,0,0
9.5070,-1.0,10,4,3,0,0
9.6127,-1.0,10,10,3,0,0
9.7183,-1.0,10,1,3,0,0
9.8239,-1.0,10,7,3,0,0
10.1408,-1.0,10,4,3,0,0
10.1408,-1.0,50,10,3,0,0
10.4577,-1.0,50,1,3,0,0
10.4577,-1.0,10,7,3,0,0
10.7746,-1.0,10,4,3,0,0
10.7746,-1.0,50,10,3,0,0
10.9859,-1.0,10,1,3,0,0
11.1972,-1.0,10,4,3,0,0
11.1972,-1.0,10,10,3,0,0
11.3028,-1.0,10,10,3,0,0
11.5141,-1.0,10,1,3,0,0
11.5141,-1.0,80,7,3,0,0
11.5141,11.8310,100,7,3,0,0
11.7254,-1.0,900,7,3,0,0
11.8310,-1.0,10,1,3,0,0
12.0423,-1.0,10,4,3,0,0
12.2535,-1.0,10,7,3,0,0
12.4648,-1.0,50,1,3,0,0
12.4648,-1.0,50,10,3,0,0
13.5211,-1.0,10,9,2,0,0
13.5915,-1.0,10,4,2,0,0
13.6620,-1.0,10,7,2,0,0
13.7324,-1.0,50,1,3,0,0
14.1549,-1.0,20,7,3,0,0
14.2606,-1.0,20,7,3,0,0
14.3662,-1.0,20,1,3,0,0
14.4718,-1.0,20,1,3,0,0
14.5775,-1.0,50,4,6,0,0
14.7887,-1.0,10,4,3,0,0
14.8944,-1.0,80,10,3,0,0
14.8944,15.2113,100,10,3,0,0
15.1056,-1.0,900,10,3,0,0
15.2113,-1.0,10,5,3,0,0
15.4225,-1.0,10,3,3,0,0
15.6338,-1.0,10,1,3,0,0
15.8451,-1.0,10,10,3,0,0
15.9507,-1.0,10,10,3,0,0
16.0563,-1.0,10,4,3,0,0
16.1620,-1.0,10,4,3,0,0
16.2676,-1.0,50,4,6,0,0
16.4789,-1.0,82,4,3,0,0
16.4789,16.5845,110,4,3,JumpScratch,-6
16.4789,-1.0,82,10,3,0,0
16.4789,16.5845,110,10,3,JumpScratch,-6
16.5845,16.9014,110,1,3,JumpScratch,6
16.5845,16.9014,110,7,3,JumpScratch,6
16.7958,-1.0,900,1,3,0,0
16.7958,-1.0,900,7,3,0,0
16.9014,17.1127,110,4,3,JumpScratch,-6
16.9014,17.1127,110,10,3,JumpScratch,-6
17.5352,-1.0,20,1,4,0,0
17.7465,-1.0,10,7,3,0,0
17.8521,-1.0,80,4,3,0,0
17.8521,18.1690,100,4,3,0,0
17.9577,-1.0,50,9,4,0,0
18.0634,-1.0,900,4,3,0,0
18.1690,-1.0,10,7,3,0,0
18.3803,-1.0,20,9,4,0,0
18.5915,-1.0,50,1,4,0,0
18.6972,-1.0,80,7,3,0,0
18.6972,19.0141,100,7,3,0,0
18.8028,-1.0,50,1,4,0,0
18.9085,-1.0,900,7,3,0,0
19.0141,-1.0,10,4,3,0,0
19.2254,-1.0,10,10,3,0,0
19.3310,-1.0,10,4,3,0,0
19.4366,-1.0,10,7,3,0,0
19.5423,-1.0,10,1,3,0,0
19.6479,-1.0,10,10,3,0,0
19.8592,-1.0,10,4,3,0,0
19.9648,-1.0,82,7,3,0,0
19.9648,20.2817,110,7,3,0,0
20.1761,-1.0,900,7,3,0,0
20.4930,-1.0,50,4,3,0,0
20.7042,-1.0,50,1,3,0,0
20.7042,-1.0,50,10,3,0,0
20.9155,-1.0,10,4,3,0,0
21.0211,-1.0,10,4,3,0,0
21.1268,-1.0,10,10,3,0,0
21.2324,-1.0,10,10,3,0,0
21.3380,-1.0,50,4,6,0,0
21.5493,-1.0,10,7,3,0,0
21.6549,-1.0,80,1,3,0,0
21.6549,21.9718,100,1,3,0,0
21.8662,-1.0,900,1,3,0,0
21.9718,-1.0,10,10,3,0,0
22.1831,-1.0,50,4,6,0,0
22.3944,-1.0,10,4,3,0,0
22.5000,-1.0,80,10,3,0,0
22.5000,22.8169,100,10,3,0,0
22.7113,-1.0,900,10,3,0,0
22.8169,-1.0,10,1,3,0,0
23.0282,-1.0,50,4,6,0,0
23.2394,-1.0,10,7,3,0,0
23.4507,-1.0,82,4,3,0,0
23.4507,23.6620,110,4,3,JumpScratch,-6
23.4507,-1.0,82,10,3,0,0
23.4507,23.6620,110,10,3,JumpScratch,-6
23.6620,23.7676,110,7,3,JumpScratch,6
23.8732,-1.0,50,1,6,0,0
24.0845,-1.0,10,10,3,0,0
24.1901,-1.0,10,10,3,0,0
24.2958,-1.0,10,4,3,0,0
24.4014,-1.0,10,7,3,0,0
24.6127,-1.0,82,1,3,0,0
24.6127,24.9296,110,1,3,0,0
24.6127,-1.0,82,10,3,0,0
24.6127,24.9296,110,10,3,0,0
24.8239,-1.0,900,1,3,0,0
24.8239,-1.0,900,10,3,0,0
25.1408,-1.0,10,7,3,0,0
25.2465,-1.0,10,4,3,0,0
25.4577,-1.0,82,1,3,0,0
25.4577,25.7746,110,1,3,JumpScratch,6
25.4577,-1.0,82,7,3,0,0
25.4577,25.7746,110,7,3,JumpScratch,6
25.6690,-1.0,900,1,3,0,0
25.6690,-1.0,900,7,3,0,0
25.7746,25.9859,110,4,3,JumpScratch,-6
25.7746,25.9859,110,10,3,JumpScratch,-6
25.9859,27.2535,110,1,3,0,0
26.1972,-1.0,900,1,3,0,0
26.4085,-1.0,900,1,3,0,0
26.4085,-1.0,10,10,3,0,0
26.6197,-1.0,900,1,3,0,0
26.8310,-1.0,900,1,3,0,0
26.8310,-1.0,10,8,3,0,0
27.0423,-1.0,900,1,3,0,0
27.2535,-1.0,10,6,3,0,0
27.4648,-1.0,10,4,3,0,0
27.6761,-1.0,50,9,4,0,0
27.7817,-1.0,10,5,4,0,0
27.9930,-1.0,82,4,3,0,0
27.9930,28.3099,110,4,3,0,0
27.9930,-1.0,82,10,3,0,0
27.9930,28.3099,110,10,3,0,0
28.2042,-1.0,900,4,3,0,0
28.2042,-1.0,900,10,3,0,0
28.5211,-1.0,50,1,4,0,0
28.6268,-1.0,10,5,4,0,0
28.8380,-1.0,82,1,3,0,0
28.8380,29.1549,110,1,3,0,0
28.8380,-1.0,82,7,3,0,0
28.8380,29.1549,110,7,3,0,0
29.0493,-1.0,900,1,3,0,0
29.0493,-1.0,900,7,3,0,0
29.3662,-1.0,20,5,4,0,0
29.3662,-1.0,50,9,4,0,0
29.6831,-1.0,50,1,4,0,0
29.6831,-1.0,20,5,4,0,0
30.0,-1.0,20,5,4,0,0
30.0,-1.0,50,9,4,0,0
30.2113,-1.0,50,1,4,0,0
30.2113,-1.0,83,5,4,0,0
30.2113,30.6338,110,5,4,0,0
30.4225,-1.0,900,5,4,0,0
31.0563,-1.0,10,4,2,0,0
31.2676,-1.0,10,1,2,0,0
31.2676,-1.0,10,11,2,0,0
31.4789,-1.0,10,8,2,0,0
31.5845,-1.0,10,5,2,0,0
31.7958,-1.0,80,9,2,0,0
31.7958,32.1127,100,9,2,0,0
32.0070,-1.0,900,9,2,0,0
32.1127,-1.0,10,3,2,0,0
32.3239,-1.0,10,5,2,0,0
32.5352,-1.0,10,7,2,0,0
32.6408,-1.0,80,3,2,0,0
32.6408,32.8521,100,3,2,0,0
32.8521,-1.0,10,9,2,0,0
32.9577,-1.0,10,3,2,0,0
33.0634,-1.0,10,8,2,0,0
33.1690,-1.0,10,5,2,0,0
33.2746,-1.0,10,10,2,0,0
33.3803,-1.0,10,2,2,0,0
33.4859,-1.0,10,7,2,0,0
33.8028,-1.0,20,6,2,0,0
33.8028,-1.0,50,9,3,0,0
34.1197,-1.0,50,2,3,0,0
34.1197,-1.0,20,6,2,0,0
34.4366,-1.0,20,6,2,0,0
34.4366,-1.0,50,9,3,0,0
34.6479,-1.0,10,1,2,0,0
34.8592,-1.0,10,4,2,0,0
34.9648,-1.0,10,7,2,0,0
35.1761,-1.0,80,3,2,0,0
35.1761,35.4930,100,3,2,0,0
35.3873,-1.0,900,3,2,0,0
35.4930,-1.0,10,9,2,0,0
35.7042,-1.0,10,7,2,0,0
35.9155,-1.0,10,5,2,0,0
36.1268,-1.0,81,11,2,0,0
36.1268,36.4437,101,11,2,0,0
36.3380,-1.0,900,11,2,0,0
36.4437,-1.0,81,5,2,0,0
36.4437,36.7606,101,5,2,0,0
36.6549,-1.0,900,5,2,0,0
36.7606,-1.0,20,8,2,0,0
36.9718,-1.0,50,1,4,0,0
37.3944,-1.0,83,5,2,0,0
37.3944,37.8169,110,5,2,JumpScratch,-6
37.3944,-1.0,83,8,2,0,0
37.3944,37.8169,110,8,2,JumpScratch,5
37.6056,-1.0,900,5,2,0,0
37.6056,-1.0,900,8,2,0,0
37.8169,39.2958,110,1,2,JumpScratch,5
38.0282,-1.0,900,1,2,0,0
38.0282,-1.0,82,11,2,0,0
38.0282,38.1338,110,11,2,JumpScratch,-4
38.1338,38.2394,110,9,2,JumpScratch,-4
38.2394,-1.0,900,1,2,0,0
38.2394,38.4507,110,7,2,0,0
38.4507,-1.0,900,1,2,0,0
38.6620,-1.0,900,1,2,0,0
38.6620,-1.0,82,11,2,0,0
38.6620,38.9789,110,11,2,0,0
38.8732,-1.0,900,1,2,0,0
38.8732,-1.0,900,11,2,0,0
39.0845,-1.0,900,1,2,0,0
39.2958,39.5070,110,4,2,JumpScratch,-5
39.2958,-1.0,83,7,2,0,0
39.2958,39.5070,110,7,2,JumpScratch,6
39.5070,40.9859,110,11,2,JumpScratch,-5
39.7183,-1.0,82,1,2,0,0
39.7183,39.8239,110,1,2,JumpScratch,4
39.7183,-1.0,900,11,2,0,0
39.8239,39.9296,110,3,2,JumpScratch,4
39.9296,40.0352,110,5,2,JumpScratch,4
39.9296,-1.0,900,11,2,0,0
40.1408,-1.0,900,11,2,0,0
40.3521,-1.0,80,3,2,0,0
40.3521,40.6690,100,3,2,0,0
40.3521,-1.0,900,11,2,0,0
40.5634,-1.0,900,3,2,0,0
40.5634,-1.0,900,11,2,0,0
40.7746,-1.0,82,5,2,0,0
40.7746,41.1972,110,5,2,JumpScratch,-6
40.7746,-1.0,900,11,2,0,0
40.9859,-1.0,900,5,2,0,0
40.9859,41.1972,110,8,2,JumpScratch,5
41.1972,41.6197,110,1,2,JumpScratch,5
41.4085,-1.0,900,1,2,0,0
41.4085,-1.0,10,11,2,0,0
41.6197,42.0423,110,4,2,JumpScratch,-5
41.6197,-1.0,10,9,2,0,0
41.8310,-1.0,900,4,2,0,0
41.8310,-1.0,10,11,2,0,0
42.0423,42.4648,110,1,2,JumpScratch,5
42.0423,-1.0,82,7,2,0,0
42.0423,42.3592,110,7,2,JumpScratch,4
42.2535,-1.0,900,1,2,0,0
42.2535,-1.0,900,7,2,0,0
42.3592,42.6761,110,9,2,JumpScratch,4
42.4648,42.8873,110,4,2,JumpScratch,-5
42.5704,-1.0,900,9,2,0,0
42.6761,-1.0,900,4,2,0,0
42.8873,-1.0,10,9,2,0,0
43.0986,-1.0,10,4,3,0,0
43.2042,-1.0,50,7,6,0,0
43.4155,-1.0,10,7,3,0,0
43.5211,-1.0,50,1,6,0,0
43.7324,-1.0,10,1,3,0,0
43.8380,-1.0,50,4,6,0,0
44.0493,-1.0,10,10,3,0,0
44.1549,-1.0,50,4,6,0,0
44.3662,-1.0,82,4,3,0,0
44.3662,44.4718,110,4,3,JumpScratch,-6
44.3662,-1.0,82,10,3,0,0
44.3662,44.4718,110,10,3,JumpScratch,-6
44.4718,45.8451,110,1,3,0,0
44.6831,-1.0,900,1,3,0,0
44.7887,-1.0,10,8,2,0,0
44.8944,-1.0,900,1,3,0,0
45.0,-1.0,10,11,2,0,0
45.1056,-1.0,900,1,3,0,0
45.1056,-1.0,10,11,2,0,0
45.3169,-1.0,900,1,3,0,0
45.3169,-1.0,10,8,2,0,0
45.5282,-1.0,900,1,3,0,0
45.6338,-1.0,10,11,2,0,0
45.7394,-1.0,900,1,3,0,0
45.8451,-1.0,10,9,2,0,0
46.0563,-1.0,10,7,2,0,0
46.2676,-1.0,50,2,5,0,0
46.2676,-1.0,83,10,3,0,0
46.2676,46.3732,110,10,3,JumpScratch,-6
46.3732,46.5845,110,7,3,JumpScratch,5
46.5845,-1.0,83,1,3,0,0
46.5845,46.6901,110,1,3,JumpScratch,6
46.6901,46.9014,110,4,3,JumpScratch,-5
46.9014,-1.0,83,10,3,0,0
46.9014,47.0070,110,10,3,JumpScratch,-6
47.0070,47.2183,110,7,3,JumpScratch,5
47.2183,-1.0,83,1,3,0,0
47.2183,47.3239,110,1,3,JumpScratch,6
47.3239,47.5352,110,4,3,JumpScratch,-5
47.5352,-1.0,83,10,3,0,0
47.5352,47.7465,110,10,3,JumpScratch,-6
47.7465,-1.0,83,4,3,0,0
47.7465,47.9577,110,4,3,JumpScratch,-6
47.7465,47.9577,110,7,3,JumpScratch,6
48.1690,-1.0,10,10,3,0,0
48.2746,-1.0,10,5,2,0,0
48.3803,-1.0,10,7,3,0,0
48.5915,-1.0,10,4,2,0,0
48.5915,-1.0,10,10,3,0,0
48.8028,-1.0,10,1,3,0,0
48.8028,-1.0,10,7,2,0,0
48.9085,-1.0,10,7,2,0,0
49.1197,-1.0,10,5,2,0,0
49.1197,-1.0,10,10,3,0,0
49.2254,-1.0,10,5,2,0,0
49.4366,-1.0,83,1,3,0,0
49.4366,49.6479,110,1,3,0,0
49.4366,-1.0,83,7,3,0,0
49.4366,49.6479,110,7,3,0,0
49.8592,-1.0,10,10,3,0,0
49.9648,-1.0,10,4,3,0,0
50.0704,-1.0,10,7,3,0,0
50.1761,-1.0,10,1,3,0,0
50.3873,-1.0,10,5,2,0,0
50.4930,-1.0,10,10,3,0,0
50.7042,-1.0,10,2,2,0,0
50.8099,-1.0,10,2,2,0,0
50.8099,-1.0,10,7,3,0,0
51.0211,-1.0,10,5,2,0,0
51.1268,-1.0,50,9,4,0,0
51.3380,-1.0,50,9,4,0,0
51.5493,-1.0,80,1,3,0,0
51.5493,51.7606,100,1,3,0,0
51.7606,-1.0,80,7,3,0,0
51.7606,51.9718,100,7,3,0,0
51.9718,-1.0,10,4,3,0,0
52.1831,-1.0,10,3,3,0,0
52.1831,-1.0,10,9,2,0,0
52.2887,-1.0,10,9,2,0,0
52.5000,-1.0,10,1,3,0,0
52.5000,-1.0,10,10,3,0,0
52.8169,-1.0,10,9,2,0,0
52.8873,-1.0,10,4,2,0,0
52.9577,-1.0,10,7,2,0,0
53.0282,-1.0,50,1,4,0,0
53.2394,-1.0,10,4,3,0,0
53.3451,-1.0,50,9,4,0,0
53.5563,-1.0,10,7,3,0,0
53.6620,-1.0,50,1,4,0,0
53.8732,-1.0,10,5,4,0,0
53.9789,-1.0,50,9,4,0,0
54.1901,-1.0,10,5,4,0,0
54.2958,-1.0,50,1,4,0,0
54.5070,-1.0,50,5,4,0,0
54.7183,-1.0,50,9,4,0,0
54.9296,-1.0,10,1,3,0,0
55.1408,-1.0,10,7,3,0,0
55.2465,-1.0,10,4,3,0,0
55.4577,-1.0,10,1,3,0,0
55.4577,-1.0,80,10,3,0,0
55.4577,55.7746,100,10,3,0,0
55.6690,-1.0,900,10,3,0,0
55.7746,-1.0,10,1,3,0,0
55.9859,-1.0,10,4,3,0,0
56.1972,-1.0,10,7,3,0,0
56.4085,-1.0,20,4,3,0,0
56.4085,-1.0,10,10,3,0,0
56.5141,-1.0,20,4,3,0,0
56.7254,-1.0,10,1,3,0,0
56.7254,-1.0,20,7,3,0,0
56.8310,-1.0,20,7,3,0,0
57.0423,-1.0,20,5,4,0,0
57.0423,-1.0,10,10,3,0,0
57.1479,-1.0,20,5,4,0,0
57.3592,-1.0,10,1,3,0,0
57.3592,-1.0,20,5,4,0,0
57.4648,-1.0,20,5,4,0,0
57.6761,-1.0,83,1,4,0,0
57.6761,57.8873,110,1,4,0,0
57.6761,-1.0,83,9,4,0,0
57.6761,57.8873,110,9,4,0,0
58.0986,-1.0,80,5,2,0,0
58.0986,58.4155,100,5,2,0,0
58.0986,-1.0,50,8,4,0,0
58.3099,-1.0,900,5,2,0,0
58.4155,-1.0,10,8,2,0,0
58.5211,-1.0,10,4,2,0,0
58.7324,-1.0,80,3,2,0,0
58.7324,59.1549,100,3,2,0,0
58.7324,-1.0,50,6,4,0,0
58.9437,-1.0,900,3,2,0,0
59.1549,-1.0,10,7,2,0,0
59.2606,-1.0,10,4,2,0,0
59.3662,-1.0,10,6,2,0,0
59.5775,-1.0,50,4,4,0,0
59.5775,-1.0,80,9,2,0,0
59.5775,60.0,100,9,2,0,0
59.7887,-1.0,900,9,2,0,0
60.0,-1.0,10,5,2,0,0
60.1056,-1.0,10,8,2,0,0
60.2113,-1.0,10,6,2,0,0
60.4225,-1.0,50,5,4,0,0
60.4225,-1.0,80,10,2,0,0
60.4225,60.8451,100,10,2,0,0
60.6338,-1.0,900,10,2,0,0
60.8451,-1.0,80,6,2,0,0
60.8451,61.0563,100,6,2,0,0
61.0563,-1.0,80,8,2,0,0
61.0563,61.2676,100,8,2,0,0
61.2676,-1.0,82,4,2,0,0
61.2676,61.4789,110,4,2,JumpScratch,-4
61.3732,-1.0,31,4,2,0,0
61.4789,-1.0,80,7,2,0,0
61.4789,61.7958,100,7,2,0,0
61.6901,-1.0,900,7,2,0,0
61.7958,-1.0,10,4,2,0,0
61.9014,-1.0,10,8,2,0,0
62.1127,-1.0,80,5,2,0,0
62.1127,62.5352,100,5,2,0,0
62.1127,-1.0,50,8,4,0,0
62.3239,-1.0,900,5,2,0,0
62.5352,-1.0,10,9,2,0,0
62.7465,-1.0,10,6,2,0,0
62.9577,-1.0,10,3,2,0,0
63.0634,-1.0,82,6,2,0,0
63.0634,63.5915,110,6,2,JumpScratch,7
63.2746,-1.0,900,6,2,0,0
63.4859,-1.0,900,6,2,0,0
63.5915,-1.0,82,1,2,0,0
63.5915,64.0141,110,1,2,JumpScratch,7
63.5915,64.0141,110,11,2,0,0
63.8028,-1.0,900,1,2,0,0
63.8028,-1.0,900,11,2,0,0
64.0141,64.4366,110,6,2,0,0
64.2254,-1.0,900,6,2,0,0
64.8592,-1.0,80,1,3,0,0
64.8592,65.4930,100,1,3,0,0
64.8592,-1.0,80,7,3,0,0
64.8592,65.4930,100,7,3,0,0
65.0704,-1.0,900,1,3,0,0
65.0704,-1.0,900,7,3,0,0
65.2817,-1.0,900,1,3,0,0
65.2817,-1.0,900,7,3,0,0
65.7042,-1.0,80,4,3,0,0
65.7042,66.1268,100,4,3,0,0
65.7042,-1.0,80,10,3,0,0
65.7042,66.1268,100,10,3,0,0
65.9155,-1.0,900,4,3,0,0
65.9155,-1.0,900,10,3,0,0
66.5493,-1.0,80,1,3,0,0
66.5493,66.7606,100,1,3,0,0
66.7606,-1.0,80,8,3,0,0
66.7606,66.9718,100,8,3,0,0
66.9718,-1.0,80,3,3,0,0
66.9718,67.1831,100,3,3,0,0
67.1831,-1.0,80,10,3,0,0
67.1831,67.3944,100,10,3,0,0
67.3944,-1.0,80,5,3,0,0
67.3944,67.6056,100,5,3,0,0
67.6056,-1.0,50,8,5,0,0
67.8169,-1.0,50,1,5,0,0
68.0282,-1.0,10,7,2,0,0
68.1338,-1.0,10,4,2,0,0
68.2394,-1.0,10,7,2,0,0
68.4507,-1.0,10,1,2,0,0
68.4507,-1.0,10,5,3,0,0
68.6620,-1.0,10,2,2,0,0
68.6620,-1.0,10,6,3,0,0
68.8732,-1.0,10,1,2,0,0
68.9789,-1.0,10,5,3,0,0
69.1901,-1.0,10,2,2,0,0
69.2958,-1.0,10,6,3,0,0
69.5070,-1.0,50,1,3,0,0
69.7183,-1.0,10,5,2,0,0
69.8239,-1.0,10,8,2,0,0
69.9296,-1.0,10,5,2,0,0
70.1408,-1.0,10,6,3,0,0
70.1408,-1.0,10,11,2,0,0
70.3521,-1.0,10,5,3,0,0
70.3521,-1.0,10,10,2,0,0
70.5634,-1.0,10,11,2,0,0
70.6690,-1.0,10,6,3,0,0
70.8803,-1.0,10,10,2,0,0
70.9859,-1.0,10,5,3,0,0
71.1972,-1.0,50,10,3,0,0
71.4085,-1.0,10,4,3,0,0
71.6197,-1.0,20,1,3,0,0
71.6197,-1.0,20,10,3,0,0
71.8310,-1.0,20,1,3,0,0
71.8310,-1.0,20,10,3,0,0
72.0423,-1.0,20,4,3,0,0
72.0423,-1.0,20,7,3,0,0
72.2535,-1.0,20,4,3,0,0
72.2535,-1.0,20,7,3,0,0
72.4648,-1.0,83,1,3,0,0
72.4648,72.7817,110,1,3,JumpScratch,6
72.4648,-1.0,83,10,3,0,0
72.4648,72.7817,110,10,3,JumpScratch,-6
72.6761,-1.0,900,1,3,0,0
72.6761,-1.0,900,10,3,0,0
72.7817,73.0986,110,4,3,JumpScratch,-6
72.7817,73.0986,110,7,3,JumpScratch,6
72.9930,-1.0,900,4,3,0,0
72.9930,-1.0,900,7,3,0,0
73.0986,73.3099,110,1,3,JumpScratch,6
73.0986,73.3099,110,10,3,JumpScratch,-6
74.3662,-1.0,10,10,3,0,0
74.4366,-1.0,10,4,3,0,0
74.5070,-1.0,10,7,3,0,0
74.5775,-1.0,50,1,3,0,0
75.0,-1.0,20,4,3,0,0
75.1056,-1.0,20,4,3,0,0
75.2113,-1.0,20,10,3,0,0
75.3169,-1.0,20,10,3,0,0
75.4225,-1.0,50,4,3,0,0
75.6338,-1.0,10,7,3,0,0
75.7394,-1.0,80,1,3,0,0
75.7394,76.0563,100,1,3,0,0
75.9507,-1.0,900,1,3,0,0
76.0563,-1.0,10,10,3,0,0
76.2676,-1.0,10,7,3,0,0
76.4789,-1.0,10,4,3,0,0
76.6901,-1.0,10,7,3,0,0
76.7958,-1.0,10,7,3,0,0
76.9014,-1.0,10,1,3,0,0
77.0070,-1.0,10,1,3,0,0
77.1127,-1.0,50,7,3,0,0
77.3239,-1.0,82,4,3,0,0
77.3239,77.4296,110,4,3,0,0
77.4296,-1.0,82,10,3,0,0
77.4296,77.9577,110,10,3,0,0
77.6408,-1.0,900,10,3,0,0
77.7465,-1.0,10,1,3,0,0
77.7465,-1.0,40,10,3,0,0
77.8521,-1.0,900,10,3,0,0
77.9577,-1.0,50,1,3,0,0
78.3803,-1.0,20,10,3,0,0
78.5915,-1.0,10,4,3,0,0
78.6972,-1.0,80,7,3,0,0
78.6972,79.0141,100,7,3,0,0
78.8028,-1.0,50,1,3,0,0
78.9085,-1.0,900,7,3,0,0
79.0141,-1.0,10,4,3,0,0
79.2254,-1.0,20,1,3,0,0
79.4366,-1.0,50,10,3,0,0
79.5423,-1.0,80,4,3,0,0
79.5423,79.8592,100,4,3,0,0
79.6479,-1.0,50,10,3,0,0
79.7535,-1.0,900,4,3,0,0
79.8592,-1.0,10,7,3,0,0
80.0704,-1.0,10,1,3,0,0
80.1761,-1.0,10,7,3,0,0
80.2817,-1.0,10,4,3,0,0
80.3873,-1.0,10,10,3,0,0
80.4930,-1.0,10,1,3,0,0
80.7042,-1.0,10,7,3,0,0
80.8099,-1.0,82,4,3,0,0
80.8099,81.1268,110,4,3,0,0
81.0211,-1.0,900,4,3,0,0
81.3380,-1.0,50,7,3,0,0
81.5493,-1.0,50,1,3,0,0
81.5493,-1.0,50,10,3,0,0
81.7606,-1.0,10,7,3,0,0
81.8662,-1.0,10,7,3,0,0
81.9718,-1.0,10,4,3,0,0
82.0775,-1.0,10,4,3,0,0
82.1831,-1.0,50,10,3,0,0
82.3944,-1.0,10,1,3,0,0
82.5000,-1.0,10,7,3,0,0
82.6056,-1.0,20,4,3,0,0
82.8169,-1.0,10,1,3,0,0
82.8169,-1.0,10,7,3,0,0
83.0282,-1.0,10,4,3,0,0
83.0282,-1.0,20,10,3,0,0
83.2394,-1.0,10,7,3,0,0
83.3451,-1.0,10,7,3,0,0
83.4507,-1.0,50,1,3,0,0
83.6620,-1.0,10,4,3,0,0
83.8732,-1.0,10,4,3,0,0
83.8732,-1.0,50,10,3,0,0
84.0845,-1.0,10,7,3,0,0
84.1901,-1.0,10,1,3,0,0
84.2958,-1.0,10,7,3,0,0
84.4014,-1.0,10,4,3,0,0
84.5070,-1.0,50,10,3,0,0
84.6127,-1.0,10,4,3,0,0
84.7183,-1.0,50,10,3,0,0
84.9296,-1.0,10,4,3,0,0
85.0352,-1.0,10,4,3,0,0
85.1408,-1.0,10,7,3,0,0
85.2465,-1.0,10,1,3,0,0
85.4577,-1.0,80,10,3,0,0
85.4577,85.7746,100,10,3,0,0
85.5634,-1.0,50,4,3,0,0
85.6690,-1.0,900,10,3,0,0
85.7746,-1.0,10,1,3,0,0
85.8803,-1.0,10,7,3,0,0
85.9859,-1.0,10,4,3,0,0
86.0915,-1.0,10,10,3,0,0
86.3028,-1.0,80,1,3,0,0
86.3028,86.6197,100,1,3,0,0
86.4085,-1.0,50,7,3,0,0
86.5141,-1.0,900,1,3,0,0
86.6197,-1.0,10,10,3,0,0
86.8310,-1.0,82,4,3,0,0
86.8310,87.6761,110,4,3,0,0
86.8310,-1.0,82,7,3,0,0
86.8310,87.6761,110,7,3,0,0
87.0423,-1.0,900,4,3,0,0
87.0423,-1.0,900,7,3,0,0
87.2535,-1.0,900,4,3,0,0
87.2535,-1.0,40,4,3,0,0
87.2535,-1.0,900,7,3,0,0
87.2535,-1.0,40,7,3,0,0
87.4648,-1.0,900,4,3,0,0
87.4648,-1.0,900,7,3,0,0
87.8873,-1.0,10,7,3,0,0
87.9930,-1.0,10,4,3,0,0
88.0986,-1.0,10,10,3,0,0
88.2042,-1.0,10,1,3,0,0
88.3099,-1.0,10,7,3,0,0
88.5211,-1.0,50,1,4,0,0
88.6268,-1.0,10,5,4,0,0
88.8380,-1.0,82,1,3,0,0
88.8380,89.1549,110,1,3,0,0
88.8380,-1.0,82,7,3,0,0
88.8380,89.1549,110,7,3,0,0
89.0493,-1.0,900,1,3,0,0
89.0493,-1.0,900,7,3,0,0
89.3662,-1.0,50,9,4,0,0
89.4718,-1.0,10,5,4,0,0
89.6831,-1.0,82,4,3,0,0
89.6831,90.0,110,4,3,0,0
89.6831,-1.0,82,10,3,0,0
89.6831,90.0,110,10,3,0,0
89.8944,-1.0,900,4,3,0,0
89.8944,-1.0,900,10,3,0,0
90.2113,-1.0,50,1,4,0,0
90.2113,-1.0,20,5,4,0,0
90.5282,-1.0,20,5,4,0,0
90.5282,-1.0,50,9,4,0,0
90.8451,-1.0,50,1,4,0,0
90.8451,-1.0,20,5,4,0,0
91.0563,-1.0,83,5,4,0,0
91.0563,91.4789,110,5,4,0,0
91.0563,-1.0,50,9,4,0,0
91.2676,-1.0,900,5,4,0,0
91.9014,-1.0,10,4,2,0,0
92.1127,-1.0,10,1,2,0,0
92.1127,-1.0,10,11,2,0,0
92.3239,-1.0,10,8,2,0,0
92.4296,-1.0,10,5,2,0,0
92.6408,-1.0,80,9,2,0,0
92.6408,92.9577,100,9,2,0,0
92.8521,-1.0,900,9,2,0,0
92.9577,-1.0,10,3,2,0,0
93.1690,-1.0,10,5,2,0,0
93.3803,-1.0,10,7,2,0,0
93.4859,-1.0,80,3,2,0,0
93.4859,93.6972,100,3,2,0,0
93.6972,-1.0,10,8,2,0,0
93.8028,-1.0,10,3,2,0,0
93.9085,-1.0,10,10,2,0,0
94.0141,-1.0,10,4,2,0,0
94.1197,-1.0,10,8,2,0,0
94.2254,-1.0,10,2,2,0,0
94.3310,-1.0,10,6,2,0,0
94.6479,-1.0,20,6,2,0,0
94.6479,-1.0,50,9,3,0,0
94.9648,-1.0,50,2,3,0,0
94.9648,-1.0,20,6,2,0,0
95.2817,-1.0,20,6,2,0,0
95.2817,-1.0,50,9,3,0,0
95.4930,-1.0,10,1,2,0,0
95.7042,-1.0,10,4,2,0,0
95.8099,-1.0,10,7,2,0,0
96.0211,-1.0,80,3,2,0,0
96.0211,96.3380,100,3,2,0,0
96.2324,-1.0,900,3,2,0,0
96.3380,-1.0,10,9,2,0,0
96.5493,-1.0,10,7,2,0,0
96.7606,-1.0,10,5,2,0,0
96.9718,-1.0,10,3,3,0,0
96.9718,-1.0,10,10,3,0,0
97.1127,-1.0,10,7,3,0,0
97.2535,-1.0,10,5,2,0,0
97.3944,-1.0,10,2,3,0,0
97.3944,-1.0,10,9,3,0,0
97.5352,-1.0,10,6,3,0,0
97.6761,-1.0,10,4,2,0,0
97.8169,-1.0,82,1,3,0,0
97.8169,98.2394,110,1,3,JumpScratch,6
97.8169,-1.0,82,7,3,0,0
97.8169,98.2394,110,7,3,JumpScratch,6
98.0282,-1.0,900,1,3,0,0
98.0282,-1.0,900,7,3,0,0
98.2394,98.6620,110,4,3,JumpScratch,-6
98.2394,98.6620,110,10,3,JumpScratch,-6
98.4507,-1.0,900,4,3,0,0
98.4507,-1.0,900,10,3,0,0
98.6620,100.3521,110,1,3,JumpScratch,6
98.8732,-1.0,900,1,3,0,0
98.9437,-1.0,10,7,2,0,0
99.0845,-1.0,900,1,3,0,0
99.0845,-1.0,10,7,2,0,0
99.2958,-1.0,900,1,3,0,0
99.3662,-1.0,10,10,2,0,0
99.5070,-1.0,900,1,3,0,0
99.5070,-1.0,82,10,2,0,0
99.5070,99.9296,110,10,2,0,0
99.7183,-1.0,900,1,3,0,0
99.7183,-1.0,900,10,2,0,0
99.9296,-1.0,900,1,3,0,0
100.1408,-1.0,900,1,3,0,0
100.3521,-1.0,82,10,3,0,0
100.3521,102.0423,110,10,3,JumpScratch,-6
100.5634,-1.0,900,10,3,0,0
100.6338,-1.0,82,5,2,0,0
100.6338,100.7746,110,5,2,JumpScratch,-5
100.7746,101.0563,110,2,2,JumpScratch,4
100.7746,-1.0,900,10,3,0,0
100.9859,-1.0,900,10,3,0,0
101.0563,101.1972,110,4,2,JumpScratch,-5
101.1972,101.6197,110,1,2,JumpScratch,4
101.1972,-1.0,900,10,3,0,0
101.4085,-1.0,900,1,2,0,0
101.4085,-1.0,900,10,3,0,0
101.6197,-1.0,900,10,3,0,0
101.8310,-1.0,900,10,3,0,0
102.0423,-1.0,82,4,3,0,0
102.0423,103.7324,110,4,3,JumpScratch,-6
102.2535,-1.0,900,4,3,0,0
102.3239,-1.0,82,8,2,0,0
102.3239,102.4648,110,8,2,JumpScratch,4
102.4648,-1.0,900,4,3,0,0
102.6761,-1.0,900,4,3,0,0
102.7465,-1.0,82,11,2,0,0
102.7465,102.8873,110,11,2,JumpScratch,-5
102.8873,-1.0,900,4,3,0,0
102.8873,103.3099,110,8,2,JumpScratch,4
103.0986,-1.0,900,4,3,0,0
103.0986,-1.0,900,8,2,0,0
103.1690,-1.0,31,8,2,0,0
103.3099,-1.0,900,4,3,0,0
103.5211,-1.0,900,4,3,0,0
103.7324,-1.0,10,8,3,0,0
103.9437,-1.0,10,4,3,0,0
104.0493,-1.0,50,7,6,0,0
104.2606,-1.0,10,7,3,0,0
104.3662,-1.0,50,1,6,0,0
104.5775,-1.0,10,1,4,0,0
104.6831,-1.0,50,4,6,0,0
104.8944,-1.0,10,9,4,0,0
105.0,-1.0,50,4,6,0,0
105.2113,-1.0,82,4,3,0,0
105.2113,105.3169,110,4,3,JumpScratch,-6
105.2113,-1.0,82,10,3,0,0
105.2113,105.3169,110,10,3,JumpScratch,-6
105.3169,106.6901,110,1,3,0,0
105.5282,-1.0,900,1,3,0,0
105.6338,-1.0,10,8,2,0,0
105.7394,-1.0,900,1,3,0,0
105.8451,-1.0,10,11,2,0,0
105.9507,-1.0,900,1,3,0,0
105.9507,-1.0,10,11,2,0,0
106.1620,-1.0,900,1,3,0,0
106.1620,-1.0,10,8,2,0,0
106.3732,-1.0,900,1,3,0,0
106.4789,-1.0,10,11,2,0,0
106.5845,-1.0,900,1,3,0,0
106.6901,-1.0,10,9,2,0,0
106.9014,-1.0,10,7,2,0,0
107.1127,-1.0,83,4,3,0,0
107.1127,107.2183,110,4,3,JumpScratch,-6
107.1127,-1.0,50,7,5,0,0
107.2183,107.4296,110,1,3,JumpScratch,5
107.4296,-1.0,83,7,3,0,0
107.4296,107.5352,110,7,3,JumpScratch,6
107.5352,107.7465,110,10,3,JumpScratch,-5
107.7465,-1.0,83,4,3,0,0
107.7465,107.8521,110,4,3,JumpScratch,-6
107.8521,108.0634,110,1,3,JumpScratch,5
108.0634,-1.0,83,7,3,0,0
108.0634,108.1690,110,7,3,JumpScratch,6
108.1690,108.3803,110,10,3,JumpScratch,-6
108.3803,-1.0,83,4,3,0,0
108.3803,108.5915,110,4,3,JumpScratch,-6
108.3803,108.5915,110,7,3,JumpScratch,6
108.5915,108.8028,110,1,3,0,0
108.5915,108.8028,110,10,3,0,0
109.0141,-1.0,10,4,3,0,0
109.1197,-1.0,10,7,2,0,0
109.2254,-1.0,10,1,3,0,0
109.4366,-1.0,10,5,2,0,0
109.4366,-1.0,10,10,3,0,0
109.6479,-1.0,10,2,2,0,0
109.6479,-1.0,10,7,3,0,0
109.7535,-1.0,10,2,2,0,0
109.9648,-1.0,10,4,3,0,0
109.9648,-1.0,10,10,2,0,0
110.0704,-1.0,10,10,2,0,0
110.2817,-1.0,83,1,3,0,0
110.2817,110.4930,110,1,3,0,0
110.2817,-1.0,83,7,3,0,0
110.2817,110.4930,110,7,3,0,0
110.7042,-1.0,10,4,3,0,0
110.8099,-1.0,10,10,3,0,0
110.9155,-1.0,10,1,3,0,0
111.0211,-1.0,10,7,3,0,0
111.2324,-1.0,10,5,2,0,0
111.3380,-1.0,10,10,3,0,0
111.6549,-1.0,10,7,3,0,0
111.7077,-1.0,10,4,3,0,0
111.7606,-1.0,10,7,3,0,0
111.8662,-1.0,10,1,3,0,0
111.9718,-1.0,50,9,4,0,0
112.0775,-1.0,10,4,3,0,0
112.1831,-1.0,50,9,4,0,0
112.3944,-1.0,50,1,4,0,0
112.3944,-1.0,20,5,4,0,0
112.6056,-1.0,82,9,4,0,0
112.6056,112.7113,110,9,4,0,0
112.7113,-1.0,20,5,4,0,0
112.9225,-1.0,82,1,4,0,0
112.9225,113.0282,110,1,4,0,0
113.0282,-1.0,20,5,4,0,0
113.2394,-1.0,82,8,5,0,0
113.2394,113.3451,110,8,5,0,0
113.3451,-1.0,20,5,3,0,0
113.5563,-1.0,82,1,5,0,0
113.5563,113.6620,110,1,5,0,0
113.6620,-1.0,20,6,3,0,0
113.8732,-1.0,50,1,5,0,0
113.8732,-1.0,50,8,5,0,0
115.1408,-1.0,50,8,4,0,0
115.2465,-1.0,10,3,3,0,0
115.3521,-1.0,50,6,4,0,0
115.4577,-1.0,82,1,3,0,0
115.4577,115.9859,110,1,3,JumpScratch,6
115.5634,-1.0,80,5,3,0,0
115.5634,116.8310,100,5,3,0,0
115.6690,-1.0,900,1,3,0,0
115.7746,-1.0,900,5,3,0,0
115.8803,-1.0,900,1,3,0,0
115.9859,116.0387,110,4,3,JumpScratch,6
116.0387,116.0915,110,7,3,JumpScratch,6
116.1972,-1.0,900,5,3,0,0
116.4085,-1.0,900,5,3,0,0
116.6197,-1.0,900,5,3,0,0
116.8310,-1.0,50,9,4,0,0
117.2535,-1.0,10,1,3,0,0
117.2535,-1.0,20,7,3,0,0
117.3592,-1.0,20,7,3,0,0
117.5704,-1.0,20,4,3,0,0
117.5704,-1.0,10,10,3,0,0
117.6761,-1.0,20,4,3,0,0
117.8873,-1.0,10,1,3,0,0
117.8873,-1.0,20,5,4,0,0
117.9930,-1.0,20,5,4,0,0
118.2042,-1.0,20,5,4,0,0
118.2042,-1.0,10,10,3,0,0
118.3099,-1.0,20,5,4,0,0
118.5211,-1.0,83,1,4,0,0
118.5211,118.7324,110,1,4,0,0
118.5211,-1.0,83,9,4,0,0
118.5211,118.7324,110,9,4,0,0
118.9437,-1.0,50,2,4,0,0
118.9437,-1.0,80,7,2,0,0
118.9437,119.2606,100,7,2,0,0
119.1549,-1.0,900,7,2,0,0
119.2606,-1.0,10,4,2,0,0
119.3662,-1.0,10,8,2,0,0
119.5775,-1.0,80,6,2,0,0
119.5775,120.0,100,6,2,0,0
119.5775,-1.0,50,9,4,0,0
119.7887,-1.0,900,6,2,0,0
120.0,-1.0,10,9,2,0,0
120.1056,-1.0,10,5,2,0,0
120.2113,-1.0,10,7,2,0,0
120.4225,-1.0,50,1,4,0,0
120.4225,-1.0,80,6,2,0,0
120.4225,120.8451,100,6,2,0,0
120.6338,-1.0,900,6,2,0,0
120.8451,-1.0,10,3,2,0,0
120.9507,-1.0,10,7,2,0,0
121.0563,-1.0,10,4,2,0,0
121.2676,-1.0,80,5,2,0,0
121.2676,121.6901,100,5,2,0,0
121.2676,-1.0,50,8,4,0,0
121.4789,-1.0,900,5,2,0,0
121.6901,-1.0,80,7,2,0,0
121.6901,121.9014,100,7,2,0,0
121.9014,-1.0,80,3,2,0,0
121.9014,122.1127,100,3,2,0,0
122.1127,-1.0,82,6,2,0,0
122.1127,122.3239,110,6,2,JumpScratch,4
122.2183,-1.0,31,6,2,0,0
122.3239,-1.0,80,2,2,0,0
122.3239,122.6408,100,2,2,0,0
122.5352,-1.0,900,2,2,0,0
122.6408,-1.0,10,6,2,0,0
122.7465,-1.0,10,3,2,0,0
122.9577,-1.0,50,4,4,0,0
122.9577,-1.0,80,10,2,0,0
122.9577,123.3803,100,10,2,0,0
123.1690,-1.0,900,10,2,0,0
123.3803,-1.0,10,6,2,0,0
123.5915,-1.0,10,3,2,0,0
123.8028,-1.0,10,7,2,0,0
123.9085,-1.0,82,4,2,0,0
123.9085,124.4366,110,4,2,JumpScratch,5
124.1197,-1.0,900,4,2,0,0
124.3310,-1.0,900,4,2,0,0
124.4366,125.2817,110,7,2,0,0
124.4366,-1.0,82,11,2,0,0
124.4366,124.8592,110,11,2,JumpScratch,-10
124.6479,-1.0,900,7,2,0,0
124.6479,-1.0,900,11,2,0,0
124.8592,125.2817,110,3,2,0,0
125.0704,-1.0,900,3,2,0,0
125.0704,-1.0,900,7,2,0,0
125.7042,-1.0,10,6,2,0,0
125.7042,-1.0,80,10,3,0,0
125.7042,125.9155,100,10,3,0,0
125.9155,-1.0,10,4,3,0,0
126.0211,-1.0,10,9,3,0,0
126.1268,-1.0,83,5,4,0,0
126.1268,126.1796,110,5,4,JumpScratch,-6
126.1796,126.2324,110,3,3,JumpScratch,-5
126.2324,126.7606,100,1,3,0,0
126.4437,-1.0,900,1,3,0,0
126.5493,-1.0,10,6,2,0,0
126.6549,-1.0,900,1,3,0,0
126.7606,-1.0,10,7,3,0,0
126.8662,-1.0,10,2,3,0,0
126.9718,-1.0,83,5,4,0,0
126.9718,127.0246,110,5,4,JumpScratch,6
127.0246,127.0775,110,8,3,JumpScratch,5
127.0775,127.3944,110,10,3,0,0
127.2887,-1.0,900,10,3,0,0
127.3944,-1.0,20,4,3,0,0
127.6056,-1.0,10,3,2,0,0
127.8169,-1.0,50,1,3,0,0
127.8169,-1.0,20,7,3,0,0
128.0282,-1.0,10,9,2,0,0
128.2394,-1.0,83,4,3,0,0
128.2394,128.4507,110,4,3,JumpScratch,-6
128.2394,-1.0,50,10,3,0,0
128.4507,128.6620,110,1,3,JumpScratch,6
128.4507,-1.0,82,7,3,0,0
128.4507,128.6620,110,7,3,JumpScratch,6
128.8732,-1.0,10,9,2,0,0
128.9789,-1.0,10,5,2,0,0
129.0845,-1.0,10,7,2,0,0
129.2958,-1.0,10,5,2,0,0
129.2958,-1.0,10,9,3,0,0
129.5070,-1.0,10,6,2,0,0
129.5070,-1.0,10,10,3,0,0
129.7183,-1.0,10,5,2,0,0
129.8239,-1.0,10,8,3,0,0
130.0352,-1.0,10,3,2,0,0
130.1408,-1.0,10,6,3,0,0
130.3521,-1.0,50,1,3,0,0
130.5634,-1.0,10,3,2,0,0
130.6690,-1.0,10,7,2,0,0
130.7746,-1.0,10,5,2,0,0
130.9859,-1.0,10,2,3,0,0
130.9859,-1.0,10,7,2,0,0
131.1972,-1.0,10,1,3,0,0
131.1972,-1.0,10,6,2,0,0
131.4085,-1.0,10,7,2,0,0
131.5141,-1.0,10,3,3,0,0
131.7254,-1.0,10,9,2,0,0
131.8310,-1.0,10,5,3,0,0
132.0423,-1.0,50,10,3,0,0
132.2535,-1.0,10,7,3,0,0
132.4648,-1.0,20,4,3,0,0
132.4648,-1.0,20,10,3,0,0
132.6761,-1.0,20,4,3,0,0
132.6761,-1.0,20,10,3,0,0
132.8873,-1.0,20,1,3,0,0
132.8873,-1.0,20,7,3,0,0
133.0986,-1.0,20,1,3,0,0
133.0986,-1.0,20,7,3,0,0
133.3099,-1.0,83,4,3,0,0
133.3099,133.6268,110,4,3,JumpScratch,-6
133.3099,-1.0,50,10,3,0,0
133.5211,-1.0,900,4,3,0,0
133.6268,133.9437,110,1,3,JumpScratch,6
133.6268,-1.0,83,7,3,0,0
133.6268,133.9437,110,7,3,JumpScratch,6
133.8380,-1.0,900,1,3,0,0
133.8380,-1.0,900,7,3,0,0
133.9437,134.1549,110,4,3,JumpScratch,-6
133.9437,134.1549,110,10,3,JumpScratch,-6
134.5775,-1.0,10,3,3,0,0
134.5775,-1.0,10,8,3,0,0
134.7887,-1.0,10,6,2,0,0
135.0,-1.0,83,1,3,0,0
135.0,135.4225,110,1,3,JumpScratch,6
135.0,-1.0,83,10,3,0,0
135.0,135.4225,110,10,3,JumpScratch,-6
135.2113,-1.0,900,1,3,0,0
135.2113,-1.0,900,10,3,0,0
135.4225,135.8451,110,4,3,JumpScratch,-6
135.4225,135.8451,110,7,3,JumpScratch,6
135.6338,-1.0,900,4,3,0,0
135.6338,-1.0,900,7,3,0,0
135.8451,137.5352,100,1,6,0,0
135.8451,137.5352,100,7,6,0,0
136.0563,-1.0,900,1,6,0,0
136.0563,-1.0,900,7,6,0,0
136.2676,-1.0,900,1,6,0,0
136.2676,-1.0,900,7,6,0,0
136.4789,-1.0,900,1,6,0,0
136.4789,-1.0,900,7,6,0,0
136.6901,-1.0,900,1,6,0,0
136.6901,-1.0,900,7,6,0,0
136.9014,-1.0,900,1,6,0,0
136.9014,-1.0,900,7,6,0,0
137.1127,-1.0,900,1,6,0,0
137.1127,-1.0,900,7,6,0,0
137.3239,-1.0,900,1,6,0,0
137.3239,-1.0,900,7,6,0,0
139.4366,-1.0,10,4,3,0,0
139.4366,-1.0,82,9,4,0,0
139.4366,139.8592,110,9,4,0,0
139.5423,-1.0,40,9,4,0,0
139.6479,-1.0,10,3,2,0,0
139.6479,-1.0,900,9,4,0,0
139.6479,-1.0,40,9,4,0,0
139.8592,-1.0,10,1,3,0,0
140.0704,-1.0,50,1,4,0,0
140.0704,-1.0,20,5,4,0,0
140.2817,-1.0,10,7,3,0,0
140.3873,-1.0,50,2,5,0,0
140.5986,-1.0,10,10,3,0,0
140.7042,-1.0,50,4,6,0,0
141.1268,-1.0,82,1,4,0,0
141.1268,141.5493,110,1,4,0,0
141.1268,-1.0,10,7,3,0,0
141.2324,-1.0,40,1,4,0,0
141.3380,-1.0,900,1,4,0,0
141.3380,-1.0,40,1,4,0,0
141.3380,-1.0,10,9,2,0,0
141.5493,-1.0,10,10,3,0,0
141.7606,-1.0,20,5,4,0,0
141.7606,-1.0,50,9,4,0,0
141.9718,-1.0,10,4,3,0,0
142.0775,-1.0,50,7,5,0,0
142.2887,-1.0,10,1,3,0,0
142.3944,-1.0,50,4,6,0,0
142.6056,-1.0,80,1,3,0,0
142.6056,143.0282,100,1,3,0,0
142.8169,-1.0,900,1,3,0,0
143.0282,-1.0,80,7,3,0,0
143.0282,143.1690,100,7,3,0,0
143.1690,-1.0,10,4,3,0,0
143.3099,-1.0,10,7,3,0,0
143.4507,-1.0,10,1,3,0,0
143.5563,-1.0,10,6,2,0,0
143.6620,-1.0,10,4,2,0,0
143.7676,-1.0,10,8,3,0,0
143.8732,-1.0,10,1,3,0,0
143.9789,-1.0,10,7,2,0,0
144.0845,-1.0,10,5,2,0,0
144.1901,-1.0,10,9,3,0,0
144.2958,-1.0,82,1,3,0,0
144.2958,144.5070,110,1,3,0,0
144.4014,-1.0,40,1,3,0,0
144.5070,-1.0,82,7,3,0,0
144.5070,144.7183,110,7,3,0,0
144.6127,-1.0,40,7,3,0,0
144.7183,-1.0,82,4,3,0,0
144.7183,144.9296,110,4,3,0,0
144.8239,-1.0,40,4,3,0,0
144.9296,-1.0,82,10,3,0,0
144.9296,145.1408,110,10,3,0,0
145.0352,-1.0,40,10,3,0,0
145.1408,-1.0,82,5,3,0,0
145.1408,145.3521,110,5,3,JumpScratch,-6
145.3521,145.5634,110,2,3,JumpScratch,5
145.3521,-1.0,10,9,3,0,0
145.5634,145.7746,110,4,3,JumpScratch,-6
145.5634,-1.0,10,8,3,0,0
145.7746,145.9859,110,1,3,JumpScratch,5
145.7746,-1.0,10,7,3,0,0
145.9859,-1.0,80,6,3,0,0
145.9859,146.4085,100,6,3,0,0
146.1972,-1.0,900,6,3,0,0
146.4085,-1.0,10,2,3,0,0
146.6197,-1.0,10,7,3,0,0
146.7254,-1.0,10,5,2,0,0
146.8310,-1.0,80,10,3,0,0
146.8310,147.1479,100,10,3,0,0
147.0423,-1.0,900,10,3,0,0
147.1479,-1.0,80,4,3,0,0
147.1479,147.4648,100,4,3,0,0
147.3592,-1.0,900,4,3,0,0
147.4648,-1.0,80,7,3,0,0
147.4648,147.6761,100,7,3,0,0
147.6761,-1.0,80,1,3,0,0
147.6761,149.3662,100,1,3,0,0
147.8873,-1.0,900,1,3,0,0
148.0986,-1.0,900,1,3,0,0
148.3099,-1.0,900,1,3,0,0
148.3099,-1.0,82,9,2,0,0
148.3099,148.5211,110,9,2,JumpScratch,-5
148.5211,-1.0,900,1,3,0,0
148.5211,148.8380,110,6,2,JumpScratch,6
148.7324,-1.0,900,1,3,0,0
148.7324,-1.0,900,6,2,0,0
148.8380,149.1549,110,10,2,JumpScratch,-5
148.9437,-1.0,900,1,3,0,0
149.0493,-1.0,900,10,2,0,0
149.1549,-1.0,900,1,3,0,0
149.1549,149.3662,110,7,2,JumpScratch,6
149.3662,151.0563,100,10,3,0,0
149.5775,-1.0,900,10,3,0,0
149.7887,-1.0,900,10,3,0,0
150.0,-1.0,82,3,2,0,0
150.0,150.2113,110,3,2,JumpScratch,5
150.0,-1.0,900,10,3,0,0
150.2113,150.5282,110,6,2,JumpScratch,-6
150.2113,-1.0,900,10,3,0,0
150.4225,-1.0,900,6,2,0,0
150.4225,-1.0,900,10,3,0,0
150.5282,150.8451,110,2,2,JumpScratch,5
150.6338,-1.0,900,10,3,0,0
150.7394,-1.0,900,2,2,0,0
150.8451,151.0563,110,5,2,JumpScratch,-6
150.8451,-1.0,900,10,3,0,0
151.0563,151.9014,110,1,3,JumpScratch,6
151.2676,-1.0,900,1,3,0,0
151.3732,-1.0,10,8,3,0,0
151.4789,-1.0,900,1,3,0,0
151.6901,-1.0,900,1,3,0,0
151.6901,-1.0,10,6,3,0,0
151.9014,-1.0,82,10,3,0,0
151.9014,152.7465,110,10,3,JumpScratch,-6
152.1127,-1.0,900,10,3,0,0
152.2183,-1.0,10,3,3,0,0
152.3239,-1.0,900,10,3,0,0
152.5352,-1.0,10,5,3,0,0
152.5352,-1.0,900,10,3,0,0
152.7465,-1.0,82,1,3,0,0
152.7465,153.1690,110,1,3,0,0
152.7465,153.1690,110,7,3,0,0
152.9577,-1.0,900,1,3,0,0
152.9577,-1.0,900,7,3,0,0
153.5915,-1.0,80,1,3,0,0
153.5915,153.9085,100,1,3,0,0
153.8028,-1.0,900,1,3,0,0
153.9085,-1.0,80,7,3,0,0
153.9085,154.2254,100,7,3,0,0
154.1197,-1.0,900,7,3,0,0
154.2254,-1.0,80,4,3,0,0
154.2254,154.4366,100,4,3,0,0
154.4366,-1.0,80,10,3,0,0
154.4366,156.1268,100,10,3,0,0
154.6479,-1.0,900,10,3,0,0
154.8592,-1.0,900,10,3,0,0
155.0704,-1.0,82,3,2,0,0
155.0704,155.2817,110,3,2,JumpScratch,5
155.0704,-1.0,900,10,3,0,0
155.2817,155.5986,110,6,2,JumpScratch,-6
155.2817,-1.0,900,10,3,0,0
155.4930,-1.0,900,6,2,0,0
155.4930,-1.0,900,10,3,0,0
155.5986,155.9155,110,2,2,JumpScratch,5
155.7042,-1.0,900,10,3,0,0
155.8099,-1.0,900,2,2,0,0
155.9155,156.1268,110,5,2,JumpScratch,-6
155.9155,-1.0,900,10,3,0,0
156.1268,157.8169,100,1,3,0,0
156.3380,-1.0,900,1,3,0,0
156.5493,-1.0,900,1,3,0,0
156.7606,-1.0,900,1,3,0,0
156.7606,-1.0,82,9,2,0,0
156.7606,156.9718,110,9,2,JumpScratch,-5
156.9718,-1.0,900,1,3,0,0
156.9718,157.2887,110,6,2,JumpScratch,6
157.1831,-1.0,900,1,3,0,0
157.1831,-1.0,900,6,2,0,0
157.2887,157.6056,110,10,2,JumpScratch,-5
157.3944,-1.0,900,1,3,0,0
157.5000,-1.0,900,10,2,0,0
157.6056,-1.0,900,1,3,0,0
157.6056,157.8169,110,7,2,JumpScratch,6
157.8169,158.2394,110,10,3,JumpScratch,-5
158.0282,-1.0,900,10,3,0,0
158.2394,-1.0,10,4,3,0,0
158.2394,158.6620,110,8,3,JumpScratch,-5
158.4507,-1.0,900,8,3,0,0
158.6620,-1.0,10,2,3,0,0
158.6620,159.0845,110,6,3,JumpScratch,7
158.8732,-1.0,900,6,3,0,0
159.0845,-1.0,80,1,3,0,0
159.0845,159.4014,100,1,3,0,0
159.2958,-1.0,900,1,3,0,0
159.4014,-1.0,10,7,2,0,0
159.5070,-1.0,82,4,3,0,0
159.5070,159.9296,110,4,3,0,0
159.7183,-1.0,900,4,3,0,0
160.3521,-1.0,10,9,3,0,0
160.4577,-1.0,10,5,4,0,0
160.6690,-1.0,10,1,3,0,0
160.7746,-1.0,10,7,3,0,0
160.8803,-1.0,10,4,3,0,0
160.9859,-1.0,10,10,3,0,0
161.1972,-1.0,80,1,2,0,0
161.1972,161.5141,100,1,2,0,0
161.1972,-1.0,50,5,4,0,0
161.4085,-1.0,900,1,2,0,0
161.5141,-1.0,10,6,2,0,0
161.6197,-1.0,10,2,3,0,0
161.8310,-1.0,10,10,3,0,0
162.0423,-1.0,10,1,3,0,0
162.1479,-1.0,80,7,3,0,0
162.1479,162.3592,100,7,3,0,0
162.3592,-1.0,10,4,2,0,0
162.4648,-1.0,10,10,3,0,0
162.6761,-1.0,10,1,3,0,0
162.6761,-1.0,10,7,2,0,0
162.8873,-1.0,50,5,4,0,0
162.8873,-1.0,80,11,2,0,0
162.8873,163.2042,100,11,2,0,0
163.0986,-1.0,900,11,2,0,0
163.2042,-1.0,10,6,2,0,0
163.3099,-1.0,10,9,3,0,0
163.5211,-1.0,10,1,3,0,0
163.7324,-1.0,10,10,3,0,0
163.8380,-1.0,80,4,3,0,0
163.8380,164.0493,100,4,3,0,0
164.0493,-1.0,10,8,2,0,0
164.1549,-1.0,10,1,3,0,0
164.3662,-1.0,10,5,2,0,0
164.3662,-1.0,10,10,3,0,0
164.5775,-1.0,80,3,3,0,0
164.5775,164.8944,100,3,3,0,0
164.5775,-1.0,50,9,4,0,0
164.7887,-1.0,900,3,3,0,0
164.8944,-1.0,82,7,3,0,0
164.8944,165.0,110,7,3,JumpScratch,6
165.0,-1.0,10,3,3,0,0
165.0,165.4225,110,10,3,JumpScratch,-8
165.2113,-1.0,10,5,3,0,0
165.2113,-1.0,900,10,3,0,0
165.4225,-1.0,80,2,3,0,0
165.4225,165.7394,100,2,3,0,0
165.6338,-1.0,900,2,3,0,0
165.7394,-1.0,82,6,3,0,0
165.7394,165.8451,110,6,3,JumpScratch,7
165.8451,-1.0,10,2,3,0,0
165.8451,166.2676,110,10,3,JumpScratch,-9
166.0563,-1.0,10,5,3,0,0
166.0563,-1.0,900,10,3,0,0
166.2676,-1.0,80,1,3,0,0
166.2676,166.6901,100,1,3,0,0
166.4789,-1.0,900,1,3,0,0
166.6901,-1.0,10,9,3,0,0
166.9014,-1.0,10,4,3,0,0
167.0070,-1.0,10,7,2,0,0
167.1127,-1.0,80,1,3,0,0
167.1127,167.5352,100,1,3,0,0
167.3239,-1.0,900,1,3,0,0
167.5352,-1.0,50,8,5,0,0
167.7465,-1.0,10,4,3,0,0
167.9577,-1.0,10,1,2,0,0
167.9577,-1.0,10,6,3,0,0
168.1690,-1.0,10,3,2,0,0
168.2746,-1.0,10,5,3,0,0
168.3803,-1.0,10,1,2,0,0
168.5915,-1.0,10,6,2,0,0
168.8028,-1.0,10,2,2,0,0
168.8028,-1.0,10,7,3,0,0
169.0141,-1.0,10,4,2,0,0
169.1197,-1.0,10,6,3,0,0
169.2254,-1.0,10,2,2,0,0
169.4366,-1.0,10,7,2,0,0
169.6479,-1.0,10,5,3,0,0
169.6479,-1.0,10,11,2,0,0
169.8592,-1.0,10,9,2,0,0
169.9648,-1.0,10,6,3,0,0
170.0704,-1.0,10,11,2,0,0
170.2817,-1.0,10,6,2,0,0
170.4930,-1.0,80,4,3,0,0
170.4930,170.7042,100,4,3,0,0
170.4930,-1.0,10,10,2,0,0
170.7042,-1.0,50,8,5,0,0
170.9155,-1.0,50,1,5,0,0
171.1268,-1.0,10,7,3,0,0
171.3380,-1.0,10,4,2,0,0
171.3380,-1.0,80,10,3,0,0
171.3380,171.5493,100,10,3,0,0
171.5493,-1.0,10,5,2,0,0
171.6549,-1.0,10,8,3,0,0
171.7606,-1.0,10,4,2,0,0
171.9718,-1.0,10,7,2,0,0
172.1831,-1.0,80,1,3,0,0
172.1831,172.3944,100,1,3,0,0
172.1831,-1.0,10,8,2,0,0
172.3944,-1.0,10,7,2,0,0
172.5000,-1.0,10,3,3,0,0
172.6056,-1.0,10,8,2,0,0
172.8169,-1.0,10,5,2,0,0
173.0282,-1.0,20,1,4,0,0
173.0282,-1.0,20,9,4,0,0
173.2394,-1.0,10,4,3,0,0
173.3451,-1.0,10,7,3,0,0
173.4507,-1.0,10,4,3,0,0
173.6620,-1.0,83,1,4,0,0
173.6620,174.2958,110,1,4,0,0
173.6620,-1.0,83,9,4,0,0
173.6620,174.2958,110,9,4,0,0
173.8732,-1.0,900,1,4,0,0
173.8732,-1.0,900,9,4,0,0
174.0845,-1.0,900,1,4,0,0
174.0845,-1.0,40,1,4,0,0
174.0845,-1.0,900,9,4,0,0
174.0845,-1.0,40,9,4,0,0
174.7183,-1.0,10,4,3,0,0
174.7183,-1.0,82,10,3,0,0
174.7183,175.1408,110,10,3,JumpScratch,-6
174.9296,-1.0,10,3,3,0,0
174.9296,-1.0,900,10,3,0,0
175.1408,-1.0,10,2,3,0,0
175.1408,175.5634,110,7,3,JumpScratch,6
175.3521,-1.0,82,1,3,0,0
175.3521,175.4577,110,1,3,JumpScratch,4
175.3521,-1.0,900,7,3,0,0
175.5634,175.9859,110,10,3,JumpScratch,-6
175.6690,-1.0,82,4,3,0,0
175.6690,175.7746,110,4,3,JumpScratch,-4
175.7746,-1.0,900,10,3,0,0
175.9859,-1.0,10,1,3,0,0
176.1972,-1.0,10,4,3,0,0
176.3028,-1.0,10,7,3,0,0
176.4085,-1.0,82,1,3,0,0
176.4085,176.8310,110,1,3,JumpScratch,6
176.6197,-1.0,900,1,3,0,0
176.6197,-1.0,10,8,3,0,0
176.8310,177.2535,110,4,3,JumpScratch,-6
176.8310,-1.0,10,9,3,0,0
177.0423,-1.0,900,4,3,0,0
177.0423,-1.0,82,10,3,0,0
177.0423,177.1479,110,10,3,JumpScratch,-4
177.2535,177.6761,110,1,3,JumpScratch,6
177.3592,-1.0,82,7,3,0,0
177.3592,177.4648,110,7,3,JumpScratch,4
177.4648,-1.0,900,1,3,0,0
177.6761,-1.0,10,10,3,0,0
177.8873,-1.0,10,7,3,0,0
178.0986,-1.0,10,3,4,0,0
178.0986,-1.0,10,10,3,0,0
178.3099,-1.0,10,1,4,0,0
178.3099,-1.0,10,8,3,0,0
178.5211,-1.0,10,10,3,0,0
178.6268,-1.0,10,4,3,0,0
178.7324,-1.0,10,7,4,0,0
178.9437,-1.0,20,1,3,0,0
178.9437,-1.0,50,5,5,0,0
179.1549,-1.0,80,10,3,0,0
179.1549,179.2606,100,10,3,0,0
179.2606,-1.0,50,4,5,0,0
179.4718,-1.0,80,1,3,0,0
179.4718,179.5775,100,1,3,0,0
179.5775,-1.0,50,5,5,0,0
179.7887,-1.0,50,1,6,0,0
179.8944,-1.0,10,7,3,0,0
180.0,-1.0,10,4,4,0,0
180.2113,-1.0,50,7,6,0,0
180.3169,-1.0,10,4,3,0,0
180.4225,-1.0,10,6,4,0,0
180.6338,-1.0,50,1,6,0,0
180.7394,-1.0,10,7,3,0,0
180.9507,-1.0,10,4,3,0,0
181.0563,-1.0,50,7,6,0,0
181.1620,-1.0,10,1,3,0,0
181.2676,-1.0,10,7,3,0,0
181.4789,-1.0,20,5,4,0,0
181.4789,-1.0,20,10,3,0,0
181.6901,-1.0,20,5,4,0,0
181.6901,-1.0,20,10,3,0,0
181.9014,-1.0,20,1,3,0,0
181.9014,-1.0,20,5,4,0,0
182.1127,-1.0,20,1,3,0,0
182.1127,-1.0,20,5,4,0,0
182.3239,-1.0,20,5,4,0,0
182.3239,-1.0,50,9,4,0,0
182.6408,-1.0,50,1,4,0,0
182.6408,-1.0,20,5,4,0,0
182.9577,-1.0,20,1,4,0,0
182.9577,-1.0,20,9,4,0,0
183.1690,-1.0,50,1,4,0,0
183.1690,-1.0,50,9,4,0,0
184.0141,-1.0,80,6,2,0,0
184.0141,184.4366,100,6,2,0,0
184.2254,-1.0,900,6,2,0,0
184.8592,-1.0,80,4,2,0,0
184.8592,185.2817,100,4,2,0,0
184.8592,-1.0,80,8,2,0,0
184.8592,185.2817,100,8,2,0,0
185.0704,-1.0,900,4,2,0,0
185.0704,-1.0,900,8,2,0,0
185.7042,-1.0,82,1,3,0,0
185.7042,186.1268,110,1,3,0,0
185.7042,-1.0,82,10,3,0,0
185.7042,186.1268,110,10,3,0,0
185.9155,-1.0,900,1,3,0,0
185.9155,-1.0,900,10,3,0,0
186.5493,-1.0,80,4,3,0,0
186.5493,186.9718,100,4,3,0,0
186.5493,-1.0,83,10,3,0,0
186.5493,186.9718,110,10,3,0,0
186.6549,-1.0,40,10,3,0,0
186.7606,-1.0,900,4,3,0,0
186.7606,-1.0,900,10,3,0,0
186.7606,-1.0,40,10,3,0,0
186.8662,-1.0,40,10,3,0,0
187.1831,-1.0,10,7,3,0,0
187.2887,-1.0,80,1,3,0,0
187.2887,187.6056,100,1,3,0,0
187.5000,-1.0,900,1,3,0,0
187.6056,-1.0,10,10,3,0,0
187.8169,-1.0,10,7,3,0,0
188.0282,-1.0,10,4,3,0,0
188.2394,-1.0,83,1,3,0,0
188.2394,188.6620,110,1,3,0,0
188.2394,-1.0,80,7,3,0,0
188.2394,188.6620,100,7,3,0,0
188.3451,-1.0,40,1,3,0,0
188.4507,-1.0,900,1,3,0,0
188.4507,-1.0,40,1,3,0,0
188.4507,-1.0,900,7,3,0,0
188.5563,-1.0,40,1,3,0,0
188.8732,-1.0,10,4,3,0,0
188.9789,-1.0,80,10,3,0,0
188.9789,189.2958,100,10,3,0,0
189.1901,-1.0,900,10,3,0,0
189.2958,-1.0,83,1,3,0,0
189.2958,189.5070,110,1,3,0,0
189.5070,-1.0,10,7,3,0,0
189.7183,-1.0,10,7,3,0,0
189.9296,-1.0,20,10,3,0,0
190.1408,-1.0,10,4,3,0,0
190.2465,-1.0,80,7,3,0,0
190.2465,190.5634,100,7,3,0,0
190.3521,-1.0,50,1,3,0,0
190.4577,-1.0,900,7,3,0,0
190.5634,-1.0,10,4,3,0,0
190.7746,-1.0,20,1,3,0,0
190.9859,-1.0,50,10,3,0,0
191.0915,-1.0,80,4,3,0,0
191.0915,191.4085,100,4,3,0,0
191.1972,-1.0,50,10,3,0,0
191.3028,-1.0,900,4,3,0,0
191.4085,-1.0,10,7,3,0,0
191.6197,-1.0,83,10,3,0,0
191.6197,191.8310,110,10,3,0,0
191.7254,-1.0,40,10,3,0,0
191.8310,-1.0,83,4,3,0,0
191.8310,192.0423,110,4,3,0,0
191.9366,-1.0,40,4,3,0,0
192.0423,-1.0,20,7,3,0,0
192.2535,-1.0,10,1,3,0,0
192.3592,-1.0,80,7,3,0,0
192.3592,192.6761,100,7,3,0,0
192.5704,-1.0,900,7,3,0,0
192.6761,-1.0,50,4,3,0,0
192.8873,-1.0,50,7,3,0,0
193.0986,-1.0,50,1,3,0,0
193.0986,-1.0,50,10,3,0,0
193.3099,-1.0,20,7,3,0,0
193.4155,-1.0,10,7,3,0,0
193.5211,-1.0,10,1,3,0,0
193.6268,-1.0,10,1,3,0,0
193.7324,-1.0,20,10,3,0,0
193.9437,-1.0,10,4,3,0,0
194.0493,-1.0,10,7,3,0,0
194.1549,-1.0,20,1,3,0,0
194.3662,-1.0,10,4,3,0,0
194.3662,-1.0,10,10,3,0,0
194.5775,-1.0,20,1,3,0,0
194.5775,-1.0,10,7,3,0,0
194.7887,-1.0,10,4,3,0,0
194.8944,-1.0,10,4,3,0,0
195.0,-1.0,50,10,3,0,0
195.2113,-1.0,10,7,3,0,0
195.4225,-1.0,50,1,3,0,0
195.4225,-1.0,10,7,3,0,0
195.6338,-1.0,10,4,3,0,0
195.7394,-1.0,10,7,3,0,0
195.8451,-1.0,10,4,3,0,0
195.9507,-1.0,10,10,3,0,0
196.0563,-1.0,50,1,3,0,0
196.1620,-1.0,10,7,3,0,0
196.2676,-1.0,50,1,3,0,0
196.4789,-1.0,10,10,3,0,0
196.5845,-1.0,10,10,3,0,0
196.6901,-1.0,10,4,3,0,0
196.7958,-1.0,10,10,3,0,0
197.0070,-1.0,10,7,3,0,0
197.1127,-1.0,10,1,3,0,0
197.3239,-1.0,10,4,3,0,0
197.3239,-1.0,10,10,3,0,0
197.5352,-1.0,10,1,3,0,0
197.5352,-1.0,10,7,3,0,0
197.6408,-1.0,10,1,3,0,0
197.8521,-1.0,82,4,3,0,0
197.8521,198.1690,110,4,3,0,0
197.8521,-1.0,82,10,3,0,0
197.8521,198.1690,110,10,3,0,0
198.0634,-1.0,900,4,3,0,0
198.0634,-1.0,900,10,3,0,0
198.3803,-1.0,83,1,3,0,0
198.3803,199.2254,110,1,3,0,0
198.3803,-1.0,50,7,3,0,0
198.5915,-1.0,900,1,3,0,0
198.8028,-1.0,900,1,3,0,0
198.8028,-1.0,82,10,3,0,0
198.8028,199.2254,110,10,3,0,0
199.0141,-1.0,900,1,3,0,0
199.0141,-1.0,900,10,3,0,0
199.6479,-1.0,10,4,3,0,0
199.8592,-1.0,10,7,3,0,0
200.0704,-1.0,50,10,3,0,0
200.1761,-1.0,10,5,4,0,0
200.3873,-1.0,82,4,3,0,0
200.3873,200.7042,110,4,3,0,0
200.3873,-1.0,82,10,3,0,0
200.3873,200.7042,110,10,3,0,0
200.5986,-1.0,900,4,3,0,0
200.5986,-1.0,900,10,3,0,0
200.9155,-1.0,50,1,3,0,0
201.0211,-1.0,10,5,4,0,0
201.2324,-1.0,82,1,3,0,0
201.2324,201.5493,110,1,3,0,0
201.2324,-1.0,82,7,3,0,0
201.2324,201.5493,110,7,3,0,0
201.4437,-1.0,900,1,3,0,0
201.4437,-1.0,900,7,3,0,0
201.7606,-1.0,20,5,4,0,0
201.7606,-1.0,50,9,4,0,0
202.0775,-1.0,50,1,4,0,0
202.0775,-1.0,20,5,4,0,0
202.3944,-1.0,20,5,4,0,0
202.3944,-1.0,50,9,4,0,0
202.6056,-1.0,50,1,4,0,0
202.6056,-1.0,83,5,4,0,0
202.6056,203.0282,110,5,4,0,0
202.8169,-1.0,900,5,4,0,0
203.2394,-1.0,10,1,4,0,0
203.3451,-1.0,10,5,4,0,0
203.4507,-1.0,50,1,4,0,0
203.4507,-1.0,20,5,4,0,0
203.7676,-1.0,20,5,4,0,0
203.7676,-1.0,50,9,4,0,0
204.0845,-1.0,50,1,4,0,0
204.0845,-1.0,20,5,4,0,0
204.2958,-1.0,83,5,4,0,0
204.2958,204.7183,110,5,4,0,0
204.2958,-1.0,50,9,4,0,0
204.5070,-1.0,900,5,4,0,0
204.5070,-1.0,40,5,4,0,0
204.9296,-1.0,10,9,4,0,0
205.0352,-1.0,10,5,4,0,0
205.1408,-1.0,83,5,4,0,0
205.1408,205.2465,110,5,4,JumpScratch,-8
205.1408,-1.0,50,9,4,0,0
205.2465,205.7746,110,1,3,0,0
205.4577,-1.0,900,1,3,0,0
205.4577,-1.0,83,5,4,0,0
205.4577,205.7746,110,5,4,0,0
205.6690,-1.0,900,1,3,0,0
205.6690,-1.0,900,5,4,0,0
205.9859,-1.0,50,1,4,0,0
205.9859,-1.0,83,5,4,0,0
205.9859,206.0915,110,5,4,JumpScratch,8
206.0915,206.6197,110,10,3,0,0
206.3028,-1.0,83,5,4,0,0
206.3028,206.6197,110,5,4,0,0
206.3028,-1.0,900,10,3,0,0
206.5141,-1.0,900,5,4,0,0
206.5141,-1.0,900,10,3,0,0
206.8310,-1.0,50,1,12,0,0
207.4648,-1.0,10,4,2,0,0
207.6761,-1.0,10,8,2,0,0
208.0986,-1.0,10,6,2,0,0
208.5211,-1.0,10,10,3,0,0
208.6268,-1.0,10,5,4,0,0
208.7324,-1.0,10,10,3,0,0
208.8380,-1.0,10,5,4,0,0
208.9437,-1.0,50,10,3,0,0
209.1549,-1.0,10,1,3,0,0
209.2606,-1.0,10,5,4,0,0
209.4718,-1.0,10,10,3,0,0
209.5775,-1.0,10,5,4,0,0
209.7887,-1.0,82,1,3,0,0
209.7887,210.0,110,1,3,0,0
209.7887,-1.0,82,10,3,0,0
209.7887,210.0,110,10,3,0,0
210.2113,-1.0,10,1,3,0,0
210.3169,-1.0,10,5,4,0,0
210.4225,-1.0,10,1,3,0,0
210.5282,-1.0,10,5,4,0,0
210.6338,-1.0,50,1,3,0,0
210.8451,-1.0,10,10,3,0,0
210.9507,-1.0,10,5,4,0,0
211.1620,-1.0,10,1,3,0,0
211.2676,-1.0,10,5,4,0,0
211.4789,-1.0,82,1,3,0,0
211.4789,211.6901,110,1,3,0,0
211.4789,-1.0,82,10,3,0,0
211.4789,211.6901,110,10,3,0,0
211.9014,-1.0,10,10,3,0,0
212.0070,-1.0,10,4,3,0,0
212.1127,-1.0,10,7,3,0,0
212.2183,-1.0,10,1,3,0,0
212.3239,-1.0,10,10,3,0,0
212.4296,-1.0,10,4,3,0,0
212.5352,-1.0,10,7,3,0,0
212.6408,-1.0,10,1,3,0,0
212.7465,-1.0,10,9,4,0,0
212.8521,-1.0,10,9,4,0,0
212.9577,-1.0,10,3,4,0,0
213.0634,-1.0,10,3,4,0,0
213.1690,-1.0,10,7,4,0,0
213.2746,-1.0,10,7,4,0,0
213.3803,-1.0,10,1,4,0,0
213.4859,-1.0,10,1,4,0,0
213.5915,-1.0,82,11,2,0,0
213.5915,213.6620,110,11,2,JumpScratch,-4
213.6620,213.7324,110,9,2,JumpScratch,-4
213.8028,-1.0,82,5,2,0,0
213.8028,213.8732,110,5,2,JumpScratch,-4
213.8732,213.9437,110,3,2,JumpScratch,-4
214.0141,-1.0,10,7,3,0,0
214.1197,-1.0,10,1,3,0,0
214.2254,-1.0,10,10,3,0,0
214.3310,-1.0,82,4,3,0,0
214.3310,214.6479,110,4,3,0,0
214.5423,-1.0,900,4,3,0,0
214.8592,-1.0,50,1,3,0,0
214.8592,-1.0,50,10,3,0,0
215.0704,-1.0,10,7,3,0,0
215.1761,-1.0,10,4,3,0,0
215.2817,-1.0,10,7,3,0,0
215.4930,-1.0,10,4,3,0,0
215.4930,-1.0,10,10,3,0,0
215.7042,-1.0,10,1,3,0,0
215.7042,-1.0,10,7,3,0,0
215.9155,-1.0,10,10,3,0,0
216.0211,-1.0,50,5,4,0,0
216.2324,-1.0,10,1,3,0,0
216.3380,-1.0,50,5,4,0,0
216.5493,-1.0,80,10,3,0,0
216.5493,216.7606,100,10,3,0,0
216.7606,-1.0,50,5,4,0,0
216.9718,-1.0,10,4,3,0,0
217.1831,-1.0,10,1,3,0,0
217.1831,-1.0,10,7,3,0,0
217.3944,-1.0,10,4,3,0,0
217.3944,-1.0,10,10,3,0,0
217.5000,-1.0,10,10,3,0,0
217.7113,-1.0,50,5,4,0,0
217.9225,-1.0,10,1,3,0,0
218.0282,-1.0,50,5,4,0,0
218.2394,-1.0,80,10,3,0,0
218.2394,218.4507,100,10,3,0,0
218.4507,-1.0,50,5,4,0,0
218.6620,-1.0,83,7,3,0,0
218.6620,219.0845,110,7,3,0,0
218.8732,-1.0,900,7,3,0,0
219.2958,-1.0,10,1,4,0,0
219.4014,-1.0,50,5,4,0,0
219.6127,-1.0,10,9,4,0,0
219.7183,-1.0,50,5,4,0,0
219.9296,-1.0,10,10,3,0,0
220.0352,-1.0,10,4,3,0,0
220.1408,-1.0,10,7,3,0,0
220.2465,-1.0,10,1,3,0,0
220.3521,-1.0,50,9,4,0,0
220.6690,-1.0,50,5,4,0,0
220.9859,-1.0,50,1,4,0,0
221.1972,-1.0,83,5,2,0,0
221.1972,221.6197,110,5,2,JumpScratch,-5
221.1972,-1.0,83,7,2,0,0
221.1972,221.6197,110,7,2,JumpScratch,5
221.4085,-1.0,900,5,2,0,0
221.4085,-1.0,900,7,2,0,0