0.0,-1.0,10,1,3,0,0
51.0638,58.7234,0,0,0,15,3010
0.0,-1.0,10,4,2,0,0
61.6383,61.6383,0,0,0,11,3010
0.1064,-1.0,10,7,2,0,0
62.2766,62.2766,0,0,0,11,3010
0.2128,-1.0,10,10,2,0,0
62.9149,62.9149,0,0,0,11,3010
0.3191,-1.0,10,3,3,0,0
63.5532,63.5532,0,0,0,11,3010
0.4255,-1.0,10,8,2,0,0
64.1915,64.1915,0,0,0,11,3010
0.5319,-1.0,10,11,2,0,0
64.8298,64.8298,0,0,0,11,3010
0.6383,-1.0,10,4,3,0,0
65.4681,65.4681,0,0,0,11,3010
0.7447,-1.0,10,10,2,0,0
66.1064,66.1064,0,0,0,11,3010
0.8511,-1.0,10,7,2,0,0
66.7447,66.7447,0,0,0,11,3010
0.9574,-1.0,10,2,3,0,0
67.3830,67.3830,0,0,0,11,3010
1.0638,-1.0,10,9,2,0,0
68.0213,68.0213,0,0,0,11,3010
1.1702,-1.0,10,6,2,0,0
68.6596,68.6596,0,0,0,11,3010
1.2766,-1.0,10,1,3,0,0
69.2979,69.2979,0,0,0,11,3010
1.2766,-1.0,10,4,2,0,0
69.9362,69.9362,0,0,0,11,3010
1.2766,-1.0,20,10,3,0,0
70.5745,70.5745,0,0,0,11,3010
1.3830,-1.0,10,7,2,0,0
71.2128,71.2128,0,0,0,11,3010
1.4894,-1.0,10,10,2,0,0
71.8511,71.8511,0,0,0,11,3010
1.5957,-1.0,10,2,3,0,0
72.4894,72.4894,0,0,0,11,3010
1.7021,-1.0,10,8,2,0,0
73.1277,73.1277,0,0,0,11,3010
1.8085,-1.0,10,11,2,0,0
73.7660,73.7660,0,0,0,11,3010
1.9149,-1.0,10,3,3,0,0
74.4043,74.4043,0,0,0,11,3010
2.0213,-1.0,10,10,2,0,0
75.0426,75.0426,0,0,0,11,3010
2.1277,-1.0,10,7,2,0,0
75.6809,75.6809,0,0,0,11,3010
2.2340,-1.0,10,2,3,0,0
76.3191,76.3191,0,0,0,11,3010
2.3404,-1.0,10,9,2,0,0
76.9574,76.9574,0,0,0,11,3010
2.4468,-1.0,10,6,2,0,0
77.5957,77.5957,0,0,0,11,3010
2.5532,-1.0,10,8,2,0,0
78.2340,78.2340,0,0,0,11,3010
2.5532,-1.0,10,10,3,0,0
78.8723,78.8723,0,0,0,11,3010
2.6596,-1.0,10,2,2,0,0
79.5106,79.5106,0,0,0,11,3010
2.7660,-1.0,10,5,2,0,0
80.1489,80.1489,0,0,0,11,3010
2.8723,-1.0,10,9,3,0,0
80.7872,80.7872,0,0,0,11,3010
2.9787,-1.0,10,3,2,0,0
81.4255,81.4255,0,0,0,11,3010
3.0851,-1.0,10,6,2,0,0
82.0638,82.0638,0,0,0,11,3010
3.1915,-1.0,10,10,3,0,0
3.2979,-1.0,10,5,2,0,0
3.4043,-1.0,10,2,2,0,0
3.5106,-1.0,10,8,3,0,0
3.6170,-1.0,10,4,2,0,0
3.7234,-1.0,10,1,2,0,0
3.8298,-1.0,10,5,2,0,0
3.8298,-1.0,10,8,2,0,0
3.8298,-1.0,20,10,3,0,0
3.9362,-1.0,10,2,2,0,0
4.0426,-1.0,10,5,2,0,0
4.1489,-1.0,10,8,3,0,0
4.2553,-1.0,10,3,2,0,0
4.3617,-1.0,10,6,2,0,0
4.4681,-1.0,10,9,3,0,0
4.5745,-1.0,10,5,2,0,0
4.6809,-1.0,10,2,2,0,0
4.7872,-1.0,10,8,3,0,0
4.8936,-1.0,10,4,2,0,0
5.0,-1.0,10,6,2,0,0
5.1064,-1.0,10,1,3,0,0
5.1064,-1.0,10,4,2,0,0
5.2128,-1.0,10,7,2,0,0
5.3192,-1.0,10,10,2,0,0
5.4255,-1.0,10,3,3,0,0
5.5319,-1.0,10,8,2,0,0
5.6383,-1.0,10,11,2,0,0
5.7447,-1.0,10,4,3,0,0
5.8511,-1.0,10,10,2,0,0
5.9574,-1.0,10,7,2,0,0
6.0638,-1.0,10,2,3,0,0
6.1702,-1.0,10,9,2,0,0
6.2766,-1.0,10,6,2,0,0
6.3830,-1.0,10,1,3,0,0
6.3830,-1.0,10,4,2,0,0
6.3830,-1.0,20,10,3,0,0
6.4894,-1.0,10,7,2,0,0
6.5957,-1.0,10,10,2,0,0
6.7021,-1.0,10,2,3,0,0
6.8085,-1.0,10,8,2,0,0
6.9149,-1.0,10,11,2,0,0
7.0213,-1.0,10,3,3,0,0
7.1277,-1.0,10,10,2,0,0
7.2340,-1.0,10,7,2,0,0
7.3404,-1.0,10,2,3,0,0
7.4468,-1.0,10,9,2,0,0
7.5532,-1.0,10,6,2,0,0
7.6596,-1.0,10,8,2,0,0
7.6596,-1.0,10,10,3,0,0
7.7660,-1.0,10,2,2,0,0
7.8723,-1.0,10,5,2,0,0
7.9787,-1.0,10,9,3,0,0
8.0851,-1.0,10,3,2,0,0
8.1915,-1.0,10,6,2,0,0
8.2979,-1.0,10,10,3,0,0
8.4043,-1.0,10,5,2,0,0
8.5106,-1.0,10,2,2,0,0
8.6170,-1.0,10,8,3,0,0
8.7234,-1.0,10,4,2,0,0
8.8298,-1.0,10,1,2,0,0
8.9362,-1.0,20,7,3,0,0
8.9362,-1.0,10,11,2,0,0
9.0426,-1.0,10,2,2,0,0
9.1489,-1.0,10,5,2,0,0
9.2553,-1.0,20,5,5,0,0
9.2553,-1.0,10,11,2,0,0
9.3617,-1.0,10,3,2,0,0
9.4681,-1.0,10,6,2,0,0
9.5745,-1.0,20,3,7,0,0
9.5745,-1.0,10,11,2,0,0
9.6808,-1.0,10,4,2,0,0
9.7872,-1.0,10,7,2,0,0
9.8936,-1.0,20,1,9,0,0
9.8936,-1.0,10,11,2,0,0
10.0,-1.0,10,5,2,0,0
10.1064,-1.0,10,8,2,0,0
10.2128,-1.0,10,1,3,0,0
10.2128,-1.0,20,5,2,0,0
10.2128,-1.0,10,10,2,0,0
10.3191,-1.0,10,7,2,0,0
10.4255,-1.0,10,10,2,0,0
10.5319,-1.0,10,2,3,0,0
10.6383,-1.0,10,8,2,0,0
10.7447,-1.0,10,11,2,0,0
10.8511,-1.0,10,3,3,0,0
10.8511,-1.0,20,7,2,0,0
10.9574,-1.0,10,10,2,0,0
11.0638,-1.0,10,7,2,0,0
11.1702,-1.0,10,2,3,0,0
11.2766,-1.0,10,9,2,0,0
11.3830,-1.0,10,6,2,0,0
11.4894,-1.0,10,1,3,0,0
11.4894,-1.0,10,4,2,0,0
11.4894,-1.0,20,10,3,0,0
11.5957,-1.0,10,7,2,0,0
11.7021,-1.0,10,10,2,0,0
11.8085,-1.0,10,2,3,0,0
11.9149,-1.0,10,8,2,0,0
12.0213,-1.0,10,11,2,0,0
12.1277,-1.0,10,3,3,0,0
12.1277,-1.0,20,7,2,0,0
12.2340,-1.0,10,10,2,0,0
12.3404,-1.0,10,7,2,0,0
12.4468,-1.0,10,2,3,0,0
12.5532,-1.0,10,9,2,0,0
12.6596,-1.0,10,6,2,0,0
12.7660,-1.0,10,4,2,0,0
12.7660,-1.0,20,8,2,0,0
12.7660,-1.0,10,10,3,0,0
12.8723,-1.0,10,1,2,0,0
12.9787,-1.0,10,4,2,0,0
13.0851,-1.0,10,9,3,0,0
13.1915,-1.0,10,2,2,0,0
13.2979,-1.0,10,5,2,0,0
13.4043,-1.0,20,7,2,0,0
13.4043,-1.0,10,10,3,0,0
13.5106,-1.0,10,4,2,0,0
13.6170,-1.0,10,2,2,0,0
13.7234,-1.0,10,9,3,0,0
13.8298,-1.0,10,3,2,0,0
13.9362,-1.0,10,1,2,0,0
14.0426,-1.0,10,4,2,0,0
14.0426,-1.0,10,7,2,0,0
14.0426,-1.0,20,10,3,0,0
14.1489,-1.0,10,1,2,0,0
14.2553,-1.0,10,4,2,0,0
14.3617,-1.0,10,9,3,0,0
14.4681,-1.0,10,2,2,0,0
14.5745,-1.0,10,5,2,0,0
14.6809,-1.0,20,7,2,0,0
14.6809,-1.0,10,10,3,0,0
14.7872,-1.0,10,4,2,0,0
14.8936,-1.0,10,2,2,0,0
15.0,-1.0,10,8,3,0,0
15.1064,-1.0,10,3,2,0,0
15.2128,-1.0,10,8,2,0,0
15.3191,-1.0,10,1,3,0,0
15.3191,-1.0,20,5,2,0,0
15.3191,-1.0,10,9,2,0,0
15.4255,-1.0,10,7,2,0,0
15.5319,-1.0,10,10,2,0,0
15.6383,-1.0,10,2,3,0,0
15.7447,-1.0,10,8,2,0,0
15.8511,-1.0,10,11,2,0,0
15.9574,-1.0,10,3,3,0,0
15.9574,-1.0,20,7,2,0,0
16.0638,-1.0,10,10,2,0,0
16.1702,-1.0,10,7,2,0,0
16.2766,-1.0,10,2,3,0,0
16.3830,-1.0,10,9,2,0,0
16.4894,-1.0,10,6,2,0,0
16.5957,-1.0,10,1,3,0,0
16.5957,-1.0,10,4,2,0,0
16.5957,-1.0,20,10,3,0,0
16.7021,-1.0,10,7,2,0,0
16.8085,-1.0,10,10,2,0,0
16.9149,-1.0,10,2,3,0,0
17.0213,-1.0,10,8,2,0,0
17.1277,-1.0,10,11,2,0,0
17.2340,-1.0,10,3,3,0,0
17.2340,-1.0,20,7,2,0,0
17.3404,-1.0,10,10,2,0,0
17.4468,-1.0,10,7,2,0,0
17.5532,-1.0,10,2,3,0,0
17.6596,-1.0,10,3,2,0,0
17.6596,-1.0,10,9,2,0,0
17.7660,-1.0,10,3,2,0,0
17.7660,-1.0,10,6,2,0,0
17.8723,-1.0,10,1,2,0,0
17.8723,-1.0,20,8,3,0,0
18.1915,-1.0,10,1,2,0,0
18.5106,-1.0,10,1,2,0,0
18.5106,-1.0,20,9,4,0,0
18.8298,-1.0,10,1,2,0,0
19.1489,-1.0,10,1,2,0,0
19.1489,-1.0,20,7,5,0,0
19.4681,-1.0,10,1,2,0,0
19.7872,-1.0,10,3,2,0,0
19.7872,-1.0,10,6,2,0,0
19.7872,-1.0,20,9,4,0,0
20.1064,-1.0,10,1,2,0,0
20.1064,-1.0,10,4,2,0,0
20.1064,-1.0,10,7,2,0,0
20.4255,-1.0,80,2,2,0,0
20.4255,21.0638,100,2,2,0,0
20.4255,-1.0,80,5,2,0,0
20.4255,21.0638,100,5,2,0,0
20.4255,-1.0,82,8,2,0,0
20.4255,21.0638,110,8,2,JumpScratch,4
20.7447,-1.0,900,2,2,0,0
20.7447,-1.0,900,5,2,0,0
20.7447,-1.0,900,8,2,0,0
21.0638,21.3830,110,10,2,0,0
21.3830,-1.0,80,3,2,0,0
21.3830,21.7021,100,3,2,0,0
21.3830,-1.0,80,6,2,0,0
21.3830,21.7021,100,6,2,0,0
22.0213,-1.0,80,2,2,0,0
22.0213,23.2979,100,2,2,0,0
22.0213,-1.0,80,7,2,0,0
22.0213,22.6596,100,7,2,0,0
22.3404,-1.0,900,2,2,0,0
22.3404,-1.0,900,7,2,0,0
22.6596,-1.0,900,2,2,0,0
22.6596,-1.0,80,10,2,0,0
22.6596,23.2979,100,10,2,0,0
22.9787,-1.0,900,2,2,0,0
22.9787,-1.0,900,10,2,0,0
23.2979,-1.0,82,5,2,0,0
23.2979,23.9362,110,5,2,0,0
23.6170,-1.0,900,5,2,0,0
23.6170,-1.0,82,7,2,0,0
23.6170,23.9362,110,7,2,0,0
24.5745,-1.0,80,1,2,0,0
24.5745,25.5319,100,1,2,0,0
24.5745,-1.0,80,4,2,0,0
24.5745,25.2128,100,4,2,0,0
24.5745,-1.0,80,7,2,0,0
24.5745,24.8936,100,7,2,0,0
24.8936,-1.0,900,1,2,0,0
24.8936,-1.0,900,4,2,0,0
24.8936,-1.0,82,10,2,0,0
24.8936,26.1702,110,10,2,0,0
25.2128,-1.0,900,1,2,0,0
25.2128,-1.0,82,7,2,0,0
25.2128,26.1702,110,7,2,0,0
25.2128,-1.0,900,10,2,0,0
25.5319,-1.0,82,4,2,0,0
25.5319,26.4894,110,4,2,0,0
25.5319,-1.0,900,7,2,0,0
25.5319,-1.0,900,10,2,0,0
25.8511,-1.0,900,4,2,0,0
25.8511,-1.0,900,7,2,0,0
25.8511,-1.0,900,10,2,0,0
26.1702,-1.0,82,1,2,0,0
26.1702,26.4894,110,1,2,0,0
26.1702,-1.0,900,4,2,0,0
27.1277,-1.0,10,6,2,0,0
27.1277,-1.0,80,9,2,0,0
27.1277,27.4468,100,9,2,0,0
27.4468,-1.0,80,3,2,0,0
27.4468,28.4043,100,3,2,0,0
27.4468,-1.0,10,6,2,0,0
27.7660,-1.0,900,3,2,0,0
27.7660,-1.0,80,6,2,0,0
27.7660,28.7234,100,6,2,0,0
27.7660,-1.0,80,9,2,0,0
27.7660,29.0426,100,9,2,0,0
28.0851,-1.0,900,3,2,0,0
28.0851,-1.0,900,6,2,0,0
28.0851,-1.0,900,9,2,0,0
28.4043,-1.0,900,6,2,0,0
28.4043,-1.0,900,9,2,0,0
28.7234,-1.0,10,3,2,0,0
28.7234,-1.0,900,9,2,0,0
29.0426,-1.0,10,3,2,0,0
29.0426,-1.0,10,6,2,0,0
29.6809,-1.0,10,3,2,0,0
29.6809,-1.0,10,6,2,0,0
30.0,-1.0,10,2,2,0,0
30.0,-1.0,10,5,2,0,0
30.0399,-1.0,20,8,2,0,0
30.2394,-1.0,20,9,2,0,0
30.3191,-1.0,10,1,2,0,0
30.3191,-1.0,10,4,2,0,0
30.4388,-1.0,20,10,2,0,0
30.6383,-1.0,80,2,2,0,0
30.6383,31.2766,100,2,2,0,0
30.6383,-1.0,80,5,2,0,0
30.6383,31.2766,100,5,2,0,0
30.6383,-1.0,20,11,2,0,0
30.8378,-1.0,20,10,2,0,0
30.9574,-1.0,900,2,2,0,0
30.9574,-1.0,900,5,2,0,0
31.2766,-1.0,10,8,2,0,0
31.2766,-1.0,20,11,2,0,0
31.5957,-1.0,10,3,2,0,0
31.5957,-1.0,80,6,2,0,0
31.5957,32.2340,100,6,2,0,0
31.5957,-1.0,10,10,2,0,0
31.9149,-1.0,900,6,2,0,0
32.2340,-1.0,10,2,2,0,0
32.2340,-1.0,10,9,2,0,0
32.5532,-1.0,20,11,2,0,0
32.8723,-1.0,82,1,2,0,0
32.8723,33.8298,110,1,2,JumpScratch,4
32.8723,-1.0,82,4,2,0,0
32.8723,33.5106,110,4,2,JumpScratch,4
32.8723,-1.0,82,7,2,0,0
32.8723,33.1915,110,7,2,JumpScratch,4
33.1915,-1.0,900,1,2,0,0
33.1915,-1.0,900,4,2,0,0
33.1915,34.1489,110,9,2,0,0
33.5106,-1.0,900,1,2,0,0
33.5106,34.1489,110,6,2,0,0
33.5106,-1.0,900,9,2,0,0
33.8298,34.1489,110,3,2,0,0
33.8298,-1.0,900,6,2,0,0
33.8298,-1.0,900,9,2,0,0
33.8298,-1.0,20,11,2,0,0
34.7872,-1.0,80,2,2,0,0
34.7872,35.1064,100,2,2,0,0
34.7872,-1.0,80,6,2,0,0
34.7872,35.1064,100,6,2,0,0
35.1064,-1.0,80,4,2,0,0
35.1064,35.4255,100,4,2,0,0
35.1064,-1.0,80,8,2,0,0
35.1064,35.4255,100,8,2,0,0
35.1064,-1.0,20,11,2,0,0
35.4255,-1.0,80,6,2,0,0
35.4255,35.7447,100,6,2,0,0
35.7447,-1.0,80,3,2,0,0
35.7447,36.3830,100,3,2,0,0
35.7447,-1.0,80,9,2,0,0
35.7447,36.3830,100,9,2,0,0
36.0638,-1.0,900,3,2,0,0
36.0638,-1.0,900,9,2,0,0
36.3830,-1.0,10,5,2,0,0
36.3830,-1.0,20,11,2,0,0
36.7021,-1.0,80,4,2,0,0
36.7021,39.2553,100,4,2,0,0
36.7021,-1.0,80,8,2,0,0
36.7021,39.2553,100,8,2,0,0
37.0213,-1.0,900,4,2,0,0
37.0213,-1.0,900,8,2,0,0
37.3404,-1.0,82,1,2,0,0
37.3404,37.9787,110,1,2,JumpScratch,12
37.3404,-1.0,900,4,2,0,0
37.3404,-1.0,900,8,2,0,0
37.6596,-1.0,900,1,2,0,0
37.6596,-1.0,900,4,2,0,0
37.6596,-1.0,900,8,2,0,0
37.6596,-1.0,20,11,2,0,0
37.9787,39.2553,110,11,2,0,0
38.2979,-1.0,900,4,2,0,0
38.2979,-1.0,900,8,2,0,0
38.2979,-1.0,900,11,2,0,0
38.6170,-1.0,900,4,2,0,0
38.6170,-1.0,900,8,2,0,0
38.6170,-1.0,900,11,2,0,0
38.9362,-1.0,900,4,2,0,0
38.9362,-1.0,900,8,2,0,0
38.9362,-1.0,900,11,2,0,0
39.5745,-1.0,10,2,2,0,0
39.6808,-1.0,10,4,2,0,0
39.7872,-1.0,10,6,2,0,0
39.8936,-1.0,10,4,2,0,0
40.0,-1.0,10,6,2,0,0
40.1064,-1.0,10,8,2,0,0
40.2128,-1.0,10,10,2,0,0
40.3191,-1.0,10,8,2,0,0
40.4255,-1.0,10,6,2,0,0
40.5319,-1.0,10,8,2,0,0
40.6383,-1.0,10,6,2,0,0
40.7447,-1.0,10,4,2,0,0
40.8511,-1.0,83,1,3,0,0
40.8511,41.4894,110,1,3,JumpScratch,5
40.8511,-1.0,10,11,2,0,0
40.9574,-1.0,10,8,2,0,0
41.0638,-1.0,10,11,2,0,0
41.1702,-1.0,900,1,3,0,0
41.1702,-1.0,31,1,3,0,0
41.1702,-1.0,10,8,2,0,0
41.2766,-1.0,31,1,3,0,0
41.2766,-1.0,10,11,2,0,0
41.3830,-1.0,31,1,3,0,0
41.3830,-1.0,10,8,2,0,0
41.4894,42.1277,110,3,3,JumpScratch,-5
41.4894,-1.0,10,11,2,0,0
41.5957,-1.0,10,8,2,0,0
41.7021,-1.0,10,11,2,0,0
41.8085,-1.0,900,3,3,0,0
41.8085,-1.0,31,3,3,0,0
41.8085,-1.0,10,8,2,0,0
41.9149,-1.0,31,3,3,0,0
41.9149,-1.0,10,11,2,0,0
42.0213,-1.0,31,3,3,0,0
42.0213,-1.0,10,8,2,0,0
42.1277,42.7660,110,1,3,JumpScratch,5
42.1277,-1.0,10,11,2,0,0
42.2340,-1.0,10,8,2,0,0
42.3404,-1.0,10,11,2,0,0
42.4468,-1.0,900,1,3,0,0
42.4468,-1.0,31,1,3,0,0
42.4468,-1.0,10,8,2,0,0
42.5532,-1.0,31,1,3,0,0
42.5532,-1.0,10,11,2,0,0
42.6596,-1.0,31,1,3,0,0
42.6596,-1.0,10,8,2,0,0
42.7660,43.4043,110,3,3,JumpScratch,-5
42.7660,-1.0,10,11,2,0,0
42.8723,-1.0,31,3,3,0,0
42.8723,-1.0,10,8,2,0,0
42.9787,-1.0,31,3,3,0,0
42.9787,-1.0,10,11,2,0,0
43.0851,-1.0,900,3,3,0,0
43.0851,-1.0,31,3,3,0,0
43.0851,-1.0,10,8,2,0,0
43.1915,-1.0,31,3,3,0,0
43.1915,-1.0,10,11,2,0,0
43.2979,-1.0,31,3,3,0,0
43.2979,-1.0,10,8,2,0,0
43.4043,44.0426,110,1,3,JumpScratch,5
43.4043,-1.0,10,10,2,0,0
43.5106,-1.0,10,7,2,0,0
43.6170,-1.0,10,10,2,0,0
43.7234,-1.0,900,1,3,0,0
43.7234,-1.0,31,1,3,0,0
43.7234,-1.0,10,7,2,0,0
43.8298,-1.0,31,1,3,0,0
43.8298,-1.0,10,10,2,0,0
43.9362,-1.0,31,1,3,0,0
43.9362,-1.0,10,7,2,0,0
44.0426,44.6809,110,3,3,JumpScratch,-5
44.0426,-1.0,10,10,2,0,0
44.1489,-1.0,10,7,2,0,0
44.2553,-1.0,10,10,2,0,0
44.3617,-1.0,900,3,3,0,0
44.3617,-1.0,31,3,3,0,0
44.3617,-1.0,10,7,2,0,0
44.4681,-1.0,31,3,3,0,0
44.4681,-1.0,10,10,2,0,0
44.5745,-1.0,31,3,3,0,0
44.5745,-1.0,10,7,2,0,0
44.6809,45.3191,110,1,3,JumpScratch,5
44.6809,-1.0,10,10,2,0,0
44.7872,-1.0,10,7,2,0,0
44.8936,-1.0,10,10,2,0,0
45.0,-1.0,900,1,3,0,0
45.0,-1.0,31,1,3,0,0
45.0,-1.0,10,7,2,0,0
45.1064,-1.0,31,1,3,0,0
45.1064,-1.0,10,10,2,0,0
45.2128,-1.0,31,1,3,0,0
45.2128,-1.0,10,7,2,0,0
45.3191,-1.0,10,10,2,0,0
45.4255,-1.0,10,7,2,0,0
45.5319,-1.0,10,10,2,0,0
45.6383,-1.0,10,7,2,0,0
45.7447,-1.0,10,10,2,0,0
45.8511,-1.0,10,7,2,0,0
45.9574,-1.0,10,5,2,0,0
45.9574,-1.0,83,10,3,0,0
45.9574,46.5957,110,10,3,JumpScratch,-5
46.0638,-1.0,10,2,2,0,0
46.1702,-1.0,10,5,2,0,0
46.2766,-1.0,10,2,2,0,0
46.2766,-1.0,900,10,3,0,0
46.2766,-1.0,31,10,3,0,0
46.3830,-1.0,10,5,2,0,0
46.3830,-1.0,31,10,3,0,0
46.4894,-1.0,10,2,2,0,0
46.4894,-1.0,31,10,3,0,0
46.5957,-1.0,10,5,2,0,0
46.5957,47.2340,110,8,3,JumpScratch,5
46.7021,-1.0,10,2,2,0,0
46.8085,-1.0,10,5,2,0,0
46.9149,-1.0,10,2,2,0,0
46.9149,-1.0,900,8,3,0,0
46.9149,-1.0,31,8,3,0,0
47.0213,-1.0,10,5,2,0,0
47.0213,-1.0,31,8,3,0,0
47.1277,-1.0,10,2,2,0,0
47.1277,-1.0,31,8,3,0,0
47.2340,-1.0,10,5,2,0,0
47.2340,47.8723,110,10,3,JumpScratch,-5
47.3404,-1.0,10,2,2,0,0
47.4468,-1.0,10,5,2,0,0
47.5532,-1.0,10,2,2,0,0
47.5532,-1.0,900,10,3,0,0
47.5532,-1.0,31,10,3,0,0
47.6596,-1.0,10,5,2,0,0
47.6596,-1.0,31,10,3,0,0
47.7660,-1.0,10,2,2,0,0
47.7660,-1.0,31,10,3,0,0
47.8723,-1.0,10,5,2,0,0
47.8723,48.5106,110,8,3,JumpScratch,5
47.9787,-1.0,10,2,2,0,0
47.9787,-1.0,31,8,3,0,0
48.0851,-1.0,10,5,2,0,0
48.0851,-1.0,31,8,3,0,0
48.1915,-1.0,10,2,2,0,0
48.1915,-1.0,900,8,3,0,0
48.1915,-1.0,31,8,3,0,0
48.2979,-1.0,10,5,2,0,0
48.2979,-1.0,31,8,3,0,0
48.4043,-1.0,10,2,2,0,0
48.4043,-1.0,31,8,3,0,0
48.5106,-1.0,10,4,2,0,0
48.5106,49.1489,110,10,3,JumpScratch,-5
48.6170,-1.0,10,1,2,0,0
48.7234,-1.0,10,4,2,0,0
48.8298,-1.0,10,1,2,0,0
48.8298,-1.0,900,10,3,0,0
48.8298,-1.0,31,10,3,0,0
48.9362,-1.0,10,4,2,0,0
48.9362,-1.0,31,10,3,0,0
49.0426,-1.0,10,1,2,0,0
49.0426,-1.0,31,10,3,0,0
49.1489,-1.0,10,4,2,0,0
49.1489,49.7872,110,8,3,JumpScratch,5
49.2553,-1.0,10,1,2,0,0
49.3617,-1.0,10,4,2,0,0
49.4681,-1.0,10,1,2,0,0
49.4681,-1.0,900,8,3,0,0
49.4681,-1.0,31,8,3,0,0
49.5745,-1.0,10,4,2,0,0
49.5745,-1.0,31,8,3,0,0
49.6809,-1.0,10,1,2,0,0
49.6809,-1.0,31,8,3,0,0
49.7872,-1.0,20,4,2,0,0
49.7872,50.4255,110,10,3,0,0
49.8936,-1.0,20,1,3,0,0
50.0,-1.0,20,4,2,0,0
50.1064,-1.0,20,1,3,0,0
50.1064,-1.0,900,10,3,0,0
50.1064,-1.0,31,10,3,0,0
50.2128,-1.0,20,4,2,0,0
50.2128,-1.0,31,10,3,0,0
50.3192,-1.0,20,1,3,0,0
50.3192,-1.0,31,10,3,0,0
50.4255,-1.0,20,4,2,0,0
50.5319,-1.0,20,1,3,0,0
50.6383,-1.0,20,4,2,0,0
50.7447,-1.0,20,1,3,0,0
50.8511,-1.0,20,4,2,0,0
50.9574,-1.0,20,1,3,0,0
51.0638,-1.0,10,6,2,0,0
51.0638,-1.0,10,8,2,0,0
51.0638,-1.0,10,10,3,0,0
51.1702,-1.0,10,1,3,0,0
51.2766,-1.0,10,4,2,0,0
51.3830,-1.0,10,1,3,0,0
51.3830,-1.0,10,8,2,0,0
51.3830,-1.0,10,10,3,0,0
51.4894,-1.0,10,6,2,0,0
51.5957,-1.0,10,8,2,0,0
51.7021,-1.0,10,1,3,0,0
51.7021,-1.0,10,4,2,0,0
51.7021,-1.0,10,6,2,0,0
51.8085,-1.0,10,10,3,0,0
51.9149,-1.0,10,8,2,0,0
52.0213,-1.0,10,1,3,0,0
52.0213,-1.0,10,4,2,0,0
52.0213,-1.0,10,10,3,0,0
52.1277,-1.0,10,6,2,0,0
52.2340,-1.0,10,4,2,0,0
52.3404,-1.0,10,6,2,0,0
52.3404,-1.0,10,8,2,0,0
52.3404,-1.0,10,10,3,0,0
52.4468,-1.0,10,1,3,0,0
52.5532,-1.0,10,4,2,0,0
52.6596,-1.0,10,1,3,0,0
52.6596,-1.0,10,8,2,0,0
52.6596,-1.0,10,10,3,0,0
52.7660,-1.0,10,6,2,0,0
52.8723,-1.0,10,8,2,0,0
52.9787,-1.0,20,1,3,0,0
52.9787,-1.0,10,4,2,0,0
52.9787,-1.0,10,6,2,0,0
53.0851,-1.0,10,10,3,0,0
53.1915,-1.0,10,8,2,0,0
53.2979,-1.0,20,1,3,0,0
53.2979,-1.0,10,4,2,0,0
53.2979,-1.0,10,10,3,0,0
53.4043,-1.0,10,6,2,0,0
53.5106,-1.0,10,4,2,0,0
53.6170,-1.0,10,8,2,0,0
53.6170,-1.0,10,10,3,0,0
53.7234,-1.0,10,1,3,0,0
53.7234,-1.0,10,4,2,0,0
53.8298,-1.0,10,6,2,0,0
53.8298,-1.0,10,8,2,0,0
53.9362,-1.0,10,1,3,0,0
53.9362,-1.0,10,4,2,0,0
54.0426,-1.0,10,8,2,0,0
54.0426,-1.0,10,10,3,0,0
54.1489,-1.0,10,4,2,0,0
54.1489,-1.0,10,6,2,0,0
54.2553,-1.0,10,8,2,0,0
54.2553,-1.0,10,10,3,0,0
54.3617,-1.0,10,1,3,0,0
54.3617,-1.0,10,4,2,0,0
54.4681,-1.0,10,6,2,0,0
54.4681,-1.0,10,8,2,0,0
54.5745,-1.0,10,1,3,0,0
54.5745,-1.0,10,4,2,0,0
54.6808,-1.0,10,8,2,0,0
54.6808,-1.0,10,10,3,0,0
54.7872,-1.0,10,6,2,0,0
54.8936,-1.0,10,1,3,0,0
54.8936,-1.0,10,4,2,0,0
55.0,-1.0,10,6,2,0,0
55.0,-1.0,10,8,2,0,0
55.1064,-1.0,10,1,3,0,0
55.1064,-1.0,10,4,2,0,0
55.2128,-1.0,10,8,2,0,0
55.2128,-1.0,10,10,3,0,0
55.3191,-1.0,10,4,2,0,0
55.3191,-1.0,10,6,2,0,0
55.4255,-1.0,10,8,2,0,0
55.4255,-1.0,10,10,3,0,0
55.5319,-1.0,20,1,3,0,0
55.5319,-1.0,10,4,2,0,0
55.5319,-1.0,10,6,2,0,0
55.6383,-1.0,10,8,2,0,0
55.6383,-1.0,10,10,3,0,0
55.7447,-1.0,10,1,3,0,0
55.7447,-1.0,10,4,2,0,0
55.8511,-1.0,10,6,2,0,0
55.8511,-1.0,10,8,2,0,0
55.8511,-1.0,20,10,3,0,0
55.9574,-1.0,10,1,3,0,0
55.9574,-1.0,10,4,2,0,0
56.0638,-1.0,10,6,2,0,0
56.1702,-1.0,10,1,3,0,0
56.1702,-1.0,10,8,2,0,0
56.1702,-1.0,10,10,3,0,0
56.2766,-1.0,10,4,2,0,0
56.3830,-1.0,10,6,2,0,0
56.4894,-1.0,10,1,3,0,0
56.4894,-1.0,10,8,2,0,0
56.4894,-1.0,10,10,3,0,0
56.5957,-1.0,10,6,2,0,0
56.7021,-1.0,10,8,2,0,0
56.8085,-1.0,10,1,3,0,0
56.8085,-1.0,10,4,2,0,0
56.8085,-1.0,10,10,3,0,0
56.9149,-1.0,10,8,2,0,0
57.0213,-1.0,10,6,2,0,0
57.1277,-1.0,10,1,3,0,0
57.1277,-1.0,10,4,2,0,0
57.1277,-1.0,10,10,3,0,0
57.2340,-1.0,10,6,2,0,0
57.3404,-1.0,10,4,2,0,0
57.4468,-1.0,10,1,3,0,0
57.4468,-1.0,10,8,2,0,0
57.4468,-1.0,10,10,3,0,0
57.5532,-1.0,10,4,2,0,0
57.6596,-1.0,10,6,2,0,0
57.7660,-1.0,10,1,3,0,0
57.7660,-1.0,10,8,2,0,0
57.7660,-1.0,10,10,3,0,0
57.8723,-1.0,10,6,2,0,0
57.9787,-1.0,10,8,2,0,0
58.0851,-1.0,10,1,3,0,0
58.0851,-1.0,10,4,2,0,0
58.0851,-1.0,10,10,3,0,0
58.1915,-1.0,10,8,2,0,0
58.2979,-1.0,10,6,2,0,0
58.4043,-1.0,10,1,3,0,0
58.4043,-1.0,10,4,2,0,0
58.4043,-1.0,10,10,3,0,0
58.5106,-1.0,10,6,2,0,0
58.6170,-1.0,10,4,2,0,0
60.0,-1.0,10,1,3,0,0
60.0,-1.0,10,4,3,0,0
60.0,-1.0,10,7,3,0,0
60.0,-1.0,10,10,3,0,0
60.6383,-1.0,10,1,4,0,0
60.6383,-1.0,10,9,4,0,0
60.7181,-1.0,10,3,4,0,0
60.7181,-1.0,10,7,4,0,0
60.7979,-1.0,10,1,4,0,0
60.7979,-1.0,10,9,4,0,0
60.8777,-1.0,10,3,4,0,0
60.8777,-1.0,10,7,4,0,0
60.9574,-1.0,10,1,4,0,0
60.9574,-1.0,10,9,4,0,0
61.0372,-1.0,10,3,4,0,0
61.0372,-1.0,10,7,4,0,0
61.1170,-1.0,10,1,4,0,0
61.1170,-1.0,10,9,4,0,0
61.1968,-1.0,10,3,4,0,0
61.1968,-1.0,10,7,4,0,0
61.2766,-1.0,20,1,6,0,0
61.2766,-1.0,20,7,6,0,0
61.8085,-1.0,10,1,3,0,0
61.9149,-1.0,20,1,3,0,0
61.9149,-1.0,20,4,3,0,0
61.9149,-1.0,81,7,3,0,0
61.9149,62.2340,101,7,3,0,0
61.9149,-1.0,81,10,3,0,0
61.9149,62.2340,101,10,3,0,0
62.2340,-1.0,10,1,3,0,0
62.4468,-1.0,10,4,3,0,0
62.5532,-1.0,20,1,3,0,0
62.5532,-1.0,20,4,3,0,0
62.5532,-1.0,81,7,3,0,0
62.5532,62.8723,101,7,3,0,0
62.5532,-1.0,81,10,3,0,0
62.5532,62.8723,101,10,3,0,0
62.7660,-1.0,10,4,3,0,0
62.8723,-1.0,10,1,3,0,0
63.1915,-1.0,20,1,3,0,0
63.1915,-1.0,20,4,3,0,0
63.1915,-1.0,81,7,3,0,0
63.1915,63.5106,101,7,3,0,0
63.1915,-1.0,81,10,3,0,0
63.1915,63.5106,101,10,3,0,0
63.5106,-1.0,10,1,3,0,0
63.8298,-1.0,81,1,3,0,0
63.8298,64.1489,101,1,3,0,0
63.8298,-1.0,81,4,3,0,0
63.8298,64.1489,101,4,3,0,0
63.8298,-1.0,20,7,3,0,0
63.8298,-1.0,20,10,3,0,0
64.3617,-1.0,10,10,3,0,0
64.4681,-1.0,81,1,3,0,0
64.4681,64.7872,101,1,3,0,0
64.4681,-1.0,81,4,3,0,0
64.4681,64.7872,101,4,3,0,0
64.4681,-1.0,20,7,3,0,0
64.4681,-1.0,20,10,3,0,0
64.7872,-1.0,10,10,3,0,0
65.0,-1.0,10,7,3,0,0
65.1064,-1.0,81,1,3,0,0
65.1064,65.4255,101,1,3,0,0
65.1064,-1.0,81,4,3,0,0
65.1064,65.4255,101,4,3,0,0
65.1064,-1.0,20,7,3,0,0
65.1064,-1.0,20,10,3,0,0
65.3192,-1.0,10,7,3,0,0
65.4255,-1.0,10,10,3,0,0
65.7447,-1.0,81,1,3,0,0
65.7447,66.0638,101,1,3,0,0
65.7447,-1.0,81,4,3,0,0
65.7447,66.0638,101,4,3,0,0
65.7447,-1.0,20,7,3,0,0
65.7447,-1.0,20,10,3,0,0
66.0638,-1.0,10,10,3,0,0
66.3830,-1.0,20,1,3,0,0
66.3830,-1.0,20,4,3,0,0
66.3830,-1.0,81,7,3,0,0
66.3830,66.7021,101,7,3,0,0
66.3830,-1.0,81,10,3,0,0
66.3830,66.7021,101,10,3,0,0
66.9149,-1.0,10,1,3,0,0
67.0213,-1.0,20,1,3,0,0
67.0213,-1.0,20,4,3,0,0
67.0213,-1.0,81,7,3,0,0
67.0213,67.3404,101,7,3,0,0
67.0213,-1.0,81,10,3,0,0
67.0213,67.3404,101,10,3,0,0
67.3404,-1.0,10,1,3,0,0
67.5532,-1.0,10,4,3,0,0
67.6596,-1.0,20,1,3,0,0
67.6596,-1.0,20,4,3,0,0
67.6596,-1.0,81,7,3,0,0
67.6596,67.9787,101,7,3,0,0
67.6596,-1.0,81,10,3,0,0
67.6596,67.9787,101,10,3,0,0
67.8723,-1.0,10,4,3,0,0
67.9787,-1.0,10,1,3,0,0
68.2979,-1.0,20,1,3,0,0
68.2979,-1.0,20,4,3,0,0
68.2979,-1.0,81,7,3,0,0
68.2979,68.6170,101,7,3,0,0
68.2979,-1.0,81,10,3,0,0
68.2979,68.6170,101,10,3,0,0
68.6170,-1.0,10,1,3,0,0
68.9362,-1.0,81,1,3,0,0
68.9362,69.5745,101,1,3,0,0
68.9362,-1.0,20,4,3,0,0
68.9362,-1.0,81,7,3,0,0
68.9362,69.8936,101,7,3,0,0
68.9362,-1.0,20,10,3,0,0
69.2553,-1.0,900,1,3,0,0
69.2553,-1.0,900,7,3,0,0
69.5745,-1.0,20,4,3,0,0
69.5745,-1.0,900,7,3,0,0
69.5745,-1.0,20,10,3,0,0
69.8936,-1.0,10,4,2,0,0
69.8936,-1.0,81,10,3,0,0
69.8936,70.8511,101,10,3,0,0
70.0,-1.0,10,2,2,0,0
70.1064,-1.0,10,5,2,0,0
70.2128,-1.0,10,8,2,0,0
70.2128,-1.0,900,10,3,0,0
70.3191,-1.0,10,6,2,0,0
70.4255,-1.0,10,4,2,0,0
70.5319,-1.0,10,8,2,0,0
70.5319,-1.0,900,10,3,0,0
70.6383,-1.0,10,5,2,0,0
70.7447,-1.0,10,3,2,0,0
70.8511,-1.0,10,7,2,0,0
70.9574,-1.0,10,5,2,0,0
71.0638,-1.0,10,3,2,0,0
71.1702,-1.0,10,7,2,0,0
71.2766,-1.0,10,4,2,0,0
71.3830,-1.0,10,2,2,0,0
71.4894,-1.0,20,1,4,0,0
71.4894,-1.0,83,5,4,0,0
71.4894,71.7021,110,5,4,0,0
71.4894,-1.0,83,9,4,0,0
71.4894,71.7021,110,9,4,0,0
71.7021,-1.0,50,1,4,0,0
72.1277,-1.0,83,1,4,0,0
72.1277,72.3404,110,1,4,0,0
72.1277,-1.0,83,5,4,0,0
72.1277,72.3404,110,5,4,0,0
72.1277,-1.0,20,9,4,0,0
72.3404,-1.0,50,9,4,0,0
72.5532,-1.0,10,3,2,0,0
72.6596,-1.0,10,6,2,0,0
72.7660,-1.0,20,1,3,0,0
72.7660,-1.0,10,9,3,0,0
72.8723,-1.0,10,7,2,0,0
72.9787,-1.0,10,10,2,0,0
73.0851,-1.0,10,7,3,0,0
73.1915,-1.0,10,5,2,0,0
73.2979,-1.0,10,8,2,0,0
73.4043,-1.0,10,5,3,0,0
73.4043,-1.0,20,10,3,0,0
73.5106,-1.0,10,3,2,0,0
73.6170,-1.0,10,6,2,0,0
73.7234,-1.0,10,3,3,0,0
73.8298,-1.0,10,1,2,0,0
73.9362,-1.0,10,4,2,0,0
74.0426,-1.0,20,1,4,0,0
74.0426,-1.0,83,5,4,0,0
74.0426,74.2553,110,5,4,0,0
74.0426,-1.0,83,9,4,0,0
74.0426,74.2553,110,9,4,0,0
74.2553,-1.0,50,1,4,0,0
74.6809,-1.0,83,1,4,0,0
74.6809,74.8936,110,1,4,0,0
74.6809,-1.0,83,5,4,0,0
74.6809,74.8936,110,5,4,0,0
74.6809,-1.0,20,9,4,0,0
74.8936,-1.0,50,9,4,0,0
75.3191,-1.0,10,1,3,0,0
75.3191,-1.0,20,7,6,0,0
75.4255,-1.0,10,7,3,0,0
75.5319,-1.0,10,4,3,0,0
75.6383,-1.0,10,10,3,0,0
75.9574,-1.0,20,1,6,0,0
75.9574,-1.0,10,10,3,0,0
76.2766,-1.0,10,7,3,0,0
76.5957,-1.0,20,1,3,0,0
76.5957,-1.0,20,4,3,0,0
76.5957,-1.0,81,7,3,0,0
76.5957,76.9149,101,7,3,0,0
76.5957,-1.0,81,10,3,0,0
76.5957,76.9149,101,10,3,0,0
77.1277,-1.0,10,1,3,0,0
77.2340,-1.0,20,1,3,0,0
77.2340,-1.0,20,4,3,0,0
77.2340,-1.0,81,7,3,0,0
77.2340,77.5532,101,7,3,0,0
77.2340,-1.0,81,10,3,0,0
77.2340,77.5532,101,10,3,0,0
77.5532,-1.0,10,1,3,0,0
77.7660,-1.0,10,4,3,0,0
77.8723,-1.0,20,1,3,0,0
77.8723,-1.0,20,4,3,0,0
77.8723,-1.0,81,7,3,0,0
77.8723,78.1915,101,7,3,0,0
77.8723,-1.0,81,10,3,0,0
77.8723,78.1915,101,10,3,0,0
78.0851,-1.0,10,4,3,0,0
78.1915,-1.0,10,1,3,0,0
78.5106,-1.0,20,1,3,0,0
78.5106,-1.0,20,4,3,0,0
78.5106,-1.0,81,7,3,0,0
78.5106,78.8298,101,7,3,0,0
78.5106,-1.0,81,10,3,0,0
78.5106,78.8298,101,10,3,0,0
78.8298,-1.0,10,1,3,0,0
79.1489,-1.0,81,1,3,0,0
79.1489,79.6277,101,1,3,0,0
79.1489,-1.0,20,4,3,0,0
79.1489,-1.0,81,7,3,0,0
79.1489,80.1064,101,7,3,0,0
79.1489,-1.0,20,10,3,0,0
79.4681,-1.0,900,1,3,0,0
79.4681,-1.0,900,7,3,0,0
79.6277,-1.0,81,4,3,0,0
79.6277,80.1064,101,4,3,0,0
79.7872,-1.0,20,1,3,0,0
79.7872,-1.0,900,7,3,0,0
79.7872,-1.0,20,10,3,0,0
79.9468,-1.0,900,4,3,0,0
80.1064,-1.0,10,2,2,0,0
80.1064,-1.0,81,10,3,0,0
80.1064,81.0638,101,10,3,0,0
80.2128,-1.0,10,4,2,0,0
80.3192,-1.0,10,6,2,0,0
80.4255,-1.0,10,8,2,0,0
80.4255,-1.0,900,10,3,0,0
80.5319,-1.0,10,6,2,0,0
80.6383,-1.0,10,4,2,0,0
80.7447,-1.0,10,8,2,0,0
80.7447,-1.0,900,10,3,0,0
80.8511,-1.0,10,5,2,0,0
80.9574,-1.0,10,3,2,0,0
81.0638,-1.0,10,7,2,0,0
81.1702,-1.0,10,5,2,0,0
81.2766,-1.0,10,3,2,0,0
81.3830,-1.0,10,7,2,0,0
81.4894,-1.0,10,4,2,0,0
81.5957,-1.0,10,2,2,0,0
81.7021,-1.0,10,1,3,0,0
81.7021,-1.0,10,4,2,0,0
81.8085,-1.0,10,7,2,0,0
81.9149,-1.0,10,10,2,0,0
82.0213,-1.0,10,3,3,0,0
82.1277,-1.0,10,8,2,0,0
82.2340,-1.0,10,11,2,0,0
82.3404,-1.0,10,4,3,0,0
82.4468,-1.0,10,10,2,0,0
82.5532,-1.0,10,7,2,0,0
82.6596,-1.0,10,2,3,0,0
82.7660,-1.0,10,9,2,0,0
82.8723,-1.0,10,6,2,0,0
82.9787,-1.0,10,1,3,0,0
82.9787,-1.0,10,4,2,0,0
82.9787,-1.0,20,10,3,0,0
83.0851,-1.0,10,7,2,0,0
83.1915,-1.0,10,10,2,0,0
83.2979,-1.0,10,2,3,0,0
83.4043,-1.0,10,8,2,0,0
83.5106,-1.0,10,11,2,0,0
83.6170,-1.0,10,3,3,0,0
83.7234,-1.0,10,10,2,0,0
83.8298,-1.0,10,7,2,0,0
83.9362,-1.0,10,2,3,0,0
84.0426,-1.0,10,9,2,0,0
84.1489,-1.0,10,6,2,0,0
84.2553,-1.0,10,8,2,0,0
84.2553,-1.0,10,10,3,0,0
84.3617,-1.0,10,2,2,0,0
84.4681,-1.0,10,5,2,0,0
84.5745,-1.0,10,9,3,0,0
84.6808,-1.0,10,3,2,0,0
84.7872,-1.0,10,6,2,0,0
84.8936,-1.0,10,10,3,0,0
85.0,-1.0,10,5,2,0,0
85.1064,-1.0,10,2,2,0,0
85.2128,-1.0,10,8,3,0,0
85.3191,-1.0,10,4,2,0,0
85.4255,-1.0,10,1,2,0,0
85.5319,-1.0,10,5,2,0,0
85.5319,-1.0,10,8,2,0,0
85.5319,-1.0,20,10,3,0,0
85.6383,-1.0,10,2,2,0,0
85.7447,-1.0,10,5,2,0,0
85.8511,-1.0,10,8,3,0,0
85.9574,-1.0,10,3,2,0,0
86.0638,-1.0,10,6,2,0,0
86.1702,-1.0,10,9,3,0,0
86.2766,-1.0,10,5,2,0,0
86.3830,-1.0,10,2,2,0,0
86.4894,-1.0,10,8,3,0,0
86.5957,-1.0,10,4,2,0,0
86.7021,-1.0,10,6,2,0,0
86.8085,-1.0,10,1,3,0,0
86.8085,-1.0,10,4,2,0,0
86.9149,-1.0,10,7,2,0,0
87.0213,-1.0,10,10,2,0,0
87.1277,-1.0,10,3,3,0,0
87.2340,-1.0,10,8,2,0,0
87.3404,-1.0,10,11,2,0,0
87.4468,-1.0,10,4,3,0,0
87.5532,-1.0,10,10,2,0,0
87.6596,-1.0,10,7,2,0,0
87.7660,-1.0,10,2,3,0,0
87.8723,-1.0,10,9,2,0,0
87.9787,-1.0,10,6,2,0,0
88.0851,-1.0,10,1,3,0,0
88.0851,-1.0,10,4,2,0,0
88.0851,-1.0,20,10,3,0,0
88.1915,-1.0,10,7,2,0,0
88.2979,-1.0,10,10,2,0,0
88.4043,-1.0,10,2,3,0,0
88.5106,-1.0,10,8,2,0,0
88.6170,-1.0,10,11,2,0,0
88.7234,-1.0,10,3,3,0,0
88.8298,-1.0,10,10,2,0,0
88.9362,-1.0,10,7,2,0,0
89.0426,-1.0,10,2,3,0,0
89.1489,-1.0,10,9,2,0,0
89.2553,-1.0,10,6,2,0,0
89.3617,-1.0,10,8,2,0,0
89.3617,-1.0,10,10,3,0,0
89.4681,-1.0,10,2,2,0,0
89.5745,-1.0,10,5,2,0,0
89.6809,-1.0,10,9,3,0,0
89.7872,-1.0,10,3,2,0,0
89.8936,-1.0,10,6,2,0,0
90.0,-1.0,10,10,3,0,0
90.1064,-1.0,10,5,2,0,0
90.2128,-1.0,10,2,2,0,0
90.3191,-1.0,10,8,3,0,0
90.4255,-1.0,10,4,2,0,0
90.5319,-1.0,10,1,2,0,0
90.6383,-1.0,20,7,3,0,0
90.6383,-1.0,10,11,2,0,0
90.7447,-1.0,10,2,2,0,0
90.8511,-1.0,10,5,2,0,0
90.9574,-1.0,20,5,5,0,0
90.9574,-1.0,10,11,2,0,0
91.0638,-1.0,10,3,2,0,0
91.1702,-1.0,10,6,2,0,0
91.2766,-1.0,20,3,7,0,0
91.2766,-1.0,10,11,2,0,0
91.3830,-1.0,10,4,2,0,0
91.4894,-1.0,10,7,2,0,0
91.5957,-1.0,20,1,9,0,0
91.5957,-1.0,10,11,2,0,0
91.7021,-1.0,10,5,2,0,0
91.8085,-1.0,10,8,2,0,0
91.9149,-1.0,10,1,3,0,0
91.9149,-1.0,20,5,2,0,0
91.9149,-1.0,10,10,2,0,0
92.0213,-1.0,10,7,2,0,0
92.1277,-1.0,10,10,2,0,0
92.2340,-1.0,10,2,3,0,0
92.3404,-1.0,10,8,2,0,0
92.4468,-1.0,10,11,2,0,0
92.5532,-1.0,10,3,3,0,0
92.5532,-1.0,20,7,2,0,0
92.6596,-1.0,10,10,2,0,0
92.7660,-1.0,10,7,2,0,0
92.8723,-1.0,10,2,3,0,0
92.9787,-1.0,10,9,2,0,0
93.0851,-1.0,10,6,2,0,0
93.1915,-1.0,10,1,3,0,0
93.1915,-1.0,10,4,2,0,0
93.1915,-1.0,20,10,3,0,0
93.2979,-1.0,10,7,2,0,0
93.4043,-1.0,10,10,2,0,0
93.5106,-1.0,10,2,3,0,0
93.6170,-1.0,10,8,2,0,0
93.7234,-1.0,10,11,2,0,0
93.8298,-1.0,10,3,3,0,0
93.8298,-1.0,20,7,2,0,0
93.9362,-1.0,10,10,2,0,0
94.0426,-1.0,10,7,2,0,0
94.1489,-1.0,10,2,3,0,0
94.2553,-1.0,10,9,2,0,0
94.3617,-1.0,10,6,2,0,0
94.4681,-1.0,10,4,2,0,0
94.4681,-1.0,20,8,2,0,0
94.4681,-1.0,10,10,3,0,0
94.5745,-1.0,10,1,2,0,0
94.6809,-1.0,10,4,2,0,0
94.7872,-1.0,10,9,3,0,0
94.8936,-1.0,10,2,2,0,0
95.0,-1.0,10,5,2,0,0
95.1064,-1.0,20,7,2,0,0
95.1064,-1.0,10,10,3,0,0
95.2128,-1.0,10,4,2,0,0
95.3192,-1.0,10,2,2,0,0
95.4255,-1.0,10,9,3,0,0
95.5319,-1.0,10,3,2,0,0
95.6383,-1.0,10,1,2,0,0
95.7447,-1.0,10,4,2,0,0
95.7447,-1.0,10,7,2,0,0
95.7447,-1.0,20,10,3,0,0
95.8511,-1.0,10,1,2,0,0
95.9574,-1.0,10,4,2,0,0
96.0638,-1.0,10,9,3,0,0
96.1702,-1.0,10,2,2,0,0
96.2766,-1.0,10,5,2,0,0
96.3830,-1.0,20,7,2,0,0
96.3830,-1.0,10,10,3,0,0
96.4894,-1.0,10,4,2,0,0
96.5957,-1.0,10,2,2,0,0
96.7021,-1.0,10,8,3,0,0
96.8085,-1.0,10,3,2,0,0
96.9149,-1.0,10,8,2,0,0
97.0213,-1.0,10,1,3,0,0
97.0213,-1.0,20,5,2,0,0
97.0213,-1.0,10,9,2,0,0
97.1277,-1.0,10,7,2,0,0
97.2340,-1.0,10,10,2,0,0
97.3404,-1.0,10,2,3,0,0
97.4468,-1.0,10,8,2,0,0
97.5532,-1.0,10,11,2,0,0
97.6596,-1.0,10,3,3,0,0
97.6596,-1.0,20,7,2,0,0
97.7660,-1.0,10,10,2,0,0
97.8723,-1.0,10,7,2,0,0
97.9787,-1.0,10,2,3,0,0
98.0851,-1.0,10,9,2,0,0
98.1915,-1.0,10,6,2,0,0
98.2979,-1.0,10,1,3,0,0
98.2979,-1.0,10,4,2,0,0
98.2979,-1.0,20,10,3,0,0
98.4043,-1.0,10,7,2,0,0
98.5106,-1.0,10,10,2,0,0
98.6170,-1.0,10,2,3,0,0
98.7234,-1.0,10,8,2,0,0
98.8298,-1.0,10,11,2,0,0
98.9362,-1.0,10,3,3,0,0
98.9362,-1.0,20,7,2,0,0
99.0426,-1.0,10,10,2,0,0
99.1489,-1.0,10,7,2,0,0
99.2553,-1.0,10,2,3,0,0
99.3617,-1.0,10,3,2,0,0
99.3617,-1.0,10,9,2,0,0
99.4681,-1.0,10,3,2,0,0
99.4681,-1.0,10,6,2,0,0
99.5745,-1.0,20,1,2,0,0
99.5745,-1.0,10,8,3,0,0
99.8936,-1.0,20,1,3,0,0
100.2128,-1.0,20,1,4,0,0
100.2128,-1.0,10,9,4,0,0
100.5319,-1.0,20,1,5,0,0
100.8511,-1.0,20,1,6,0,0
100.8511,-1.0,10,7,5,0,0
101.1702,-1.0,20,1,7,0,0
101.4894,-1.0,20,1,8,0,0
101.4894,-1.0,10,9,4,0,0
101.8085,-1.0,20,1,9,0,0