0.0,-1.0,10,1,2,0,0
40.0,40.0,0,0,0,11,10410
0.0,-1.0,10,7,2,0,0
75.0,77.6250,0,0,0,14,10410
0.1875,-1.0,10,4,2,0,0
79.0,79.0,0,0,0,11,10300
0.3750,-1.0,10,7,2,0,0
94.0,94.0,0,0,0,11,3030
0.5625,-1.0,10,10,2,0,0
106.0,106.0,0,0,0,11,3050
0.7031,-1.0,10,1,2,0,0
116.5000,116.5000,0,0,0,11,10810
0.7500,-1.0,10,3,2,0,0
117.0,127.6875,0,0,0,14,10810
0.7500,-1.0,10,10,2,0,0
129.0469,151.5000,0,0,0,11,10410
0.9375,-1.0,10,7,2,0,0
189.0,195.0,0,0,0,14,10810
1.1250,-1.0,10,4,2,0,0
201.0,203.6250,0,0,0,14,10410
1.3125,-1.0,10,1,2,0,0
205.0,205.0,0,0,0,11,10300
1.3125,-1.0,10,7,2,0,0
208.0,208.0,0,0,0,11,10410
1.6875,-1.0,10,4,2,0,0
214.0,214.0,0,0,0,11,10810
1.8750,-1.0,10,7,2,0,0
219.0,224.6250,0,0,0,14,10410
2.0625,-1.0,10,10,2,0,0
243.2500,243.2500,0,0,0,11,10810
2.2500,-1.0,10,7,2,0,0
2.3438,-1.0,10,9,2,0,0
2.4375,-1.0,10,7,2,0,0
2.5313,-1.0,10,5,2,0,0
2.6250,-1.0,10,3,2,0,0
2.8125,-1.0,10,5,2,0,0
2.8125,-1.0,10,11,2,0,0
3.0,-1.0,10,1,2,0,0
3.0,-1.0,10,7,2,0,0
3.1875,-1.0,10,4,2,0,0
3.3750,-1.0,10,7,2,0,0
3.5625,-1.0,10,10,2,0,0
3.7500,-1.0,10,5,2,0,0
3.7500,-1.0,10,11,2,0,0
3.9375,-1.0,10,8,2,0,0
4.1250,-1.0,10,5,2,0,0
4.3125,-1.0,10,2,2,0,0
4.3125,-1.0,10,8,2,0,0
4.6875,-1.0,10,7,2,0,0
4.8750,-1.0,10,1,2,0,0
4.8750,-1.0,10,8,2,0,0
5.0625,-1.0,10,5,2,0,0
5.2500,-1.0,10,4,2,0,0
5.2500,-1.0,10,11,2,0,0
5.4375,-1.0,50,6,4,0,0
5.5313,-1.0,50,4,4,0,0
5.6250,-1.0,50,6,4,0,0
6.0,-1.0,10,2,2,0,0
6.0,-1.0,10,8,2,0,0
6.1875,-1.0,10,6,2,0,0
6.3750,-1.0,10,3,2,0,0
6.5625,-1.0,10,5,2,0,0
6.7031,-1.0,10,9,2,0,0
6.7500,-1.0,10,2,2,0,0
6.7500,-1.0,10,11,2,0,0
6.9375,-1.0,10,4,2,0,0
7.1250,-1.0,10,8,2,0,0
7.3125,-1.0,10,5,2,0,0
7.3125,-1.0,10,11,2,0,0
7.6875,-1.0,10,4,2,0,0
7.8750,-1.0,10,7,2,0,0
8.0625,-1.0,10,10,2,0,0
8.2500,-1.0,10,6,2,0,0
8.3438,-1.0,10,8,2,0,0
8.4375,-1.0,10,6,2,0,0
8.5313,-1.0,10,4,2,0,0
8.6250,-1.0,10,2,2,0,0
8.8125,-1.0,10,5,2,0,0
8.8125,-1.0,10,11,2,0,0
9.0,-1.0,10,1,2,0,0
9.0,-1.0,10,7,2,0,0
9.1875,-1.0,10,4,2,0,0
9.3750,-1.0,10,7,2,0,0
9.5625,-1.0,10,10,2,0,0
9.7031,-1.0,10,3,2,0,0
9.7500,-1.0,10,5,2,0,0
9.7500,-1.0,10,11,2,0,0
9.9375,-1.0,10,8,2,0,0
10.1250,-1.0,10,5,2,0,0
10.3125,-1.0,80,2,2,0,0
10.3125,10.8750,100,2,2,0,0
10.3125,-1.0,10,9,2,0,0
10.5000,-1.0,900,2,2,0,0
10.6875,-1.0,900,2,2,0,0
10.6875,-1.0,10,5,2,0,0
10.8750,-1.0,10,8,2,0,0
11.0625,-1.0,10,11,2,0,0
11.2500,-1.0,10,3,2,0,0
11.2500,-1.0,10,8,2,0,0
11.3438,-1.0,10,11,2,0,0
11.4375,-1.0,10,8,2,0,0
11.5313,-1.0,10,5,2,0,0
11.6250,-1.0,10,2,2,0,0
11.6250,-1.0,10,7,2,0,0
12.0,-1.0,10,1,3,0,0
12.0,-1.0,10,5,2,0,0
12.1875,-1.0,10,6,3,0,0
12.3750,-1.0,10,1,3,0,0
12.3750,-1.0,10,5,2,0,0
12.3750,-1.0,10,8,3,0,0
12.5625,-1.0,80,10,3,0,0
12.5625,12.9375,100,10,3,0,0
12.7500,-1.0,10,1,3,0,0
12.7500,-1.0,10,5,2,0,0
12.7500,-1.0,900,10,3,0,0
12.9375,-1.0,10,5,3,0,0
13.1250,-1.0,10,3,3,0,0
13.1250,-1.0,10,7,2,0,0
13.1250,-1.0,10,10,3,0,0
13.3125,-1.0,80,1,3,0,0
13.3125,13.6875,100,1,3,0,0
13.5000,-1.0,900,1,3,0,0
13.5000,-1.0,10,7,3,0,0
13.5000,-1.0,10,11,2,0,0
13.8750,-1.0,10,1,2,0,0
13.8750,-1.0,10,4,3,0,0
13.8750,-1.0,10,10,3,0,0
14.0625,-1.0,80,8,3,0,0
14.0625,14.4375,100,8,3,0,0
14.2500,-1.0,10,1,3,0,0
14.2500,-1.0,900,8,3,0,0
14.3438,-1.0,10,5,2,0,0
14.4375,-1.0,10,2,3,0,0
14.5313,-1.0,10,4,2,0,0
14.6250,-1.0,10,1,3,0,0
14.6250,-1.0,10,7,3,0,0
14.6250,-1.0,10,11,2,0,0
14.8125,-1.0,80,1,3,0,0
14.8125,15.1875,100,1,3,0,0
14.8125,-1.0,10,6,2,0,0
15.0,-1.0,900,1,3,0,0
15.0,-1.0,10,7,3,0,0
15.0,-1.0,10,11,2,0,0
15.3750,-1.0,10,1,2,0,0
15.3750,-1.0,10,4,3,0,0
15.3750,-1.0,10,10,3,0,0
15.5625,-1.0,10,8,3,0,0
15.7500,-1.0,10,1,2,0,0
15.7500,-1.0,10,4,3,0,0
15.9375,-1.0,10,1,3,0,0
16.1250,-1.0,10,3,3,0,0
16.1250,-1.0,10,7,2,0,0
16.1250,-1.0,10,10,3,0,0
16.3125,-1.0,80,1,3,0,0
16.3125,16.8750,100,1,3,0,0
16.5000,-1.0,900,1,3,0,0
16.5000,-1.0,10,7,3,0,0
16.5000,-1.0,10,11,2,0,0
16.6875,-1.0,900,1,3,0,0
16.6875,-1.0,10,4,3,0,0
16.8750,-1.0,10,7,3,0,0
17.0625,-1.0,10,10,3,0,0
17.2500,-1.0,10,1,3,0,0
17.2500,-1.0,10,8,2,0,0
17.3438,-1.0,10,4,3,0,0
17.3438,-1.0,10,11,2,0,0
17.4375,-1.0,10,8,2,0,0
17.5313,-1.0,10,5,2,0,0
17.6250,-1.0,10,2,2,0,0
17.8125,-1.0,10,5,4,0,0
18.0,-1.0,10,1,3,0,0
18.0,-1.0,10,5,2,0,0
18.1875,-1.0,10,10,3,0,0
18.3750,-1.0,10,1,3,0,0
18.3750,-1.0,10,5,2,0,0
18.3750,-1.0,10,8,3,0,0
18.5625,-1.0,10,6,3,0,0
18.7500,-1.0,10,1,3,0,0
18.7500,-1.0,10,7,2,0,0
18.7500,-1.0,10,10,3,0,0
18.9375,-1.0,10,3,3,0,0
19.1250,-1.0,10,1,3,0,0
19.1250,-1.0,10,7,2,0,0
19.1250,-1.0,10,10,3,0,0
19.3125,-1.0,80,3,3,0,0
19.3125,19.6875,100,3,3,0,0
19.5000,-1.0,900,3,3,0,0
19.5000,-1.0,10,7,3,0,0
19.5000,-1.0,10,11,2,0,0
19.8750,-1.0,10,1,2,0,0
19.8750,-1.0,10,4,3,0,0
19.8750,-1.0,10,10,3,0,0
20.0625,-1.0,10,8,3,0,0
20.2500,-1.0,10,1,2,0,0
20.2500,-1.0,10,4,3,0,0
20.3438,-1.0,10,10,2,0,0
20.4375,-1.0,10,7,2,0,0
20.5313,-1.0,10,4,2,0,0
20.6250,-1.0,10,1,2,0,0
20.6250,-1.0,10,7,3,0,0
20.6250,-1.0,10,11,2,0,0
20.8125,-1.0,80,3,3,0,0
20.8125,21.1875,100,3,3,0,0
21.0,-1.0,900,3,3,0,0
21.0,-1.0,10,7,3,0,0
21.0,-1.0,10,11,2,0,0
21.3750,-1.0,10,1,3,0,0
21.3750,-1.0,10,7,3,0,0
21.3750,-1.0,10,11,2,0,0
21.5625,-1.0,10,3,3,0,0
21.7500,-1.0,10,1,2,0,0
21.7500,-1.0,10,4,3,0,0
21.9375,-1.0,10,10,3,0,0
22.1250,-1.0,10,1,2,0,0
22.1250,-1.0,10,4,3,0,0
22.1250,-1.0,10,8,3,0,0
22.3125,-1.0,80,10,3,0,0
22.3125,22.8750,100,10,3,0,0
22.5000,-1.0,10,1,2,0,0
22.5000,-1.0,10,4,3,0,0
22.5000,-1.0,900,10,3,0,0
22.6875,-1.0,10,7,3,0,0
22.6875,-1.0,900,10,3,0,0
22.8750,-1.0,10,4,3,0,0
23.0625,-1.0,10,1,3,0,0
23.2500,-1.0,10,1,2,0,0
23.2500,-1.0,10,7,3,0,0
23.3438,-1.0,10,4,2,0,0
23.3438,-1.0,10,10,3,0,0
23.4375,-1.0,10,7,3,0,0
23.5313,-1.0,10,4,3,0,0
23.6250,-1.0,10,1,3,0,0
23.8125,-1.0,10,5,4,0,0
24.0,-1.0,10,1,3,0,0
24.0,-1.0,50,10,3,0,0
24.1875,-1.0,80,5,2,0,0
24.1875,24.3750,100,5,2,0,0
24.3750,-1.0,10,2,3,0,0
24.3750,-1.0,50,10,3,0,0
24.5625,-1.0,80,4,2,0,0
24.5625,24.7500,100,4,2,0,0
24.7500,-1.0,10,1,3,0,0
24.7500,-1.0,50,10,3,0,0
24.9375,-1.0,80,5,2,0,0
24.9375,25.1250,100,5,2,0,0
25.1250,-1.0,10,2,3,0,0
25.1250,-1.0,50,10,3,0,0
25.3125,-1.0,82,1,3,0,0
25.3125,25.5000,110,1,3,0,0
25.3125,-1.0,80,7,3,0,0
25.3125,25.6875,100,7,3,0,0
25.4063,-1.0,40,1,3,0,0
25.5000,-1.0,900,7,3,0,0
25.8750,-1.0,50,1,3,0,0
25.8750,-1.0,80,11,2,0,0
25.8750,26.0625,100,11,2,0,0
26.0625,-1.0,10,4,3,0,0
26.2500,-1.0,50,1,3,0,0
26.2500,-1.0,10,7,2,0,0
26.3438,-1.0,10,11,2,0,0
26.4375,-1.0,10,8,2,0,0
26.5313,-1.0,10,5,2,0,0
26.6250,-1.0,50,1,3,0,0
26.6250,-1.0,10,7,3,0,0
26.8125,-1.0,80,4,3,0,0
26.8125,27.1875,100,4,3,0,0
27.0,-1.0,900,4,3,0,0
27.0,-1.0,50,10,3,0,0
27.3750,-1.0,80,1,2,0,0
27.3750,27.5625,100,1,2,0,0
27.3750,-1.0,50,10,3,0,0
27.5625,-1.0,10,7,3,0,0
27.7500,-1.0,50,1,3,0,0
27.9375,-1.0,80,7,2,0,0
27.9375,28.1250,100,7,2,0,0
28.1250,-1.0,50,1,3,0,0
28.1250,-1.0,10,9,3,0,0
28.3125,-1.0,80,4,3,0,0
28.3125,28.8750,100,4,3,0,0
28.3125,-1.0,82,10,3,0,0
28.3125,28.5000,110,10,3,0,0
28.4063,-1.0,40,10,3,0,0
28.5000,-1.0,900,4,3,0,0
28.6875,-1.0,900,4,3,0,0
28.6875,-1.0,10,7,3,0,0
28.8750,-1.0,10,1,3,0,0
28.8750,-1.0,50,10,3,0,0
29.0625,-1.0,10,4,3,0,0
29.2500,-1.0,10,1,3,0,0
29.2500,-1.0,82,8,2,0,0
29.2500,29.3438,110,8,2,JumpScratch,5
29.3438,-1.0,10,4,3,0,0
29.3438,29.4375,110,11,2,JumpScratch,-4
29.4375,-1.0,10,2,2,0,0
29.4375,29.5313,110,9,2,JumpScratch,-4
29.5313,-1.0,10,3,3,0,0
29.5313,29.6250,110,7,2,JumpScratch,-4
29.6250,-1.0,10,1,2,0,0
29.8125,-1.0,10,5,4,0,0
30.0,-1.0,10,1,3,0,0
30.0,-1.0,50,10,3,0,0
30.1875,-1.0,10,5,3,0,0
30.3750,-1.0,80,1,2,0,0
30.3750,30.7500,100,1,2,0,0
30.3750,-1.0,10,4,3,0,0
30.3750,-1.0,50,10,3,0,0
30.5625,-1.0,900,1,2,0,0
30.7500,-1.0,10,4,3,0,0
30.7500,-1.0,50,10,3,0,0
30.9375,-1.0,80,4,2,0,0
30.9375,31.1250,100,4,2,0,0
30.9375,-1.0,10,7,3,0,0
31.1250,-1.0,50,10,3,0,0
31.3125,-1.0,82,1,3,0,0
31.3125,31.5000,110,1,3,0,0
31.3125,-1.0,80,8,2,0,0
31.3125,31.5000,100,8,2,0,0
31.4063,-1.0,40,1,3,0,0
31.6875,-1.0,80,7,2,0,0
31.6875,31.8750,100,7,2,0,0
31.8750,-1.0,50,1,3,0,0
31.8750,-1.0,20,10,2,0,0
32.0625,-1.0,10,8,2,0,0
32.0625,-1.0,20,11,2,0,0
32.2500,-1.0,50,1,3,0,0
32.4375,-1.0,20,7,3,0,0
32.4375,-1.0,20,11,2,0,0
32.6250,-1.0,50,1,3,0,0
32.6250,-1.0,20,6,3,0,0
32.6250,-1.0,20,10,2,0,0
32.8125,-1.0,20,5,3,0,0
32.8125,-1.0,20,9,2,0,0
33.0,-1.0,50,10,3,0,0
33.1875,-1.0,10,4,3,0,0
33.3750,-1.0,80,1,2,0,0
33.3750,33.5625,100,1,2,0,0
33.3750,-1.0,50,10,3,0,0
33.5625,-1.0,10,4,3,0,0
33.5625,-1.0,80,8,3,0,0
33.5625,33.9375,100,8,3,0,0
33.7500,-1.0,50,1,3,0,0
33.7500,-1.0,900,8,3,0,0
33.9375,-1.0,10,4,3,0,0
34.1250,-1.0,50,1,3,0,0
34.1250,-1.0,10,7,2,0,0
34.1250,-1.0,10,10,3,0,0
34.3125,-1.0,50,1,4,0,0
34.3125,-1.0,50,5,4,0,0
34.3125,-1.0,50,9,4,0,0
34.6875,-1.0,10,1,3,0,0
34.6875,-1.0,10,5,4,0,0
34.6875,-1.0,10,10,3,0,0
34.8750,-1.0,10,1,3,0,0
34.8750,-1.0,10,5,4,0,0
34.8750,-1.0,10,10,3,0,0
35.0625,-1.0,10,1,3,0,0
35.0625,-1.0,10,5,4,0,0
35.0625,-1.0,10,10,3,0,0
35.2500,-1.0,20,10,2,0,0
35.3125,-1.0,20,7,2,0,0
35.3750,-1.0,20,4,2,0,0
35.4375,-1.0,20,8,2,0,0
35.5000,-1.0,20,5,2,0,0
35.5625,-1.0,20,2,2,0,0
35.6250,-1.0,50,5,4,0,0
36.0,-1.0,50,1,4,0,0
36.0,-1.0,82,7,3,0,0
36.0,36.6094,110,7,3,JumpScratch,-4
36.1875,-1.0,900,7,3,0,0
36.3750,-1.0,10,4,3,0,0
36.3750,-1.0,900,7,3,0,0
36.3750,-1.0,10,10,3,0,0
36.5625,-1.0,10,4,3,0,0
36.5625,-1.0,10,10,3,0,0
36.6094,36.6563,110,6,3,JumpScratch,-5
36.6563,37.1250,110,4,3,0,0
36.8438,-1.0,900,4,3,0,0
36.9375,-1.0,10,1,3,0,0
36.9375,-1.0,10,7,3,0,0
37.0313,-1.0,900,4,3,0,0
37.1250,-1.0,50,1,3,0,0
37.1250,-1.0,50,7,3,0,0
37.5000,-1.0,82,4,3,0,0
37.5000,38.1094,110,4,3,JumpScratch,4
37.5000,-1.0,50,9,4,0,0
37.6875,-1.0,900,4,3,0,0
37.8750,-1.0,10,1,3,0,0
37.8750,-1.0,900,4,3,0,0
37.8750,-1.0,10,7,3,0,0
38.0625,-1.0,10,1,3,0,0
38.0625,-1.0,10,7,3,0,0
38.1094,38.1563,110,5,3,JumpScratch,5
38.1563,38.6250,110,7,3,0,0
38.3438,-1.0,900,7,3,0,0
38.4375,-1.0,10,4,3,0,0
38.4375,-1.0,10,10,3,0,0
38.5313,-1.0,900,7,3,0,0
38.6250,-1.0,50,4,3,0,0
38.6250,-1.0,50,10,3,0,0
39.0,-1.0,50,1,4,0,0
39.0,-1.0,82,7,3,0,0
39.0,39.5625,110,7,3,0,0
39.1875,-1.0,900,7,3,0,0
39.3750,-1.0,10,4,3,0,0
39.3750,-1.0,900,7,3,0,0
39.3750,-1.0,10,10,3,0,0
39.5625,-1.0,50,4,3,0,0
39.5625,-1.0,50,10,3,0,0
39.9375,-1.0,50,2,3,0,0
39.9375,-1.0,20,6,3,0,0
39.9375,-1.0,20,10,3,0,0
40.3125,-1.0,20,1,3,0,0
40.3125,-1.0,20,5,3,0,0
40.3125,-1.0,50,9,3,0,0
40.6875,-1.0,50,2,3,0,0
40.6875,-1.0,81,6,3,0,0
40.6875,41.6250,101,6,3,0,0
40.6875,-1.0,81,10,3,0,0
40.6875,41.6250,101,10,3,0,0
40.8750,-1.0,10,3,6,0,0
40.8750,-1.0,900,10,3,0,0
41.0625,-1.0,50,5,7,0,0
41.2500,-1.0,900,6,3,0,0
41.2500,-1.0,900,10,3,0,0
41.4375,-1.0,82,5,3,0,0
41.4375,41.5313,110,5,3,JumpScratch,-5
41.4375,-1.0,900,10,3,0,0
41.5313,41.6250,110,3,3,JumpScratch,-5
41.8125,-1.0,10,7,3,0,0
42.0,-1.0,50,1,4,0,0
42.0,-1.0,82,7,3,0,0
42.0,42.0469,110,7,3,JumpScratch,-4
42.0469,42.0938,110,6,3,JumpScratch,-5
42.0938,42.6094,110,4,3,JumpScratch,4
42.2813,-1.0,900,4,3,0,0
42.3750,-1.0,10,1,3,0,0
42.3750,-1.0,10,7,3,0,0
42.4688,-1.0,900,4,3,0,0
42.5625,-1.0,10,1,3,0,0
42.5625,-1.0,10,7,3,0,0
42.6094,42.6563,110,5,3,JumpScratch,5
42.6563,43.1250,110,7,3,0,0
42.8438,-1.0,900,7,3,0,0
42.9375,-1.0,10,4,3,0,0
42.9375,-1.0,10,10,3,0,0
43.0313,-1.0,900,7,3,0,0
43.1250,-1.0,50,4,3,0,0
43.1250,-1.0,50,10,3,0,0
43.5000,-1.0,82,4,3,0,0
43.5000,43.5469,110,4,3,JumpScratch,4
43.5000,-1.0,50,9,4,0,0
43.5469,43.5938,110,5,3,JumpScratch,5
43.5938,44.1094,110,7,3,JumpScratch,-4
43.7813,-1.0,900,7,3,0,0
43.8750,-1.0,10,4,3,0,0
43.8750,-1.0,10,10,3,0,0
43.9688,-1.0,900,7,3,0,0
44.0625,-1.0,10,4,3,0,0
44.0625,-1.0,10,10,3,0,0
44.1094,44.1563,110,6,3,JumpScratch,-5
44.1563,44.6250,110,4,3,0,0
44.3438,-1.0,900,4,3,0,0
44.4375,-1.0,10,1,3,0,0
44.4375,-1.0,10,7,3,0,0
44.5313,-1.0,900,4,3,0,0
44.6250,-1.0,50,1,3,0,0
44.6250,-1.0,50,7,3,0,0
45.0,-1.0,50,3,4,0,0
45.0,-1.0,80,10,3,0,0
45.0,46.1250,100,10,3,0,0
45.1875,-1.0,900,10,3,0,0
45.3750,-1.0,10,1,3,0,0
45.3750,-1.0,10,4,3,0,0
45.3750,-1.0,900,10,3,0,0
45.5625,-1.0,10,1,3,0,0
45.5625,-1.0,10,4,3,0,0
45.5625,-1.0,900,10,3,0,0
45.7500,-1.0,10,4,3,0,0
45.7500,-1.0,10,7,3,0,0
45.7500,-1.0,900,10,3,0,0
45.9375,-1.0,10,4,3,0,0
45.9375,-1.0,10,7,3,0,0
45.9375,-1.0,900,10,3,0,0
46.1250,-1.0,10,1,3,0,0
46.1250,-1.0,10,4,3,0,0
46.3125,-1.0,10,10,3,0,0
46.3750,-1.0,10,7,3,0,0
46.4375,-1.0,10,4,3,0,0
46.5000,-1.0,80,1,3,0,0
46.5000,47.6250,100,1,3,0,0
46.5000,-1.0,50,7,4,0,0
46.6875,-1.0,900,1,3,0,0
46.8750,-1.0,900,1,3,0,0
46.8750,-1.0,10,7,3,0,0
46.8750,-1.0,10,10,3,0,0
47.0625,-1.0,900,1,3,0,0
47.0625,-1.0,10,7,3,0,0
47.0625,-1.0,10,10,3,0,0
47.2500,-1.0,900,1,3,0,0
47.2500,-1.0,10,4,3,0,0
47.2500,-1.0,10,7,3,0,0
47.4375,-1.0,900,1,3,0,0
47.4375,-1.0,10,4,3,0,0
47.4375,-1.0,10,7,3,0,0
47.6250,-1.0,50,7,3,0,0
47.6250,-1.0,50,10,3,0,0
48.0,-1.0,50,1,3,0,0
48.0,-1.0,50,5,4,0,0
48.0,-1.0,50,10,3,0,0
48.3750,-1.0,50,7,2,0,0
48.3750,-1.0,50,10,3,0,0
48.5625,-1.0,10,5,4,0,0
48.7500,-1.0,50,1,3,0,0
48.7500,-1.0,50,5,3,0,0
48.9375,-1.0,10,5,4,0,0
49.1250,-1.0,50,5,4,0,0
49.1250,-1.0,50,10,3,0,0
49.3125,-1.0,83,1,3,0,0
49.3125,50.2500,110,1,3,0,0
49.3125,-1.0,83,5,4,0,0
49.3125,50.2500,110,5,4,0,0
49.3125,-1.0,83,10,3,0,0
49.3125,50.2500,110,10,3,0,0
49.5000,-1.0,900,1,3,0,0
49.5000,-1.0,900,5,4,0,0
49.5000,-1.0,900,10,3,0,0
49.6875,-1.0,900,1,3,0,0
49.6875,-1.0,900,5,4,0,0
49.6875,-1.0,900,10,3,0,0
49.8750,-1.0,900,1,3,0,0
49.8750,-1.0,900,5,4,0,0
49.8750,-1.0,900,10,3,0,0
50.0625,-1.0,900,1,3,0,0
50.0625,-1.0,900,5,4,0,0
50.0625,-1.0,900,10,3,0,0
50.4375,-1.0,50,1,3,0,0
50.4375,-1.0,50,4,3,0,0
50.4375,-1.0,50,7,3,0,0
50.4375,-1.0,50,10,3,0,0
51.0,-1.0,50,1,3,0,0
51.0,-1.0,50,4,3,0,0
51.0,-1.0,83,7,3,0,0
51.0,51.0469,110,7,3,JumpScratch,4
51.0469,51.0938,110,8,3,JumpScratch,5
51.0938,51.6094,110,10,3,JumpScratch,-4
51.1875,-1.0,10,3,4,0,0
51.2813,-1.0,900,10,3,0,0
51.3750,-1.0,10,6,4,0,0
51.4688,-1.0,900,10,3,0,0
51.5625,-1.0,50,1,4,0,0
51.5625,-1.0,50,5,4,0,0
51.6094,51.6563,110,9,3,JumpScratch,-5
51.6563,52.3594,110,7,3,JumpScratch,4
51.7500,-1.0,10,1,4,0,0
51.8438,-1.0,900,7,3,0,0
51.9375,-1.0,10,3,4,0,0
52.0313,-1.0,900,7,3,0,0
52.1250,-1.0,10,5,4,0,0
52.2188,-1.0,900,7,3,0,0
52.3125,-1.0,50,1,3,0,0
52.3125,-1.0,50,4,3,0,0
52.3594,52.4063,110,8,3,JumpScratch,5
52.4063,53.0625,110,10,3,0,0
52.5000,-1.0,10,1,4,0,0
52.5938,-1.0,900,10,3,0,0
52.6875,-1.0,10,4,4,0,0
52.7813,-1.0,900,10,3,0,0
52.8750,-1.0,10,7,4,0,0
52.9688,-1.0,900,10,3,0,0
53.0625,-1.0,50,1,4,0,0
53.0625,-1.0,50,5,4,0,0
53.2500,-1.0,10,1,4,0,0
53.4375,-1.0,10,4,3,0,0
53.4375,-1.0,10,10,3,0,0
53.6250,-1.0,10,1,3,0,0
53.6250,-1.0,10,4,3,0,0
53.6250,-1.0,10,7,3,0,0
53.8125,-1.0,50,2,4,0,0
53.8125,-1.0,82,7,3,0,0
53.8125,53.8594,110,7,3,JumpScratch,-4
53.8125,-1.0,10,10,3,0,0
53.8594,53.9063,110,6,3,JumpScratch,-5
53.9063,54.5625,110,4,3,0,0
54.0938,-1.0,900,4,3,0,0
54.1875,-1.0,82,1,3,0,0
54.1875,54.3750,110,1,3,JumpScratch,12
54.1875,-1.0,82,7,3,0,0
54.1875,54.5625,110,7,3,0,0
54.2813,-1.0,900,4,3,0,0
54.3750,54.5625,110,10,3,0,0
54.4688,-1.0,900,4,3,0,0
54.9375,-1.0,50,1,4,0,0
54.9375,-1.0,50,9,4,0,0
55.3125,-1.0,83,1,4,0,0
55.3125,55.7813,110,1,4,0,0
55.3125,-1.0,83,5,4,0,0
55.3125,55.8750,110,5,4,0,0
55.3125,-1.0,83,9,4,0,0
55.3125,55.7813,110,9,4,0,0
55.5000,-1.0,900,1,4,0,0
55.5000,-1.0,900,5,4,0,0
55.5000,-1.0,900,9,4,0,0
55.6875,-1.0,900,1,4,0,0
55.6875,-1.0,31,1,4,0,0
55.6875,-1.0,900,5,4,0,0
55.6875,-1.0,40,5,4,0,0
55.6875,-1.0,900,9,4,0,0
55.6875,-1.0,31,9,4,0,0
55.7813,-1.0,31,5,4,0,0
56.0625,-1.0,10,4,3,0,0
56.1563,-1.0,10,7,3,0,0
56.2500,-1.0,50,3,4,0,0
56.2500,-1.0,80,10,3,0,0
56.2500,56.6250,100,10,3,0,0
56.4375,-1.0,900,10,3,0,0
56.5313,-1.0,10,1,3,0,0
56.6250,-1.0,10,4,3,0,0
56.8125,-1.0,10,5,4,0,0
57.0,-1.0,81,1,3,0,0
57.0,57.1875,101,1,3,0,0
57.0,-1.0,81,4,3,0,0
57.0,57.1875,101,4,3,0,0
57.0,-1.0,50,7,3,0,0
57.0,-1.0,50,10,3,0,0
57.1875,-1.0,81,7,3,0,0
57.1875,57.3750,101,7,3,0,0
57.3750,-1.0,50,3,4,0,0
57.5625,-1.0,10,7,3,0,0
57.6563,-1.0,10,4,3,0,0
57.7500,-1.0,80,1,3,0,0
57.7500,58.1250,100,1,3,0,0
57.7500,-1.0,50,7,4,0,0
57.9375,-1.0,900,1,3,0,0
58.0313,-1.0,10,10,3,0,0
58.1250,-1.0,10,7,3,0,0
58.3125,-1.0,10,5,4,0,0
58.5000,-1.0,50,1,3,0,0
58.5000,-1.0,50,4,3,0,0
58.5000,-1.0,81,7,3,0,0
58.5000,58.6875,101,7,3,0,0
58.5000,-1.0,81,10,3,0,0
58.5000,58.6875,101,10,3,0,0
58.6875,-1.0,81,4,3,0,0
58.6875,58.8750,101,4,3,0,0
58.8750,-1.0,50,7,4,0,0
59.0625,-1.0,10,4,3,0,0
59.1563,-1.0,10,7,3,0,0
59.2500,-1.0,50,1,3,0,0
59.2500,-1.0,50,10,3,0,0
59.5313,-1.0,20,4,4,0,0
59.5313,-1.0,50,9,3,0,0
59.8125,-1.0,20,2,4,0,0
59.8125,-1.0,50,7,3,0,0
60.0,-1.0,50,1,4,0,0
60.0,-1.0,50,5,4,0,0
60.0,-1.0,50,9,4,0,0
60.1875,-1.0,10,7,2,0,0
60.1875,-1.0,10,10,3,0,0
60.3750,-1.0,10,6,2,0,0
60.3750,-1.0,10,9,3,0,0
60.5625,-1.0,20,1,3,0,0
60.5625,-1.0,20,4,3,0,0
60.5625,-1.0,50,7,4,0,0
60.9375,-1.0,50,3,4,0,0
60.9375,-1.0,20,7,3,0,0
60.9375,-1.0,20,10,3,0,0
61.3125,-1.0,50,1,3,0,0
61.3125,-1.0,50,4,3,0,0
61.3125,-1.0,50,7,3,0,0
61.3125,-1.0,50,10,3,0,0
61.6875,-1.0,10,4,3,0,0
61.7813,-1.0,10,7,3,0,0
61.8750,-1.0,10,1,3,0,0
61.8750,-1.0,10,10,3,0,0
61.9688,-1.0,10,7,2,0,0
62.0625,-1.0,10,4,2,0,0
62.1563,-1.0,10,1,2,0,0
62.2500,-1.0,20,7,3,0,0
62.2500,-1.0,20,10,3,0,0
62.3438,-1.0,10,1,2,0,0
62.4375,-1.0,10,4,2,0,0
62.5313,-1.0,10,7,3,0,0
62.6250,-1.0,20,4,3,0,0
62.6250,-1.0,20,10,3,0,0
62.7188,-1.0,10,1,3,0,0
62.8125,-1.0,10,4,3,0,0
62.9063,-1.0,10,7,3,0,0
63.0,-1.0,83,4,3,0,0
63.0,63.0469,110,4,3,JumpScratch,-4
63.0,-1.0,50,10,3,0,0
63.0469,63.0938,110,3,3,JumpScratch,-5
63.0938,63.6094,110,1,3,JumpScratch,4
63.1875,-1.0,10,7,4,0,0
63.2813,-1.0,900,1,3,0,0
63.3750,-1.0,10,4,4,0,0
63.4688,-1.0,900,1,3,0,0
63.5625,-1.0,50,5,4,0,0
63.5625,-1.0,50,9,4,0,0
63.6094,63.6563,110,2,3,JumpScratch,5
63.6563,64.3594,110,4,3,JumpScratch,-4
63.7500,-1.0,10,9,4,0,0
63.8438,-1.0,900,4,3,0,0
63.9375,-1.0,10,7,4,0,0
64.0313,-1.0,900,4,3,0,0
64.1250,-1.0,10,5,4,0,0
64.2188,-1.0,900,4,3,0,0
64.3125,-1.0,50,7,3,0,0
64.3125,-1.0,50,10,3,0,0
64.3594,64.4063,110,3,3,JumpScratch,-5
64.4063,65.0625,110,1,3,0,0
64.5000,-1.0,10,9,4,0,0
64.5938,-1.0,900,1,3,0,0
64.6875,-1.0,10,6,4,0,0
64.7813,-1.0,900,1,3,0,0
64.8750,-1.0,10,3,4,0,0
64.9688,-1.0,900,1,3,0,0
65.0625,-1.0,50,5,4,0,0
65.0625,-1.0,50,9,4,0,0
65.2500,-1.0,10,9,4,0,0
65.4375,-1.0,10,1,3,0,0
65.4375,-1.0,10,7,3,0,0
65.6250,-1.0,10,4,3,0,0
65.6250,-1.0,10,7,3,0,0
65.6250,-1.0,10,10,3,0,0
65.8125,-1.0,10,1,3,0,0
65.8125,-1.0,82,4,3,0,0
65.8125,65.8594,110,4,3,JumpScratch,4
65.8125,-1.0,50,8,4,0,0
65.8594,65.9063,110,5,3,JumpScratch,5
65.9063,66.5625,110,7,3,0,0
66.0938,-1.0,900,7,3,0,0
66.1875,-1.0,82,4,3,0,0
66.1875,66.5625,110,4,3,0,0
66.1875,-1.0,82,10,3,0,0
66.1875,66.3750,110,10,3,JumpScratch,-12
66.2813,-1.0,900,7,3,0,0
66.3750,66.5625,110,1,3,0,0
66.4688,-1.0,900,7,3,0,0
66.9375,-1.0,20,1,3,0,0
66.9375,-1.0,50,5,3,0,0
66.9375,-1.0,50,8,3,0,0
67.3125,-1.0,50,3,3,0,0
67.3125,-1.0,50,6,3,0,0
67.3125,-1.0,81,10,3,0,0
67.3125,67.8750,101,10,3,0,0
67.5000,-1.0,900,10,3,0,0
67.6875,-1.0,82,2,3,0,0
67.6875,67.8750,110,2,3,0,0
67.6875,-1.0,82,5,3,0,0
67.6875,67.8750,110,5,3,0,0
67.6875,-1.0,900,10,3,0,0
68.0625,-1.0,10,7,3,0,0
68.0625,-1.0,10,10,3,0,0
68.1563,-1.0,10,4,3,0,0
68.2500,-1.0,10,7,3,0,0
68.2500,-1.0,10,10,3,0,0
68.4375,-1.0,10,1,3,0,0
68.4375,-1.0,10,4,3,0,0
68.5313,-1.0,10,7,3,0,0
68.6250,-1.0,10,1,3,0,0
68.6250,-1.0,10,4,3,0,0
68.7188,-1.0,10,10,3,0,0
68.8125,-1.0,10,7,3,0,0
68.9063,-1.0,10,4,3,0,0
69.0,-1.0,20,1,3,0,0
69.0,-1.0,50,7,3,0,0
69.0,-1.0,50,10,3,0,0
69.1875,-1.0,10,4,3,0,0
69.2813,-1.0,10,7,3,0,0
69.3750,-1.0,50,1,3,0,0
69.3750,-1.0,50,4,3,0,0
69.3750,-1.0,20,10,3,0,0
69.5625,-1.0,10,7,3,0,0
69.5625,-1.0,10,10,3,0,0
69.6563,-1.0,10,1,3,0,0
69.6563,-1.0,10,4,3,0,0
69.7500,-1.0,80,7,3,0,0
69.7500,70.1250,100,7,3,0,0
69.7500,-1.0,80,10,3,0,0
69.7500,70.1250,100,10,3,0,0
69.9375,-1.0,900,7,3,0,0
69.9375,-1.0,900,10,3,0,0
70.0313,-1.0,82,3,4,0,0
70.0313,70.1250,110,3,4,0,0
70.3125,-1.0,10,5,4,0,0
70.5000,-1.0,50,1,3,0,0
70.5000,-1.0,50,4,3,0,0
70.5000,-1.0,81,7,3,0,0
70.5000,70.6875,101,7,3,0,0
70.5000,-1.0,81,10,3,0,0
70.5000,70.6875,101,10,3,0,0
70.6875,-1.0,81,1,3,0,0
70.6875,70.8750,101,1,3,0,0
70.6875,-1.0,81,4,3,0,0
70.6875,70.8750,101,4,3,0,0
70.8750,-1.0,50,7,3,0,0
70.8750,-1.0,50,10,3,0,0
71.0625,-1.0,10,1,3,0,0
71.0625,-1.0,10,5,2,0,0
71.1563,-1.0,10,7,2,0,0
71.1563,-1.0,10,10,3,0,0
71.2500,-1.0,50,5,3,0,0
71.5313,-1.0,50,3,3,0,0
71.5313,-1.0,20,7,2,0,0
71.5313,-1.0,20,10,3,0,0
71.8125,-1.0,50,1,3,0,0
71.8125,-1.0,20,5,2,0,0
71.8125,-1.0,20,8,3,0,0
72.0,-1.0,50,1,3,0,0
72.0,-1.0,50,4,3,0,0
72.0,-1.0,50,7,3,0,0
72.0,-1.0,50,10,3,0,0
72.1875,-1.0,10,4,3,0,0
72.3750,-1.0,10,6,3,0,0
72.5625,-1.0,50,3,4,0,0
72.5625,-1.0,20,7,3,0,0
72.5625,-1.0,20,10,3,0,0
72.9375,-1.0,20,1,3,0,0
72.9375,-1.0,20,4,3,0,0
72.9375,-1.0,50,7,4,0,0
73.3125,-1.0,50,1,3,0,0
73.3125,-1.0,50,4,3,0,0
73.3125,-1.0,50,7,3,0,0
73.3125,-1.0,50,10,3,0,0
73.6875,-1.0,10,7,3,0,0
73.8750,-1.0,10,1,3,0,0
73.8750,-1.0,10,4,3,0,0
73.8750,-1.0,20,7,3,0,0
74.0625,-1.0,10,4,3,0,0
74.2500,-1.0,20,4,3,0,0
74.2500,-1.0,10,7,3,0,0
74.2500,-1.0,10,10,3,0,0
74.4375,-1.0,10,1,3,0,0
74.4375,-1.0,10,4,3,0,0
74.5313,-1.0,10,7,3,0,0
74.6250,-1.0,10,1,3,0,0
74.6250,-1.0,10,4,3,0,0
74.7188,-1.0,10,10,3,0,0
74.8125,-1.0,10,1,3,0,0
74.8125,-1.0,10,4,3,0,0
74.9063,-1.0,10,7,3,0,0
75.0,-1.0,81,4,3,0,0
75.0,75.1875,101,4,3,0,0
75.1875,-1.0,81,7,3,0,0
75.1875,75.3750,101,7,3,0,0
75.3750,-1.0,81,4,3,0,0
75.3750,75.5625,101,4,3,0,0
75.5625,-1.0,81,1,3,0,0
75.5625,75.9375,101,1,3,0,0
75.7500,-1.0,900,1,3,0,0
75.7500,-1.0,10,10,3,0,0
75.8438,-1.0,10,7,3,0,0
75.9375,-1.0,83,4,3,0,0
75.9375,76.1250,110,4,3,0,0
76.1250,-1.0,50,7,3,0,0
76.1250,-1.0,50,10,3,0,0
76.5000,-1.0,81,7,3,0,0
76.5000,76.6875,101,7,3,0,0
76.6875,-1.0,81,4,3,0,0
76.6875,76.8750,101,4,3,0,0
76.8750,-1.0,81,7,3,0,0
76.8750,77.0625,101,7,3,0,0
77.0625,-1.0,10,1,3,0,0
77.0625,-1.0,81,10,3,0,0
77.0625,77.4375,101,10,3,0,0
77.2500,-1.0,10,4,3,0,0
77.2500,-1.0,900,10,3,0,0
77.4375,-1.0,83,7,3,0,0
77.4375,77.6250,110,7,3,0,0
77.6250,-1.0,50,1,3,0,0
77.6250,-1.0,50,4,3,0,0
78.0,-1.0,20,1,3,0,0
78.0,-1.0,20,4,3,0,0
78.0,-1.0,20,7,3,0,0
78.0,-1.0,20,10,3,0,0
78.1875,-1.0,20,1,3,0,0
78.1875,-1.0,20,4,3,0,0
78.1875,-1.0,20,7,3,0,0
78.1875,-1.0,20,10,3,0,0
78.3750,-1.0,20,1,3,0,0
78.3750,-1.0,20,4,3,0,0
78.3750,-1.0,20,7,3,0,0
78.3750,-1.0,20,10,3,0,0
78.5625,-1.0,50,1,3,0,0
78.5625,-1.0,50,4,3,0,0
78.5625,-1.0,50,7,3,0,0
78.5625,-1.0,50,10,3,0,0
78.9375,-1.0,20,3,3,0,0
78.9375,-1.0,20,6,3,0,0
78.9375,-1.0,50,10,3,0,0
79.3125,-1.0,50,1,3,0,0
79.3125,-1.0,81,5,3,0,0
79.3125,79.6875,101,5,3,0,0
79.3125,-1.0,81,8,3,0,0
79.3125,79.6875,101,8,3,0,0
79.5000,-1.0,900,5,3,0,0
79.5000,-1.0,900,8,3,0,0
79.6875,-1.0,10,2,3,0,0
79.7813,-1.0,10,5,3,0,0
79.8750,-1.0,10,3,3,0,0
79.9688,-1.0,10,6,3,0,0
80.0625,-1.0,10,4,3,0,0
80.1563,-1.0,10,7,3,0,0
80.2500,-1.0,82,11,2,0,0
80.2500,80.3125,110,11,2,JumpScratch,-4
80.3125,80.3750,110,9,2,JumpScratch,-4
80.3750,80.4375,110,7,2,JumpScratch,-4
80.4375,80.5000,110,5,2,JumpScratch,-4
80.5000,80.5625,110,3,2,JumpScratch,-4
80.5625,80.6250,110,1,2,JumpScratch,12
81.0,-1.0,10,2,2,0,0
81.0,-1.0,80,11,2,0,0
81.0,81.1875,100,11,2,0,0
81.1875,-1.0,80,8,2,0,0
81.1875,81.3750,100,8,2,0,0
81.3750,-1.0,80,5,2,0,0
81.3750,81.5625,100,5,2,0,0
81.5625,-1.0,10,2,2,0,0
81.5625,-1.0,80,11,2,0,0
81.5625,81.7500,100,11,2,0,0
81.7500,-1.0,80,8,2,0,0
81.7500,81.9375,100,8,2,0,0
81.9375,-1.0,80,5,2,0,0
81.9375,82.1250,100,5,2,0,0
82.1250,-1.0,10,1,2,0,0
82.1250,-1.0,80,10,2,0,0
82.1250,82.3125,100,10,2,0,0
82.3125,-1.0,80,7,2,0,0
82.3125,82.5000,100,7,2,0,0
82.5000,-1.0,80,4,2,0,0
82.5000,82.6875,100,4,2,0,0
82.6875,-1.0,10,1,2,0,0
82.6875,-1.0,80,10,2,0,0
82.6875,82.8750,100,10,2,0,0
82.8750,-1.0,80,7,2,0,0
82.8750,83.0625,100,7,2,0,0
83.0625,-1.0,80,4,2,0,0
83.0625,83.2500,100,4,2,0,0
83.2500,-1.0,10,1,2,0,0
83.2500,-1.0,10,11,2,0,0
83.3438,-1.0,10,8,2,0,0
83.4375,-1.0,10,5,2,0,0
83.5313,-1.0,10,2,2,0,0
83.6250,-1.0,50,8,2,0,0
83.6250,-1.0,50,11,2,0,0
84.0,-1.0,80,1,2,0,0
84.0,84.1875,100,1,2,0,0
84.0,-1.0,10,10,2,0,0
84.1875,-1.0,80,4,2,0,0
84.1875,84.3750,100,4,2,0,0
84.3750,-1.0,80,7,2,0,0
84.3750,84.5625,100,7,2,0,0
84.5625,-1.0,80,1,2,0,0
84.5625,84.7500,100,1,2,0,0
84.5625,-1.0,10,10,2,0,0
84.7500,-1.0,80,4,2,0,0
84.7500,84.9375,100,4,2,0,0
84.9375,-1.0,80,7,2,0,0
84.9375,85.1250,100,7,2,0,0
85.1250,-1.0,80,2,2,0,0
85.1250,85.3125,100,2,2,0,0
85.1250,-1.0,10,11,2,0,0
85.3125,-1.0,80,5,2,0,0
85.3125,85.5000,100,5,2,0,0
85.5000,-1.0,80,8,2,0,0
85.5000,85.6875,100,8,2,0,0
85.6875,-1.0,80,2,2,0,0
85.6875,85.8750,100,2,2,0,0
85.6875,-1.0,10,11,2,0,0
85.8750,-1.0,80,5,2,0,0
85.8750,86.0625,100,5,2,0,0
86.0625,-1.0,80,8,2,0,0
86.0625,86.2500,100,8,2,0,0
86.2500,-1.0,10,1,2,0,0
86.2500,-1.0,10,11,2,0,0
86.3438,-1.0,10,4,2,0,0
86.4375,-1.0,10,7,2,0,0
86.5313,-1.0,10,10,2,0,0
86.6250,-1.0,50,1,2,0,0
86.6250,-1.0,50,4,2,0,0
87.0,-1.0,10,2,2,0,0
87.0,-1.0,80,10,3,0,0
87.0,87.1875,100,10,3,0,0
87.1875,-1.0,80,7,3,0,0
87.1875,87.3750,100,7,3,0,0
87.3750,-1.0,80,4,3,0,0
87.3750,87.5625,100,4,3,0,0
87.5625,-1.0,10,2,2,0,0
87.5625,-1.0,80,10,3,0,0
87.5625,87.7500,100,10,3,0,0
87.7500,-1.0,80,7,3,0,0
87.7500,87.9375,100,7,3,0,0
87.9375,-1.0,80,4,3,0,0
87.9375,88.1250,100,4,3,0,0
88.1250,-1.0,10,1,2,0,0
88.1250,-1.0,80,9,3,0,0
88.1250,88.3125,100,9,3,0,0
88.3125,-1.0,80,6,3,0,0
88.3125,88.5000,100,6,3,0,0
88.5000,-1.0,80,3,3,0,0
88.5000,88.6875,100,3,3,0,0
88.6875,-1.0,10,1,2,0,0
88.6875,-1.0,80,9,3,0,0
88.6875,88.8750,100,9,3,0,0
88.8750,-1.0,80,6,3,0,0
88.8750,89.0625,100,6,3,0,0
89.0625,-1.0,80,3,3,0,0
89.0625,89.2500,100,3,3,0,0
89.2500,-1.0,10,1,2,0,0
89.2500,-1.0,10,10,3,0,0
89.3438,-1.0,10,7,3,0,0
89.4375,-1.0,10,4,3,0,0
89.5313,-1.0,10,1,3,0,0
89.6250,-1.0,50,7,3,0,0
89.6250,-1.0,50,10,3,0,0
90.0,-1.0,10,7,3,0,0
90.0,-1.0,10,10,3,0,0
90.1875,-1.0,10,4,3,0,0
90.1875,-1.0,10,7,3,0,0
90.3750,-1.0,10,1,3,0,0
90.3750,-1.0,10,4,3,0,0
90.5625,-1.0,20,4,3,0,0
90.5625,-1.0,50,7,3,0,0
90.5625,-1.0,50,10,3,0,0
90.9375,-1.0,50,1,3,0,0
90.9375,-1.0,50,4,3,0,0
90.9375,-1.0,20,7,4,0,0
91.3125,-1.0,81,3,4,0,0
91.3125,91.6875,101,3,4,0,0
91.3125,-1.0,50,7,3,0,0
91.3125,-1.0,50,10,3,0,0
91.5000,-1.0,900,3,4,0,0
91.6875,-1.0,10,7,3,0,0
91.8750,-1.0,10,1,3,0,0
91.8750,-1.0,10,4,3,0,0
92.0625,-1.0,10,7,3,0,0
92.0625,-1.0,10,10,3,0,0
92.2500,-1.0,83,1,4,0,0
92.2500,92.2969,110,1,4,JumpScratch,6
92.2969,92.3438,110,4,3,JumpScratch,6
92.3438,92.3906,110,7,3,JumpScratch,5
92.3906,92.4375,110,9,3,JumpScratch,4
92.4375,92.4844,110,10,3,JumpScratch,-4
92.4844,92.5313,110,9,3,JumpScratch,-5
92.5313,92.5781,110,7,3,JumpScratch,-6
92.5781,92.6250,110,4,3,JumpScratch,-6
93.0,-1.0,10,7,2,0,0
93.0,-1.0,10,10,3,0,0
93.1875,-1.0,10,5,3,0,0
93.3750,-1.0,10,3,3,0,0
93.3750,-1.0,10,7,2,0,0
93.3750,-1.0,10,10,3,0,0
93.5625,-1.0,10,1,3,0,0
93.7500,-1.0,10,4,3,0,0
93.7500,-1.0,10,10,3,0,0
93.9375,-1.0,10,1,3,0,0
93.9375,-1.0,10,7,2,0,0
93.9375,-1.0,10,10,3,0,0
94.1250,-1.0,10,4,3,0,0
94.3125,-1.0,80,1,3,0,0
94.3125,94.6875,100,1,3,0,0
94.3125,-1.0,10,7,2,0,0
94.3125,-1.0,10,10,3,0,0
94.5000,-1.0,900,1,3,0,0
94.6875,-1.0,10,7,2,0,0
94.6875,-1.0,10,10,3,0,0
94.8750,-1.0,10,4,3,0,0
95.0625,-1.0,10,1,3,0,0
95.0625,-1.0,10,7,2,0,0
95.0625,-1.0,10,10,3,0,0
95.2500,-1.0,10,4,3,0,0
95.3438,-1.0,10,10,2,0,0
95.4375,-1.0,10,7,2,0,0
95.5313,-1.0,10,4,2,0,0
95.6250,-1.0,10,1,3,0,0
95.6250,-1.0,10,7,3,0,0
95.6250,-1.0,10,11,2,0,0
95.8125,-1.0,80,3,3,0,0
95.8125,96.1875,100,3,3,0,0
96.0,-1.0,900,3,3,0,0
96.0,-1.0,10,7,2,0,0
96.0,-1.0,10,10,3,0,0
96.3750,-1.0,10,1,2,0,0
96.3750,-1.0,10,4,3,0,0
96.3750,-1.0,10,10,3,0,0
96.5625,-1.0,10,7,3,0,0
96.7500,-1.0,10,4,3,0,0
96.7500,-1.0,10,10,3,0,0
96.9375,-1.0,10,1,3,0,0
96.9375,-1.0,10,7,2,0,0
96.9375,-1.0,10,10,3,0,0
97.1250,-1.0,10,4,3,0,0
97.3125,-1.0,80,1,3,0,0
97.3125,97.8750,100,1,3,0,0
97.3125,-1.0,10,7,2,0,0
97.3125,-1.0,10,10,3,0,0
97.5000,-1.0,900,1,3,0,0
97.6875,-1.0,900,1,3,0,0
97.6875,-1.0,10,4,3,0,0
97.8750,-1.0,10,7,3,0,0
98.0625,-1.0,10,10,3,0,0
98.2500,-1.0,10,1,3,0,0
98.2500,-1.0,10,8,2,0,0
98.3438,-1.0,10,4,3,0,0
98.3438,-1.0,10,11,2,0,0
98.4375,-1.0,10,8,2,0,0
98.5313,-1.0,10,5,2,0,0
98.6250,-1.0,10,2,2,0,0
98.8125,-1.0,10,5,4,0,0
99.0,-1.0,10,7,2,0,0
99.0,-1.0,10,10,3,0,0
99.1875,-1.0,10,1,3,0,0
99.3750,-1.0,10,3,3,0,0
99.3750,-1.0,10,7,2,0,0
99.3750,-1.0,10,10,3,0,0
99.5625,-1.0,10,5,3,0,0
99.7500,-1.0,10,1,3,0,0
99.7500,-1.0,10,10,3,0,0
99.9375,-1.0,10,3,3,0,0
99.9375,-1.0,10,7,2,0,0
99.9375,-1.0,10,10,3,0,0
100.1250,-1.0,10,1,3,0,0
100.3125,-1.0,80,3,3,0,0
100.3125,100.6875,100,3,3,0,0
100.3125,-1.0,10,7,2,0,0
100.3125,-1.0,10,10,3,0,0
100.5000,-1.0,900,3,3,0,0
100.6875,-1.0,10,7,2,0,0
100.6875,-1.0,10,10,3,0,0
100.8750,-1.0,10,1,3,0,0
101.0625,-1.0,10,3,3,0,0
101.0625,-1.0,10,7,2,0,0
101.0625,-1.0,10,10,3,0,0
101.2500,-1.0,10,1,3,0,0
101.3438,-1.0,10,7,2,0,0
101.4375,-1.0,10,4,2,0,0
101.5313,-1.0,10,1,2,0,0
101.6250,-1.0,10,3,3,0,0
101.6250,-1.0,10,7,2,0,0
101.6250,-1.0,10,10,3,0,0
101.8125,-1.0,80,1,3,0,0
101.8125,102.1875,100,1,3,0,0
102.0,-1.0,900,1,3,0,0
102.0,-1.0,10,7,2,0,0
102.0,-1.0,10,10,3,0,0
102.3750,-1.0,10,1,3,0,0
102.3750,-1.0,10,7,3,0,0
102.3750,-1.0,10,11,2,0,0
102.5625,-1.0,10,4,3,0,0
102.7500,-1.0,10,1,3,0,0
102.7500,-1.0,10,7,3,0,0
102.9375,-1.0,10,1,3,0,0
102.9375,-1.0,10,5,2,0,0
102.9375,-1.0,10,10,3,0,0
103.1250,-1.0,10,7,3,0,0
103.3125,-1.0,10,1,3,0,0
103.3125,-1.0,10,5,2,0,0
103.3125,-1.0,80,10,3,0,0
103.3125,103.8750,100,10,3,0,0
103.5000,-1.0,900,10,3,0,0
103.6875,-1.0,10,7,3,0,0
103.6875,-1.0,900,10,3,0,0
103.8750,-1.0,10,4,3,0,0
104.0625,-1.0,20,7,2,0,0
104.0625,-1.0,20,10,3,0,0
104.2500,-1.0,20,4,3,0,0
104.2500,-1.0,20,8,2,0,0
104.4375,-1.0,20,1,2,0,0
104.4375,-1.0,20,4,3,0,0
104.6250,-1.0,50,7,3,0,0
104.6250,-1.0,50,10,3,0,0
105.0,-1.0,10,1,2,0,0
105.0,-1.0,10,4,3,0,0
105.0,-1.0,10,8,3,0,0
105.1875,-1.0,10,8,3,0,0
105.3750,-1.0,50,3,4,0,0
105.3750,-1.0,80,10,3,0,0
105.3750,105.7500,100,10,3,0,0
105.5625,-1.0,900,10,3,0,0
105.7500,-1.0,50,1,4,0,0
105.7500,-1.0,80,7,3,0,0
105.7500,106.1250,100,7,3,0,0
105.9375,-1.0,900,7,3,0,0
106.1250,-1.0,50,3,4,0,0
106.1250,-1.0,80,10,3,0,0
106.1250,106.5000,100,10,3,0,0
106.3125,-1.0,900,10,3,0,0
106.5000,-1.0,10,1,3,0,0
106.5000,-1.0,10,7,3,0,0
106.6875,-1.0,10,4,3,0,0
106.8750,-1.0,10,1,3,0,0
106.8750,-1.0,10,7,2,0,0
106.8750,-1.0,10,10,3,0,0
107.0625,-1.0,10,4,3,0,0
107.2500,-1.0,10,7,3,0,0
107.3438,-1.0,10,11,2,0,0
107.4375,-1.0,10,8,2,0,0
107.5313,-1.0,10,5,2,0,0
107.6250,-1.0,10,1,3,0,0
107.6250,-1.0,10,7,3,0,0
107.6250,-1.0,10,11,2,0,0
107.8125,-1.0,10,4,3,0,0
108.0,-1.0,82,4,3,0,0
108.0,108.0469,110,4,3,JumpScratch,-5
108.0,-1.0,50,10,3,0,0
108.0469,108.0938,110,2,3,JumpScratch,-4
108.0938,108.3750,100,1,3,0,0
108.2813,-1.0,900,1,3,0,0
108.3750,-1.0,10,7,3,0,0
108.5625,-1.0,50,1,3,0,0
108.5625,-1.0,82,7,3,0,0
108.5625,108.6094,110,7,3,JumpScratch,5
108.6094,108.6563,110,9,3,JumpScratch,4
108.6563,108.9375,100,10,3,0,0
108.8438,-1.0,900,10,3,0,0
108.9375,-1.0,10,4,3,0,0
109.1250,-1.0,83,2,3,0,0
109.1250,109.5000,110,2,3,0,0
109.1250,-1.0,83,6,2,0,0
109.1250,109.5000,110,6,2,0,0
109.1250,-1.0,83,9,3,0,0
109.1250,109.5000,110,9,3,0,0
109.3125,-1.0,900,2,3,0,0
109.3125,-1.0,900,6,2,0,0
109.3125,-1.0,900,9,3,0,0
109.8750,-1.0,10,1,3,0,0
109.8750,-1.0,10,7,2,0,0
109.8750,-1.0,10,10,3,0,0
110.0625,-1.0,10,4,3,0,0
110.2500,-1.0,10,1,3,0,0
110.2500,-1.0,82,8,2,0,0
110.2500,110.3438,110,8,2,JumpScratch,5
110.3438,-1.0,10,4,3,0,0
110.3438,110.4375,110,11,2,JumpScratch,-4
110.4375,-1.0,10,2,2,0,0
110.4375,110.5313,110,9,2,JumpScratch,-4
110.5313,-1.0,10,3,3,0,0
110.5313,110.6250,110,7,2,JumpScratch,-4
110.6250,-1.0,10,1,2,0,0
110.8125,-1.0,10,5,4,0,0
111.0,-1.0,10,1,3,0,0
111.0,-1.0,10,5,2,0,0
111.1875,-1.0,10,7,3,0,0
111.3750,-1.0,10,1,3,0,0
111.3750,-1.0,10,5,2,0,0
111.3750,-1.0,10,10,3,0,0
111.5625,-1.0,10,7,3,0,0
111.7500,-1.0,10,4,3,0,0
111.9375,-1.0,20,1,4,0,0
111.9375,-1.0,50,7,3,0,0
111.9375,-1.0,50,10,3,0,0
112.1250,-1.0,10,4,3,0,0
112.3125,-1.0,20,1,4,0,0
112.3125,-1.0,50,7,3,0,0
112.3125,-1.0,50,10,3,0,0
112.6875,-1.0,10,4,3,0,0
112.8750,-1.0,10,1,3,0,0
112.8750,-1.0,10,7,2,0,0
112.8750,-1.0,10,10,3,0,0
113.0625,-1.0,10,4,3,0,0
113.2500,-1.0,10,7,2,0,0
113.2500,-1.0,10,10,3,0,0
113.4375,-1.0,10,5,4,0,0
113.6250,-1.0,10,1,3,0,0
113.6250,-1.0,10,5,2,0,0
113.8125,-1.0,10,5,4,0,0
114.0,-1.0,50,1,3,0,0
114.0,-1.0,50,4,3,0,0
114.0,-1.0,81,10,3,0,0
114.0,114.3750,101,10,3,0,0
114.1875,-1.0,900,10,3,0,0
114.7500,-1.0,81,1,3,0,0
114.7500,115.1250,101,1,3,0,0
114.7500,-1.0,50,7,3,0,0
114.7500,-1.0,50,10,3,0,0
114.9375,-1.0,900,1,3,0,0
115.5000,-1.0,10,1,3,0,0
115.5000,-1.0,10,5,4,0,0
115.5000,-1.0,10,10,3,0,0
115.6875,-1.0,10,1,3,0,0
115.6875,-1.0,10,5,4,0,0
115.6875,-1.0,10,10,3,0,0
115.8750,-1.0,10,1,3,0,0
115.8750,-1.0,10,5,4,0,0
115.8750,-1.0,10,10,3,0,0
116.0625,-1.0,10,1,3,0,0
116.0625,-1.0,10,5,4,0,0
116.0625,-1.0,10,10,3,0,0
116.2500,-1.0,20,10,2,0,0
116.3125,-1.0,20,7,2,0,0
116.3750,-1.0,20,4,2,0,0
116.4375,-1.0,20,8,2,0,0
116.5000,-1.0,20,5,2,0,0
116.5625,-1.0,20,2,2,0,0
116.6250,-1.0,50,7,3,0,0
117.0,-1.0,80,1,3,0,0
117.0,117.7500,100,1,3,0,0
117.1875,-1.0,900,1,3,0,0
117.1875,-1.0,10,7,3,0,0
117.3750,-1.0,900,1,3,0,0
117.3750,-1.0,30,1,3,0,0
117.3750,-1.0,10,4,3,0,0
117.3750,-1.0,10,10,3,0,0
117.5625,-1.0,900,1,3,0,0
117.5625,-1.0,10,7,3,0,0
117.7500,-1.0,80,4,3,0,0
117.7500,118.5000,100,4,3,0,0
117.9375,-1.0,900,4,3,0,0
117.9375,-1.0,10,7,3,0,0
118.1250,-1.0,10,1,3,0,0
118.1250,-1.0,900,4,3,0,0
118.1250,-1.0,30,4,3,0,0
118.1250,-1.0,10,10,3,0,0
118.3125,-1.0,900,4,3,0,0
118.3125,-1.0,10,7,3,0,0
118.5000,-1.0,80,10,3,0,0
118.5000,119.2500,100,10,3,0,0
118.6875,-1.0,10,4,3,0,0
118.6875,-1.0,900,10,3,0,0
118.8750,-1.0,10,1,3,0,0
118.8750,-1.0,10,7,3,0,0
118.8750,-1.0,900,10,3,0,0
118.8750,-1.0,30,10,3,0,0
119.0625,-1.0,10,4,3,0,0
119.0625,-1.0,900,10,3,0,0
119.2500,-1.0,80,7,3,0,0
119.2500,120.0,100,7,3,0,0
119.4375,-1.0,10,4,3,0,0
119.4375,-1.0,900,7,3,0,0
119.6250,-1.0,10,1,3,0,0
119.6250,-1.0,900,7,3,0,0
119.6250,-1.0,30,7,3,0,0
119.6250,-1.0,10,10,3,0,0
119.8125,-1.0,10,4,3,0,0
119.8125,-1.0,900,7,3,0,0
120.0,-1.0,10,1,3,0,0
120.0,-1.0,10,4,3,0,0
120.1875,-1.0,10,4,3,0,0
120.1875,-1.0,10,7,3,0,0
120.3750,-1.0,10,7,3,0,0
120.3750,-1.0,10,10,3,0,0
120.5625,-1.0,50,1,3,0,0
120.5625,-1.0,50,4,3,0,0
120.5625,-1.0,20,7,3,0,0
120.9375,-1.0,20,4,3,0,0
120.9375,-1.0,50,7,3,0,0
120.9375,-1.0,50,10,3,0,0
121.1250,-1.0,10,4,3,0,0
121.3125,-1.0,50,1,3,0,0
121.3125,-1.0,50,4,3,0,0
121.3125,-1.0,81,7,3,0,0
121.3125,121.6875,101,7,3,0,0
121.5000,-1.0,900,7,3,0,0
121.6875,-1.0,10,1,3,0,0
121.8750,-1.0,10,4,3,0,0
122.0625,-1.0,10,7,3,0,0
122.2500,-1.0,10,10,3,0,0
122.3438,-1.0,10,7,3,0,0
122.4375,-1.0,10,4,3,0,0
122.5313,-1.0,10,1,3,0,0
122.6250,-1.0,10,10,3,0,0
122.7188,-1.0,10,7,3,0,0
122.8125,-1.0,10,4,3,0,0
122.9063,-1.0,10,1,3,0,0
123.0,-1.0,80,10,3,0,0
123.0,123.7500,100,10,3,0,0
123.1875,-1.0,10,4,3,0,0
123.1875,-1.0,900,10,3,0,0
123.3750,-1.0,10,1,3,0,0
123.3750,-1.0,10,7,3,0,0
123.3750,-1.0,900,10,3,0,0
123.3750,-1.0,30,10,3,0,0
123.5625,-1.0,10,4,3,0,0
123.5625,-1.0,900,10,3,0,0
123.7500,-1.0,80,7,3,0,0
123.7500,124.5000,100,7,3,0,0
123.9375,-1.0,10,4,3,0,0
123.9375,-1.0,900,7,3,0,0
124.1250,-1.0,10,1,3,0,0
124.1250,-1.0,900,7,3,0,0
124.1250,-1.0,30,7,3,0,0
124.1250,-1.0,10,10,3,0,0
124.3125,-1.0,10,4,3,0,0
124.3125,-1.0,900,7,3,0,0
124.5000,-1.0,80,1,3,0,0
124.5000,125.2500,100,1,3,0,0
124.6875,-1.0,900,1,3,0,0
124.6875,-1.0,10,7,3,0,0
124.8750,-1.0,900,1,3,0,0
124.8750,-1.0,30,1,3,0,0
124.8750,-1.0,10,4,3,0,0
124.8750,-1.0,10,10,3,0,0
125.0625,-1.0,900,1,3,0,0
125.0625,-1.0,10,7,3,0,0
125.2500,-1.0,80,4,3,0,0
125.2500,126.0,100,4,3,0,0
125.4375,-1.0,900,4,3,0,0
125.4375,-1.0,10,7,3,0,0
125.6250,-1.0,10,1,3,0,0
125.6250,-1.0,900,4,3,0,0
125.6250,-1.0,30,4,3,0,0
125.6250,-1.0,10,10,3,0,0
125.8125,-1.0,900,4,3,0,0
125.8125,-1.0,10,7,3,0,0
126.0,-1.0,10,7,3,0,0
126.0,-1.0,10,10,3,0,0
126.1875,-1.0,10,4,3,0,0
126.1875,-1.0,10,7,3,0,0
126.3750,-1.0,10,1,3,0,0
126.3750,-1.0,10,4,3,0,0
126.5625,-1.0,20,4,3,0,0
126.5625,-1.0,50,7,3,0,0
126.5625,-1.0,50,10,3,0,0
126.9375,-1.0,50,1,3,0,0
126.9375,-1.0,50,4,3,0,0
126.9375,-1.0,20,7,3,0,0
127.1250,-1.0,10,7,3,0,0
127.3125,-1.0,81,4,3,0,0
127.3125,127.6875,101,4,3,0,0
127.3125,-1.0,50,7,3,0,0
127.3125,-1.0,50,10,3,0,0
127.5000,-1.0,900,4,3,0,0
127.6875,-1.0,10,7,3,0,0
127.6875,-1.0,10,10,3,0,0
127.8750,-1.0,10,1,3,0,0
127.8750,-1.0,10,4,3,0,0
128.0625,-1.0,10,7,3,0,0
128.1563,-1.0,10,4,3,0,0
128.2500,-1.0,20,1,3,0,0
128.2500,-1.0,20,10,3,0,0
128.4375,-1.0,10,4,3,0,0
128.5313,-1.0,10,7,3,0,0
128.6250,-1.0,10,1,3,0,0
128.6250,-1.0,10,4,3,0,0
128.7188,-1.0,10,7,3,0,0
128.7188,-1.0,10,10,3,0,0
128.8125,-1.0,10,1,3,0,0
128.8125,-1.0,10,4,3,0,0
128.9063,-1.0,10,7,3,0,0
128.9063,-1.0,10,10,3,0,0
129.0,-1.0,50,1,3,0,0
129.0,-1.0,50,4,3,0,0
129.7500,-1.0,80,8,2,0,0
129.7500,130.1250,100,8,2,0,0
129.7500,-1.0,80,11,2,0,0
129.7500,130.1250,100,11,2,0,0
129.9375,-1.0,900,8,2,0,0
129.9375,-1.0,900,11,2,0,0
130.5000,-1.0,80,3,2,0,0
130.5000,130.8750,100,3,2,0,0
130.5000,-1.0,80,6,2,0,0
130.5000,130.8750,100,6,2,0,0
130.6875,-1.0,900,3,2,0,0
130.6875,-1.0,900,6,2,0,0
131.2500,-1.0,80,7,2,0,0
131.2500,131.6250,100,7,2,0,0
131.2500,-1.0,80,10,2,0,0
131.2500,131.6250,100,10,2,0,0
131.4375,-1.0,900,7,2,0,0
131.4375,-1.0,900,10,2,0,0
132.0,-1.0,80,2,2,0,0
132.0,132.3750,100,2,2,0,0
132.0,-1.0,80,5,2,0,0
132.0,132.3750,100,5,2,0,0
132.1875,-1.0,900,2,2,0,0
132.1875,-1.0,900,5,2,0,0
132.7500,-1.0,80,6,2,0,0
132.7500,133.1250,100,6,2,0,0
132.7500,-1.0,80,9,2,0,0
132.7500,133.1250,100,9,2,0,0
132.9375,-1.0,900,6,2,0,0
132.9375,-1.0,900,9,2,0,0
133.1250,-1.0,10,1,2,0,0
133.1250,-1.0,10,4,2,0,0
133.5000,-1.0,82,8,2,0,0
133.5000,135.0,110,8,2,0,0
133.5000,-1.0,82,11,2,0,0
133.5000,133.6875,110,11,2,JumpScratch,-8
133.6875,135.0,110,5,2,0,0
133.8750,-1.0,900,5,2,0,0
133.8750,-1.0,900,8,2,0,0
134.0625,-1.0,900,5,2,0,0
134.0625,-1.0,900,8,2,0,0
134.2500,-1.0,900,5,2,0,0
134.2500,-1.0,900,8,2,0,0
134.4375,-1.0,900,5,2,0,0
134.4375,-1.0,900,8,2,0,0
134.6250,-1.0,900,5,2,0,0
134.6250,-1.0,900,8,2,0,0
134.8125,-1.0,900,5,2,0,0
134.8125,-1.0,900,8,2,0,0
135.5625,-1.0,10,8,2,0,0
135.7500,-1.0,10,11,2,0,0
135.9375,-1.0,10,8,2,0,0
136.1250,-1.0,10,5,2,0,0
136.3125,-1.0,10,2,2,0,0
136.5000,-1.0,80,8,2,0,0
136.5000,137.0625,100,8,2,0,0
136.5000,-1.0,80,11,2,0,0
136.5000,137.0625,100,11,2,0,0
136.6875,-1.0,900,8,2,0,0
136.6875,-1.0,900,11,2,0,0
136.8750,-1.0,10,1,2,0,0
136.8750,-1.0,900,8,2,0,0
136.8750,-1.0,900,11,2,0,0
137.0625,-1.0,10,1,2,0,0
137.6250,-1.0,80,4,2,0,0
137.6250,138.0,100,4,2,0,0
137.8125,-1.0,900,4,2,0,0
138.0,-1.0,80,1,2,0,0
138.0,138.3750,100,1,2,0,0
138.0,-1.0,80,11,2,0,0
138.0,138.3750,100,11,2,0,0
138.1875,-1.0,900,1,2,0,0
138.1875,-1.0,900,11,2,0,0
138.3750,-1.0,80,8,2,0,0
138.3750,138.7500,100,8,2,0,0
138.5625,-1.0,900,8,2,0,0
138.7500,-1.0,80,1,2,0,0
138.7500,139.1250,100,1,2,0,0
138.7500,-1.0,80,11,2,0,0
138.7500,139.1250,100,11,2,0,0
138.9375,-1.0,900,1,2,0,0
138.9375,-1.0,900,11,2,0,0
139.1250,-1.0,82,4,2,0,0
139.1250,140.2500,110,4,2,0,0
139.1250,-1.0,82,8,2,0,0
139.1250,140.2500,110,8,2,0,0
139.3125,-1.0,900,4,2,0,0
139.3125,-1.0,900,8,2,0,0
139.5000,-1.0,900,4,2,0,0
139.5000,-1.0,900,8,2,0,0
139.6875,-1.0,900,4,2,0,0
139.6875,-1.0,900,8,2,0,0
139.8750,-1.0,900,4,2,0,0
139.8750,-1.0,900,8,2,0,0
140.0625,-1.0,900,4,2,0,0
140.0625,-1.0,900,8,2,0,0
140.4375,-1.0,10,10,3,0,0
140.5313,-1.0,10,7,3,0,0
140.6250,-1.0,10,4,3,0,0
140.8125,-1.0,10,7,3,0,0
140.8125,-1.0,10,10,3,0,0
141.0,-1.0,50,1,3,0,0
141.3750,-1.0,50,1,3,0,0
141.7500,-1.0,50,1,3,0,0
141.7500,-1.0,80,8,2,0,0
141.7500,142.5000,100,8,2,0,0
141.9375,-1.0,900,8,2,0,0
142.1250,-1.0,50,1,3,0,0
142.1250,-1.0,900,8,2,0,0
142.3125,-1.0,900,8,2,0,0
142.5000,-1.0,50,1,3,0,0
142.5000,-1.0,80,11,2,0,0
142.5000,143.2500,100,11,2,0,0
142.6875,-1.0,900,11,2,0,0
142.8750,-1.0,50,1,3,0,0
142.8750,-1.0,900,11,2,0,0
143.0625,-1.0,900,11,2,0,0
143.2500,-1.0,50,1,3,0,0
143.2500,-1.0,80,8,2,0,0
143.2500,143.6250,100,8,2,0,0
143.4375,-1.0,900,8,2,0,0
143.6250,-1.0,50,1,3,0,0
144.0,-1.0,80,4,2,0,0
144.0,144.7500,100,4,2,0,0
144.0,-1.0,50,10,3,0,0
144.1875,-1.0,900,4,2,0,0
144.3750,-1.0,900,4,2,0,0
144.3750,-1.0,50,10,3,0,0
144.5625,-1.0,900,4,2,0,0
144.7500,-1.0,80,1,2,0,0
144.7500,145.5000,100,1,2,0,0
144.7500,-1.0,50,10,3,0,0
144.9375,-1.0,900,1,2,0,0
145.1250,-1.0,900,1,2,0,0
145.1250,-1.0,50,10,3,0,0
145.3125,-1.0,900,1,2,0,0
145.5000,-1.0,10,4,2,0,0
145.5000,-1.0,10,7,3,0,0
145.5000,-1.0,10,10,3,0,0
145.6875,-1.0,10,6,3,0,0
145.8750,-1.0,10,1,3,0,0
145.8750,-1.0,10,4,3,0,0
145.8750,-1.0,10,8,2,0,0
146.0625,-1.0,10,5,3,0,0
146.2500,-1.0,10,7,3,0,0
146.2500,-1.0,10,10,3,0,0
146.4375,-1.0,10,4,3,0,0
146.4375,-1.0,10,7,3,0,0
146.6250,-1.0,82,1,3,0,0
146.6250,147.0,110,1,3,0,0
146.6250,-1.0,82,4,3,0,0
146.6250,147.0,110,4,3,0,0
146.8125,-1.0,900,1,3,0,0
146.8125,-1.0,900,4,3,0,0
147.5625,-1.0,10,11,2,0,0
147.7500,-1.0,10,8,2,0,0
147.9375,-1.0,10,5,2,0,0
148.1250,-1.0,10,2,2,0,0
148.3125,-1.0,10,5,2,0,0
148.5000,-1.0,80,8,2,0,0
148.5000,148.8750,100,8,2,0,0
148.6875,-1.0,900,8,2,0,0
148.8750,-1.0,80,2,2,0,0
148.8750,149.2500,100,2,2,0,0
149.0625,-1.0,900,2,2,0,0
149.2500,-1.0,10,6,2,0,0
149.6250,-1.0,10,4,2,0,0
149.8125,-1.0,10,8,2,0,0
150.0,-1.0,80,1,2,0,0
150.0,150.7500,100,1,2,0,0
150.0,-1.0,80,11,2,0,0
150.0,150.7500,100,11,2,0,0
150.1875,-1.0,900,1,2,0,0
150.1875,-1.0,900,11,2,0,0
150.3750,-1.0,900,1,2,0,0
150.3750,-1.0,30,1,2,0,0
150.3750,-1.0,900,11,2,0,0
150.3750,-1.0,30,11,2,0,0
150.5625,-1.0,900,1,2,0,0
150.5625,-1.0,900,11,2,0,0
150.7500,-1.0,82,6,2,0,0
150.7500,151.5000,110,6,2,0,0
150.9375,-1.0,900,6,2,0,0
151.1250,-1.0,900,6,2,0,0
151.1250,-1.0,31,6,2,0,0
151.3125,-1.0,900,6,2,0,0
153.0,-1.0,80,1,2,0,0
153.0,153.3750,100,1,2,0,0
153.0,-1.0,10,10,3,0,0
153.1875,-1.0,900,1,2,0,0
153.3750,-1.0,10,4,2,0,0
153.3750,-1.0,10,10,3,0,0
153.5625,-1.0,80,4,2,0,0
153.5625,154.1250,100,4,2,0,0
153.7500,-1.0,900,4,2,0,0
153.7500,-1.0,10,10,3,0,0
153.9375,-1.0,900,4,2,0,0
154.1250,-1.0,10,2,2,0,0
154.1250,-1.0,10,10,3,0,0
154.3125,-1.0,80,2,2,0,0
154.3125,154.8750,100,2,2,0,0
154.5000,-1.0,900,2,2,0,0
154.5000,-1.0,10,10,3,0,0
154.6875,-1.0,900,2,2,0,0
154.8750,-1.0,10,5,2,0,0
154.8750,-1.0,10,10,3,0,0
155.0625,-1.0,80,5,2,0,0
155.0625,155.6250,100,5,2,0,0
155.2500,-1.0,900,5,2,0,0
155.2500,-1.0,10,10,3,0,0
155.4375,-1.0,900,5,2,0,0
155.6250,-1.0,10,3,2,0,0
155.6250,-1.0,10,10,3,0,0
155.8125,-1.0,10,5,2,0,0
156.0,-1.0,10,1,3,0,0
156.0,-1.0,80,8,2,0,0
156.0,156.3750,100,8,2,0,0
156.1875,-1.0,900,8,2,0,0
156.3750,-1.0,10,1,3,0,0
156.3750,-1.0,10,11,2,0,0
156.5625,-1.0,50,8,2,0,0
156.7500,-1.0,10,1,3,0,0
156.9375,-1.0,50,11,2,0,0
157.1250,-1.0,10,1,3,0,0
157.3125,-1.0,10,11,2,0,0
157.4063,-1.0,10,8,2,0,0
157.5000,-1.0,10,1,3,0,0
157.5000,-1.0,10,5,2,0,0
157.6875,-1.0,10,6,2,0,0
157.6875,-1.0,10,9,3,0,0
157.8750,-1.0,10,2,3,0,0
157.8750,-1.0,10,6,2,0,0
158.0625,-1.0,10,7,2,0,0
158.0625,-1.0,10,10,3,0,0
158.2500,-1.0,10,1,3,0,0
158.2500,-1.0,10,5,2,0,0
158.4375,-1.0,10,7,2,0,0
158.4375,-1.0,10,10,3,0,0
158.5313,-1.0,10,4,3,0,0
158.6250,-1.0,10,7,3,0,0
159.0,-1.0,80,1,2,0,0
159.0,160.1250,100,1,2,0,0
159.0,-1.0,10,10,3,0,0
159.1875,-1.0,900,1,2,0,0
159.3750,-1.0,900,1,2,0,0
159.3750,-1.0,10,10,3,0,0
159.5625,-1.0,900,1,2,0,0
159.7500,-1.0,900,1,2,0,0
159.7500,-1.0,10,10,3,0,0
159.9375,-1.0,900,1,2,0,0
160.1250,-1.0,10,10,3,0,0
160.3125,-1.0,10,4,2,0,0
160.4063,-1.0,10,1,2,0,0
160.5000,-1.0,10,4,2,0,0
160.5000,-1.0,10,10,3,0,0
160.8750,-1.0,10,1,2,0,0
160.8750,-1.0,10,10,3,0,0
161.0625,-1.0,10,1,2,0,0
161.2500,-1.0,10,10,3,0,0
161.4375,-1.0,10,4,2,0,0
161.6250,-1.0,10,4,2,0,0
161.6250,-1.0,10,10,3,0,0
162.0,-1.0,10,7,2,0,0
162.1875,-1.0,10,4,2,0,0
162.3750,-1.0,10,1,2,0,0
162.5625,-1.0,20,3,2,0,0
162.5625,-1.0,20,6,2,0,0
162.5625,-1.0,50,10,3,0,0
162.9375,-1.0,50,1,3,0,0
162.9375,-1.0,20,6,2,0,0
162.9375,-1.0,20,9,2,0,0
163.3125,-1.0,81,3,2,0,0
163.3125,163.6875,101,3,2,0,0
163.3125,-1.0,81,6,2,0,0
163.3125,163.6875,101,6,2,0,0
163.3125,-1.0,50,10,3,0,0
163.5000,-1.0,900,3,2,0,0
163.5000,-1.0,900,6,2,0,0
163.6875,-1.0,10,11,2,0,0
163.8750,-1.0,10,8,2,0,0
164.0625,-1.0,10,5,2,0,0
164.2500,-1.0,10,2,2,0,0
164.4375,-1.0,10,9,4,0,0
164.5313,-1.0,10,5,4,0,0
164.6250,-1.0,10,1,4,0,0
164.8125,-1.0,10,5,4,0,0
165.0,-1.0,10,1,3,0,0
165.0,-1.0,80,11,2,0,0
165.0,165.3750,100,11,2,0,0
165.1875,-1.0,900,11,2,0,0
165.3750,-1.0,10,1,3,0,0
165.3750,-1.0,10,8,2,0,0
165.5625,-1.0,80,8,2,0,0
165.5625,166.1250,100,8,2,0,0
165.7500,-1.0,10,1,3,0,0
165.7500,-1.0,900,8,2,0,0
165.9375,-1.0,900,8,2,0,0
166.1250,-1.0,10,1,3,0,0
166.1250,-1.0,10,10,2,0,0
166.3125,-1.0,10,10,2,0,0
166.5000,-1.0,10,1,3,0,0
166.6875,-1.0,10,7,2,0,0
166.8750,-1.0,10,1,3,0,0
166.8750,-1.0,10,10,2,0,0
167.0625,-1.0,10,7,2,0,0
167.2500,-1.0,10,1,3,0,0
167.6250,-1.0,10,1,3,0,0
167.6250,-1.0,10,11,2,0,0
167.8125,-1.0,80,5,2,0,0
167.8125,168.1875,100,5,2,0,0
168.0,-1.0,900,5,2,0,0
168.0,-1.0,10,10,3,0,0
168.1875,-1.0,10,8,2,0,0
168.3750,-1.0,10,11,2,0,0
168.5625,-1.0,50,1,3,0,0
168.5625,-1.0,20,6,2,0,0
168.5625,-1.0,20,9,2,0,0
168.9375,-1.0,20,3,2,0,0
168.9375,-1.0,20,6,2,0,0
168.9375,-1.0,50,10,3,0,0
169.3125,-1.0,50,1,3,0,0
169.3125,-1.0,81,6,2,0,0
169.3125,169.6875,101,6,2,0,0
169.3125,-1.0,81,9,2,0,0
169.3125,169.6875,101,9,2,0,0
169.5000,-1.0,900,6,2,0,0
169.5000,-1.0,900,9,2,0,0
169.6875,-1.0,10,1,2,0,0
169.8750,-1.0,10,4,2,0,0
170.0625,-1.0,10,7,2,0,0
170.2500,-1.0,10,1,3,0,0
170.2500,-1.0,10,5,2,0,0
170.4375,-1.0,10,7,2,0,0
170.4375,-1.0,10,10,3,0,0
170.6250,-1.0,10,2,3,0,0
170.6250,-1.0,10,6,2,0,0
171.0,-1.0,80,1,2,0,0
171.0,172.5000,100,1,2,0,0
171.0,-1.0,10,10,3,0,0
171.1875,-1.0,900,1,2,0,0
171.3750,-1.0,900,1,2,0,0
171.3750,-1.0,10,10,3,0,0
171.5625,-1.0,900,1,2,0,0
171.7500,-1.0,900,1,2,0,0
171.7500,-1.0,10,10,3,0,0
171.9375,-1.0,900,1,2,0,0
172.1250,-1.0,900,1,2,0,0
172.1250,-1.0,10,10,3,0,0
172.3125,-1.0,900,1,2,0,0
172.5000,-1.0,80,4,2,0,0
172.5000,172.8750,100,4,2,0,0
172.5000,-1.0,10,10,3,0,0
172.6875,-1.0,900,4,2,0,0
172.8750,-1.0,10,1,2,0,0
172.8750,-1.0,10,10,3,0,0
173.0625,-1.0,10,4,2,0,0
173.2500,-1.0,10,10,3,0,0
173.4375,-1.0,10,5,2,0,0
173.6250,-1.0,10,2,2,0,0
173.6250,-1.0,10,10,3,0,0
174.0,-1.0,20,1,4,0,0
174.0,-1.0,20,9,4,0,0
174.1875,-1.0,10,7,3,0,0
174.3750,-1.0,10,4,3,0,0
174.5625,-1.0,81,1,3,0,0
174.5625,174.9375,101,1,3,0,0
174.5625,-1.0,50,7,3,0,0
174.5625,-1.0,50,10,3,0,0
174.7500,-1.0,900,1,3,0,0
174.9375,-1.0,10,4,3,0,0
175.1250,-1.0,10,7,3,0,0
175.3125,-1.0,50,1,3,0,0
175.3125,-1.0,50,4,3,0,0
175.3125,-1.0,81,10,3,0,0
175.3125,175.6875,101,10,3,0,0
175.5000,-1.0,900,10,3,0,0
175.6875,-1.0,10,7,3,0,0
175.8750,-1.0,10,4,3,0,0
176.0625,-1.0,10,1,3,0,0
176.2500,-1.0,10,1,3,0,0
176.2500,-1.0,10,4,3,0,0
176.2500,-1.0,10,7,3,0,0
176.2500,-1.0,10,10,3,0,0
176.4375,-1.0,10,1,3,0,0
176.4375,-1.0,10,4,3,0,0
176.4375,-1.0,10,7,3,0,0
176.4375,-1.0,10,10,3,0,0
176.6250,-1.0,10,7,3,0,0
176.6250,-1.0,10,10,3,0,0
176.7188,-1.0,10,1,3,0,0
176.7188,-1.0,10,4,3,0,0
176.8125,-1.0,10,7,3,0,0
176.8125,-1.0,10,10,3,0,0
176.9063,-1.0,10,1,3,0,0
176.9063,-1.0,10,4,3,0,0
177.0,-1.0,20,10,3,0,0
177.0625,-1.0,20,7,3,0,0
177.1250,-1.0,20,4,3,0,0
177.1875,-1.0,20,7,3,0,0
177.2500,-1.0,20,4,3,0,0
177.3125,-1.0,20,1,3,0,0
177.3750,-1.0,50,5,4,0,0
177.5625,-1.0,83,1,3,0,0
177.5625,177.6094,110,1,3,JumpScratch,4
177.6094,177.6563,110,2,3,JumpScratch,5
177.6563,178.3594,110,4,3,JumpScratch,-4
177.7500,-1.0,10,9,4,0,0
177.8438,-1.0,900,4,3,0,0
177.9375,-1.0,10,7,4,0,0
178.0313,-1.0,900,4,3,0,0
178.1250,-1.0,10,5,4,0,0
178.2188,-1.0,900,4,3,0,0
178.3125,-1.0,50,7,3,0,0
178.3125,-1.0,50,10,3,0,0
178.3594,178.4063,110,3,3,JumpScratch,-5
178.4063,179.0625,110,1,3,0,0
178.5000,-1.0,10,9,4,0,0
178.5938,-1.0,900,1,3,0,0
178.6875,-1.0,10,6,4,0,0
178.7813,-1.0,900,1,3,0,0
178.8750,-1.0,10,3,4,0,0
178.9688,-1.0,900,1,3,0,0
179.0625,-1.0,50,5,4,0,0
179.0625,-1.0,50,9,4,0,0
179.2500,-1.0,10,7,3,0,0
179.3438,-1.0,10,4,3,0,0
179.4375,-1.0,10,1,3,0,0
179.4375,-1.0,10,10,3,0,0
179.5313,-1.0,10,7,3,0,0
179.6250,-1.0,10,4,3,0,0
179.8125,-1.0,10,1,3,0,0
179.8125,-1.0,82,4,3,0,0
179.8125,179.8594,110,4,3,JumpScratch,4
179.8125,-1.0,50,8,4,0,0
179.8594,179.9063,110,5,3,JumpScratch,5
179.9063,180.5625,110,7,3,0,0
180.0938,-1.0,900,7,3,0,0
180.1875,-1.0,82,4,3,0,0
180.1875,180.5625,110,4,3,0,0
180.1875,-1.0,82,10,3,0,0
180.1875,180.3750,110,10,3,JumpScratch,-12
180.2813,-1.0,900,7,3,0,0
180.3750,180.5625,110,1,3,0,0
180.4688,-1.0,900,7,3,0,0
180.9375,-1.0,50,1,4,0,0
180.9375,-1.0,50,9,4,0,0
181.3125,-1.0,83,1,4,0,0
181.3125,181.8750,110,1,4,0,0
181.3125,-1.0,83,5,4,0,0
181.3125,181.7813,110,5,4,0,0
181.3125,-1.0,83,9,4,0,0
181.3125,181.8750,110,9,4,0,0
181.5000,-1.0,900,1,4,0,0
181.5000,-1.0,900,5,4,0,0
181.5000,-1.0,900,9,4,0,0
181.6875,-1.0,900,1,4,0,0
181.6875,-1.0,40,1,4,0,0
181.6875,-1.0,900,5,4,0,0
181.6875,-1.0,31,5,4,0,0
181.6875,-1.0,900,9,4,0,0
181.6875,-1.0,40,9,4,0,0
181.7813,-1.0,31,1,4,0,0
181.7813,-1.0,31,9,4,0,0
182.0625,-1.0,10,7,3,0,0
182.1563,-1.0,10,4,3,0,0
182.2500,-1.0,10,10,3,0,0
182.3438,-1.0,10,7,3,0,0
182.4375,-1.0,10,4,3,0,0
182.5313,-1.0,10,1,3,0,0
182.6250,-1.0,10,7,3,0,0
182.6250,-1.0,10,10,3,0,0
182.7188,-1.0,10,4,3,0,0
182.8125,-1.0,10,7,3,0,0
182.8125,-1.0,10,10,3,0,0
182.9063,-1.0,10,4,3,0,0
183.0,-1.0,50,1,4,0,0
183.0,-1.0,81,7,3,0,0
183.0,183.1875,101,7,3,0,0
183.1875,-1.0,81,4,3,0,0
183.1875,183.3750,101,4,3,0,0
183.3750,-1.0,50,7,4,0,0
183.5625,-1.0,10,4,3,0,0
183.6563,-1.0,10,7,3,0,0
183.7500,-1.0,50,3,4,0,0
183.7500,-1.0,80,10,3,0,0
183.7500,184.1250,100,10,3,0,0
183.9375,-1.0,900,10,3,0,0
184.0313,-1.0,10,1,3,0,0
184.1250,-1.0,10,4,3,0,0
184.3125,-1.0,10,5,4,0,0
184.5000,-1.0,81,1,3,0,0
184.5000,184.6875,101,1,3,0,0
184.5000,-1.0,81,4,3,0,0
184.5000,184.6875,101,4,3,0,0
184.5000,-1.0,50,7,3,0,0
184.5000,-1.0,50,10,3,0,0
184.6875,-1.0,81,7,3,0,0
184.6875,184.8750,101,7,3,0,0
184.8750,-1.0,50,3,4,0,0
185.0625,-1.0,10,7,3,0,0
185.1563,-1.0,10,4,3,0,0
185.2500,-1.0,50,1,3,0,0
185.2500,-1.0,50,10,3,0,0
185.5313,-1.0,50,2,3,0,0
185.5313,-1.0,20,6,4,0,0
185.8125,-1.0,50,4,3,0,0
185.8125,-1.0,20,8,4,0,0
186.0,-1.0,50,1,3,0,0
186.0,-1.0,50,4,3,0,0
186.0,-1.0,50,7,3,0,0
186.0,-1.0,50,10,3,0,0
186.1875,-1.0,10,1,3,0,0
186.1875,-1.0,10,5,2,0,0
186.3750,-1.0,10,2,3,0,0
186.3750,-1.0,10,6,2,0,0
186.5625,-1.0,50,3,4,0,0
186.5625,-1.0,20,7,3,0,0
186.5625,-1.0,20,10,3,0,0
186.9375,-1.0,20,1,3,0,0
186.9375,-1.0,20,4,3,0,0
186.9375,-1.0,50,7,4,0,0
187.3125,-1.0,50,1,3,0,0
187.3125,-1.0,50,4,3,0,0
187.3125,-1.0,50,7,3,0,0
187.3125,-1.0,50,10,3,0,0
187.6875,-1.0,10,7,3,0,0
187.8750,-1.0,10,1,3,0,0
187.8750,-1.0,10,4,3,0,0
187.8750,-1.0,20,10,3,0,0
188.0625,-1.0,10,4,3,0,0
188.2500,-1.0,20,1,3,0,0
188.2500,-1.0,10,7,3,0,0
188.2500,-1.0,10,10,3,0,0
188.4375,-1.0,10,4,3,0,0
188.5313,-1.0,10,7,3,0,0
188.6250,-1.0,10,1,3,0,0
188.6250,-1.0,10,10,3,0,0
188.7188,-1.0,10,4,3,0,0
188.8125,-1.0,10,7,3,0,0
188.9063,-1.0,10,4,3,0,0
189.0,-1.0,20,10,3,0,0
189.0938,-1.0,20,7,3,0,0
189.1875,-1.0,20,1,3,0,0
189.2813,-1.0,20,4,3,0,0
189.3750,-1.0,20,1,3,0,0
189.3750,-1.0,50,7,3,0,0
189.3750,-1.0,50,10,3,0,0
189.5625,-1.0,10,4,3,0,0
189.7500,-1.0,20,1,3,0,0
189.7500,-1.0,50,7,3,0,0
189.7500,-1.0,50,10,3,0,0
189.9375,-1.0,10,4,3,0,0
190.1250,-1.0,20,1,3,0,0
190.1250,-1.0,50,7,3,0,0
190.1250,-1.0,50,10,3,0,0
190.3125,-1.0,10,4,3,0,0
190.5000,-1.0,50,1,3,0,0
190.5000,-1.0,50,4,3,0,0
190.5000,-1.0,20,10,3,0,0
190.6875,-1.0,10,7,3,0,0
190.8750,-1.0,50,1,3,0,0
190.8750,-1.0,50,4,3,0,0
190.8750,-1.0,20,10,3,0,0
191.0625,-1.0,10,7,3,0,0
191.2500,-1.0,50,1,3,0,0
191.2500,-1.0,50,4,3,0,0
191.2500,-1.0,20,10,3,0,0
191.4375,-1.0,10,7,3,0,0
191.6250,-1.0,50,1,3,0,0
191.6250,-1.0,50,4,3,0,0
191.6250,-1.0,20,10,3,0,0
191.8125,-1.0,10,7,3,0,0
191.9063,-1.0,10,4,3,0,0
192.0,-1.0,20,1,3,0,0
192.0,-1.0,50,7,3,0,0
192.0,-1.0,50,10,3,0,0
192.1875,-1.0,20,4,3,0,0
192.3750,-1.0,20,7,3,0,0
192.5625,-1.0,20,1,3,0,0
192.5625,-1.0,50,7,3,0,0
192.5625,-1.0,50,10,3,0,0
192.9375,-1.0,50,1,3,0,0
192.9375,-1.0,50,4,3,0,0
192.9375,-1.0,20,10,3,0,0
193.3125,-1.0,81,1,3,0,0
193.3125,193.8750,101,1,3,0,0
193.3125,-1.0,50,7,3,0,0
193.3125,-1.0,50,10,3,0,0
193.5000,-1.0,900,1,3,0,0
193.6875,-1.0,900,1,3,0,0
193.6875,-1.0,82,7,3,0,0
193.6875,193.8750,110,7,3,0,0
193.6875,-1.0,82,10,3,0,0
193.6875,193.8750,110,10,3,0,0
194.0625,-1.0,10,7,3,0,0
194.1563,-1.0,10,1,3,0,0
194.1563,-1.0,10,4,3,0,0
194.2500,-1.0,10,7,3,0,0
194.4375,-1.0,10,4,3,0,0
194.5313,-1.0,10,7,3,0,0
194.5313,-1.0,10,10,3,0,0
194.6250,-1.0,10,4,3,0,0
194.7188,-1.0,10,10,3,0,0
194.8125,-1.0,10,7,3,0,0
194.9063,-1.0,10,4,3,0,0
195.0,-1.0,20,1,3,0,0
195.0,-1.0,50,7,3,0,0
195.0,-1.0,50,10,3,0,0
195.1875,-1.0,10,4,3,0,0
195.2813,-1.0,10,7,3,0,0
195.3750,-1.0,50,1,3,0,0
195.3750,-1.0,50,4,3,0,0
195.3750,-1.0,20,10,3,0,0
195.5625,-1.0,10,1,3,0,0
195.5625,-1.0,10,4,3,0,0
195.6563,-1.0,10,7,3,0,0
195.6563,-1.0,10,10,3,0,0
195.7500,-1.0,80,1,3,0,0
195.7500,196.1250,100,1,3,0,0
195.7500,-1.0,80,4,3,0,0
195.7500,196.1250,100,4,3,0,0
195.9375,-1.0,900,1,3,0,0
195.9375,-1.0,900,4,3,0,0
196.0313,-1.0,82,7,4,0,0
196.0313,196.1250,110,7,4,0,0
196.3125,-1.0,10,5,4,0,0
196.5000,-1.0,81,1,3,0,0
196.5000,196.6875,101,1,3,0,0
196.5000,-1.0,81,4,3,0,0
196.5000,196.6875,101,4,3,0,0
196.5000,-1.0,50,7,3,0,0
196.5000,-1.0,50,10,3,0,0
196.6875,-1.0,81,7,3,0,0
196.6875,196.8750,101,7,3,0,0
196.6875,-1.0,81,10,3,0,0
196.6875,196.8750,101,10,3,0,0
196.8750,-1.0,50,1,3,0,0
196.8750,-1.0,50,4,3,0,0
197.0625,-1.0,10,7,2,0,0
197.0625,-1.0,10,10,3,0,0
197.1563,-1.0,10,1,3,0,0
197.1563,-1.0,10,5,2,0,0
197.2500,-1.0,50,6,3,0,0
197.5313,-1.0,20,1,3,0,0
197.5313,-1.0,20,5,2,0,0
197.5313,-1.0,50,8,3,0,0
197.8125,-1.0,20,3,3,0,0
197.8125,-1.0,20,7,2,0,0
197.8125,-1.0,50,10,3,0,0
198.0,-1.0,50,1,3,0,0
198.0,-1.0,50,4,3,0,0
198.0,-1.0,50,7,3,0,0
198.0,-1.0,50,10,3,0,0
198.1875,-1.0,10,7,3,0,0
198.3750,-1.0,10,5,3,0,0
198.5625,-1.0,50,3,4,0,0
198.5625,-1.0,20,7,3,0,0
198.5625,-1.0,20,10,3,0,0
198.9375,-1.0,20,1,3,0,0
198.9375,-1.0,20,4,3,0,0
198.9375,-1.0,50,7,4,0,0
199.3125,-1.0,50,1,3,0,0
199.3125,-1.0,50,4,3,0,0
199.3125,-1.0,50,7,3,0,0
199.3125,-1.0,50,10,3,0,0
199.6875,-1.0,10,4,3,0,0
199.8750,-1.0,20,4,3,0,0
199.8750,-1.0,10,7,3,0,0
199.8750,-1.0,10,10,3,0,0
200.0625,-1.0,10,7,3,0,0
200.2500,-1.0,10,1,3,0,0
200.2500,-1.0,10,4,3,0,0
200.2500,-1.0,20,7,3,0,0
200.4375,-1.0,10,7,3,0,0
200.4375,-1.0,10,10,3,0,0
200.5313,-1.0,10,4,3,0,0
200.6250,-1.0,10,7,3,0,0
200.6250,-1.0,10,10,3,0,0
200.7188,-1.0,10,1,3,0,0
200.8125,-1.0,10,7,3,0,0
200.8125,-1.0,10,10,3,0,0
200.9063,-1.0,10,4,3,0,0
201.0,-1.0,81,7,3,0,0
201.0,201.1875,101,7,3,0,0
201.1875,-1.0,81,4,3,0,0
201.1875,201.3750,101,4,3,0,0
201.3750,-1.0,81,7,3,0,0
201.3750,201.5625,101,7,3,0,0
201.5625,-1.0,81,10,3,0,0
201.5625,201.9375,101,10,3,0,0
201.7500,-1.0,10,1,3,0,0
201.7500,-1.0,900,10,3,0,0
201.8438,-1.0,10,4,3,0,0
201.9375,-1.0,83,7,3,0,0
201.9375,202.1250,110,7,3,0,0
202.1250,-1.0,50,1,3,0,0
202.1250,-1.0,50,4,3,0,0
202.5000,-1.0,81,4,3,0,0
202.5000,202.6875,101,4,3,0,0
202.6875,-1.0,81,7,3,0,0
202.6875,202.8750,101,7,3,0,0
202.8750,-1.0,81,4,3,0,0
202.8750,203.0625,101,4,3,0,0
203.0625,-1.0,81,1,3,0,0
203.0625,203.4375,101,1,3,0,0
203.0625,-1.0,10,10,3,0,0
203.2500,-1.0,900,1,3,0,0
203.2500,-1.0,10,7,3,0,0
203.4375,-1.0,83,4,3,0,0
203.4375,203.6250,110,4,3,0,0
203.6250,-1.0,50,7,3,0,0
203.6250,-1.0,50,10,3,0,0
204.0,-1.0,20,1,3,0,0
204.0,-1.0,20,4,3,0,0
204.0,-1.0,20,7,3,0,0
204.0,-1.0,20,10,3,0,0
204.1875,-1.0,20,1,3,0,0
204.1875,-1.0,20,4,3,0,0
204.1875,-1.0,20,7,3,0,0
204.1875,-1.0,20,10,3,0,0
204.3750,-1.0,20,1,3,0,0
204.3750,-1.0,20,4,3,0,0
204.3750,-1.0,20,7,3,0,0
204.3750,-1.0,20,10,3,0,0
204.5625,-1.0,50,1,3,0,0
204.5625,-1.0,50,4,3,0,0
204.5625,-1.0,50,7,3,0,0
204.5625,-1.0,50,10,3,0,0
204.9375,-1.0,20,3,3,0,0
204.9375,-1.0,20,6,3,0,0
204.9375,-1.0,50,10,3,0,0
205.3125,-1.0,50,1,3,0,0
205.3125,-1.0,81,5,3,0,0
205.3125,205.6875,101,5,3,0,0
205.3125,-1.0,81,8,3,0,0
205.3125,205.6875,101,8,3,0,0
205.5000,-1.0,900,5,3,0,0
205.5000,-1.0,900,8,3,0,0
205.6875,-1.0,10,2,3,0,0
205.7813,-1.0,10,5,3,0,0
205.8750,-1.0,10,3,3,0,0
205.9688,-1.0,10,6,3,0,0
206.0625,-1.0,10,4,3,0,0
206.1563,-1.0,10,7,3,0,0
206.2500,-1.0,82,11,2,0,0
206.2500,206.3125,110,11,2,JumpScratch,-4
206.3125,206.3750,110,9,2,JumpScratch,-4
206.3750,206.4375,110,7,2,JumpScratch,-4
206.4375,206.5000,110,5,2,JumpScratch,-4
206.5000,206.5625,110,3,2,JumpScratch,-4
206.5625,206.6250,110,1,2,JumpScratch,12
207.0,-1.0,10,4,3,0,0
207.1875,-1.0,10,3,3,0,0
207.3750,-1.0,50,1,4,0,0
207.3750,-1.0,10,7,3,0,0
207.3750,-1.0,10,10,3,0,0
207.5625,-1.0,10,3,3,0,0
207.7500,-1.0,81,4,3,0,0
207.7500,208.5000,101,4,3,0,0
207.7500,-1.0,10,7,3,0,0
207.9375,-1.0,900,4,3,0,0
207.9375,-1.0,10,8,3,0,0
208.1250,-1.0,10,1,3,0,0
208.1250,-1.0,900,4,3,0,0
208.1250,-1.0,30,4,3,0,0
208.1250,-1.0,50,9,4,0,0
208.3125,-1.0,900,4,3,0,0
208.3125,-1.0,10,8,3,0,0
208.5000,-1.0,10,1,3,0,0
208.5000,-1.0,81,7,3,0,0
208.5000,209.2500,101,7,3,0,0
208.6875,-1.0,10,3,3,0,0
208.6875,-1.0,900,7,3,0,0
208.8750,-1.0,50,1,4,0,0
208.8750,-1.0,900,7,3,0,0
208.8750,-1.0,30,7,3,0,0
208.8750,-1.0,10,10,3,0,0
209.0625,-1.0,10,3,3,0,0
209.0625,-1.0,900,7,3,0,0
209.2500,-1.0,81,1,3,0,0
209.2500,210.0,101,1,3,0,0
209.2500,-1.0,10,4,3,0,0
209.4375,-1.0,900,1,3,0,0
209.4375,-1.0,10,8,3,0,0
209.6250,-1.0,900,1,3,0,0
209.6250,-1.0,30,1,3,0,0
209.6250,-1.0,10,4,3,0,0
209.6250,-1.0,50,9,4,0,0
209.8125,-1.0,900,1,3,0,0
209.8125,-1.0,10,8,3,0,0
210.0,-1.0,10,7,3,0,0
210.0,-1.0,83,10,3,0,0
210.0,210.7500,110,10,3,0,0
210.1875,-1.0,10,3,3,0,0
210.1875,-1.0,900,10,3,0,0
210.3750,-1.0,50,1,4,0,0
210.3750,-1.0,10,7,3,0,0
210.3750,-1.0,900,10,3,0,0
210.3750,-1.0,31,10,3,0,0
210.5625,-1.0,10,3,3,0,0
210.5625,-1.0,900,10,3,0,0
210.7500,-1.0,83,4,3,0,0
210.7500,211.1250,110,4,3,0,0
210.9375,-1.0,10,1,3,0,0
210.9375,-1.0,900,4,3,0,0
210.9375,-1.0,31,4,3,0,0
210.9375,-1.0,10,7,3,0,0
211.1250,-1.0,83,7,3,0,0
211.1250,211.5000,110,7,3,0,0
211.3125,-1.0,10,4,3,0,0
211.3125,-1.0,900,7,3,0,0
211.3125,-1.0,31,7,3,0,0
211.3125,-1.0,10,10,3,0,0
211.5000,-1.0,83,4,3,0,0
211.5000,211.6875,110,4,3,JumpScratch,-6
211.6875,212.6250,110,1,3,0,0
211.6875,-1.0,10,7,3,0,0
211.8750,-1.0,900,1,3,0,0
211.8750,-1.0,40,1,3,0,0
211.8750,-1.0,50,6,3,0,0
211.8750,-1.0,50,10,3,0,0
212.0625,-1.0,900,1,3,0,0
212.0625,-1.0,10,6,3,0,0
212.2500,-1.0,900,1,3,0,0
212.2500,-1.0,40,1,3,0,0
212.2500,-1.0,50,5,3,0,0
212.2500,-1.0,50,9,3,0,0
212.4375,-1.0,900,1,3,0,0
212.4375,-1.0,10,5,3,0,0
212.6250,-1.0,50,4,3,0,0
212.6250,-1.0,50,8,3,0,0
213.0,-1.0,10,2,3,0,0
213.0,-1.0,82,7,3,0,0
213.0,213.3750,110,7,3,JumpScratch,5
213.1875,-1.0,10,3,3,0,0
213.1875,-1.0,900,7,3,0,0
213.3750,-1.0,20,1,3,0,0
213.3750,-1.0,10,4,3,0,0
213.5625,-1.0,10,5,4,0,0
213.7500,-1.0,82,4,3,0,0
213.7500,214.1250,110,4,3,JumpScratch,-5
213.7500,-1.0,10,9,3,0,0
213.9375,-1.0,900,4,3,0,0
213.9375,-1.0,10,8,3,0,0
214.1250,-1.0,10,7,3,0,0
214.1250,-1.0,20,10,3,0,0
214.3125,-1.0,10,5,4,0,0
214.5000,-1.0,10,3,3,0,0
214.5000,-1.0,82,7,3,0,0
214.5000,214.8750,110,7,3,JumpScratch,5
214.6875,-1.0,10,2,3,0,0
214.6875,-1.0,900,7,3,0,0
214.8750,-1.0,10,1,3,0,0
214.8750,-1.0,20,4,3,0,0
215.0625,-1.0,10,5,4,0,0
215.2500,-1.0,82,4,3,0,0
215.2500,215.6250,110,4,3,JumpScratch,-5
215.2500,-1.0,10,8,3,0,0
215.4375,-1.0,900,4,3,0,0
215.4375,-1.0,10,9,3,0,0
215.6250,-1.0,20,7,3,0,0
215.6250,-1.0,10,10,3,0,0
215.8125,-1.0,10,5,4,0,0
216.0,-1.0,10,2,3,0,0
216.0,-1.0,82,7,3,0,0
216.0,216.3750,110,7,3,JumpScratch,5
216.1875,-1.0,10,3,3,0,0
216.1875,-1.0,900,7,3,0,0
216.3750,-1.0,20,1,3,0,0
216.3750,-1.0,10,4,3,0,0
216.5625,-1.0,10,5,4,0,0
216.7500,-1.0,82,4,3,0,0
216.7500,217.1250,110,4,3,JumpScratch,-5
216.7500,-1.0,10,9,3,0,0
216.9375,-1.0,900,4,3,0,0
216.9375,-1.0,10,8,3,0,0
217.1250,-1.0,10,7,3,0,0
217.1250,-1.0,20,10,3,0,0
217.3125,-1.0,10,5,4,0,0
217.5000,-1.0,50,7,3,0,0
217.5000,-1.0,50,10,3,0,0
217.6875,-1.0,10,4,3,0,0
217.8750,-1.0,50,1,3,0,0
217.8750,-1.0,50,4,3,0,0
218.0625,-1.0,10,7,3,0,0
218.2500,-1.0,50,1,3,0,0
218.2500,-1.0,50,4,3,0,0
218.2500,-1.0,50,7,3,0,0
218.2500,-1.0,50,10,3,0,0
218.4375,-1.0,10,7,3,0,0
218.5313,-1.0,10,4,3,0,0
218.6250,-1.0,10,7,3,0,0
218.7188,-1.0,10,4,3,0,0
218.8125,-1.0,10,7,3,0,0
218.9063,-1.0,10,4,3,0,0
219.0,-1.0,10,1,3,0,0
219.0,-1.0,50,10,3,0,0
219.1875,-1.0,10,7,3,0,0
219.3750,-1.0,10,1,3,0,0
219.3750,-1.0,10,4,3,0,0
219.3750,-1.0,50,10,3,0,0
219.5625,-1.0,10,7,3,0,0
219.7500,-1.0,10,1,3,0,0
219.7500,-1.0,81,4,3,0,0
219.7500,220.1250,101,4,3,0,0
219.7500,-1.0,50,10,3,0,0
219.9375,-1.0,900,4,3,0,0
219.9375,-1.0,10,7,3,0,0
220.1250,-1.0,10,1,3,0,0
220.1250,-1.0,50,10,3,0,0
220.3125,-1.0,10,7,3,0,0
220.5000,-1.0,50,1,3,0,0
220.5000,-1.0,81,7,3,0,0
220.5000,220.8750,101,7,3,0,0
220.5000,-1.0,10,10,3,0,0
220.6875,-1.0,10,4,3,0,0
220.6875,-1.0,900,7,3,0,0
220.8750,-1.0,50,1,3,0,0
220.8750,-1.0,10,10,3,0,0
221.0625,-1.0,10,4,3,0,0
221.2500,-1.0,50,1,3,0,0
221.2500,-1.0,10,7,3,0,0
221.2500,-1.0,81,10,3,0,0
221.2500,221.6250,101,10,3,0,0
221.4375,-1.0,10,4,3,0,0
221.4375,-1.0,900,10,3,0,0
221.6250,-1.0,50,1,3,0,0
221.6250,-1.0,10,7,3,0,0
221.8125,-1.0,10,4,3,0,0
222.0,-1.0,10,1,3,0,0
222.0,-1.0,81,4,3,0,0
222.0,222.3750,101,4,3,0,0
222.0,-1.0,50,10,3,0,0
222.1875,-1.0,900,4,3,0,0
222.1875,-1.0,10,7,3,0,0
222.3750,-1.0,10,1,3,0,0
222.3750,-1.0,50,10,3,0,0
222.5625,-1.0,10,7,3,0,0
222.7500,-1.0,50,1,3,0,0
222.7500,-1.0,81,7,3,0,0
222.7500,223.1250,101,7,3,0,0
222.7500,-1.0,10,10,3,0,0
222.9375,-1.0,10,4,3,0,0
222.9375,-1.0,900,7,3,0,0
223.1250,-1.0,50,1,3,0,0
223.1250,-1.0,10,10,3,0,0
223.3125,-1.0,10,4,3,0,0
223.5000,-1.0,81,1,3,0,0
223.5000,224.6250,101,1,3,0,0
223.5000,-1.0,10,4,3,0,0
223.5000,-1.0,50,10,3,0,0
223.6875,-1.0,900,1,3,0,0
223.6875,-1.0,10,7,3,0,0
223.8750,-1.0,900,1,3,0,0
223.8750,-1.0,10,4,3,0,0
223.8750,-1.0,50,10,3,0,0
224.0625,-1.0,900,1,3,0,0
224.0625,-1.0,10,7,3,0,0
224.2500,-1.0,900,1,3,0,0
224.2500,-1.0,50,7,3,0,0
224.2500,-1.0,50,10,3,0,0
224.3438,-1.0,10,4,3,0,0
224.4375,-1.0,900,1,3,0,0
224.4375,-1.0,10,7,3,0,0
224.5313,-1.0,10,4,3,0,0
224.6250,-1.0,50,7,3,0,0
224.6250,-1.0,50,10,3,0,0
225.0,-1.0,10,1,3,0,0
225.0,-1.0,10,4,3,0,0
225.0938,-1.0,10,7,3,0,0
225.0938,-1.0,10,10,3,0,0
225.1875,-1.0,10,1,3,0,0
225.1875,-1.0,10,4,3,0,0
225.2813,-1.0,10,7,3,0,0
225.2813,-1.0,10,10,3,0,0
225.3750,-1.0,50,4,3,0,0
225.3750,-1.0,50,7,3,0,0
225.7500,-1.0,10,1,3,0,0
225.7500,-1.0,80,10,3,0,0
225.7500,226.5000,100,10,3,0,0
225.9375,-1.0,10,3,3,0,0
225.9375,-1.0,900,10,3,0,0
226.1250,-1.0,10,1,3,0,0
226.1250,-1.0,10,7,3,0,0
226.1250,-1.0,900,10,3,0,0
226.3125,-1.0,10,3,3,0,0
226.3125,-1.0,900,10,3,0,0
226.5000,-1.0,80,4,3,0,0
226.5000,227.2500,100,4,3,0,0
226.5000,-1.0,10,7,3,0,0
226.6875,-1.0,900,4,3,0,0
226.6875,-1.0,10,8,3,0,0
226.8750,-1.0,10,1,3,0,0
226.8750,-1.0,900,4,3,0,0
226.8750,-1.0,10,10,3,0,0
227.0625,-1.0,900,4,3,0,0
227.0625,-1.0,10,8,3,0,0
227.2500,-1.0,10,1,3,0,0
227.2500,-1.0,80,7,3,0,0
227.2500,227.6250,100,7,3,0,0
227.4375,-1.0,10,3,3,0,0
227.4375,-1.0,900,7,3,0,0
227.6250,-1.0,10,1,3,0,0
227.6250,-1.0,10,10,3,0,0
227.8125,-1.0,10,3,3,0,0
228.0,-1.0,10,7,3,0,0
228.0,-1.0,10,10,3,0,0
228.1875,-1.0,10,4,3,0,0
228.1875,-1.0,10,7,3,0,0
228.3750,-1.0,10,1,3,0,0
228.3750,-1.0,10,4,3,0,0
228.5625,-1.0,20,4,3,0,0
228.5625,-1.0,50,7,3,0,0
228.5625,-1.0,50,10,3,0,0
228.9375,-1.0,50,1,3,0,0
228.9375,-1.0,50,4,3,0,0
228.9375,-1.0,20,7,4,0,0
229.1250,-1.0,10,5,4,0,0
229.3125,-1.0,20,3,4,0,0
229.3125,-1.0,50,7,3,0,0
229.3125,-1.0,50,10,3,0,0
229.6875,-1.0,10,4,3,0,0
229.6875,-1.0,10,7,3,0,0
229.8750,-1.0,10,4,3,0,0
229.8750,-1.0,10,7,3,0,0
230.0625,-1.0,10,4,3,0,0
230.0625,-1.0,10,7,3,0,0
230.2500,-1.0,50,4,3,0,0
230.2500,-1.0,50,7,3,0,0
230.4375,-1.0,10,4,3,0,0
230.5313,-1.0,10,7,3,0,0
230.6250,-1.0,10,1,3,0,0
230.6250,-1.0,10,4,3,0,0
230.7188,-1.0,10,7,3,0,0
230.7188,-1.0,10,10,3,0,0
230.8125,-1.0,10,1,3,0,0
230.8125,-1.0,10,4,3,0,0
230.9063,-1.0,10,7,3,0,0
230.9063,-1.0,10,10,3,0,0
231.0,-1.0,10,5,2,0,0
231.1875,-1.0,10,8,2,0,0
231.3750,-1.0,10,2,2,0,0
231.3750,-1.0,10,5,2,0,0
231.3750,-1.0,10,11,2,0,0
231.5625,-1.0,10,8,2,0,0
231.7500,-1.0,10,2,2,0,0
231.7500,-1.0,10,5,2,0,0
231.7500,-1.0,10,11,2,0,0
231.9375,-1.0,10,6,2,0,0
232.1250,-1.0,10,1,2,0,0
232.1250,-1.0,10,7,2,0,0
232.1250,-1.0,10,10,2,0,0
232.3125,-1.0,10,4,3,0,0
232.4063,-1.0,10,7,3,0,0
232.5000,-1.0,10,4,3,0,0
232.6875,-1.0,10,6,2,0,0
232.8750,-1.0,10,1,2,0,0
232.8750,-1.0,10,7,2,0,0
232.8750,-1.0,10,10,2,0,0
233.0625,-1.0,10,6,2,0,0
233.2500,-1.0,10,2,2,0,0
233.2500,-1.0,10,5,2,0,0
233.3438,-1.0,10,10,2,0,0
233.4375,-1.0,10,7,2,0,0
233.5313,-1.0,10,4,2,0,0
233.6250,-1.0,10,1,2,0,0
233.6250,-1.0,10,7,2,0,0
233.6250,-1.0,10,10,2,0,0
233.8125,-1.0,10,5,2,0,0
234.0,-1.0,10,7,2,0,0
234.1875,-1.0,10,4,2,0,0
234.3750,-1.0,10,1,2,0,0
234.3750,-1.0,10,7,2,0,0
234.3750,-1.0,10,10,2,0,0
234.5625,-1.0,10,4,2,0,0
234.7500,-1.0,10,1,2,0,0
234.7500,-1.0,10,7,2,0,0
234.7500,-1.0,10,10,2,0,0
234.9375,-1.0,10,6,2,0,0
235.1250,-1.0,10,2,2,0,0
235.1250,-1.0,10,5,2,0,0
235.1250,-1.0,10,11,2,0,0
235.3125,-1.0,10,7,3,0,0
235.4063,-1.0,10,4,3,0,0
235.5000,-1.0,10,7,3,0,0
235.6875,-1.0,10,6,2,0,0
235.8750,-1.0,10,1,2,0,0
235.8750,-1.0,10,7,2,0,0
235.8750,-1.0,10,10,2,0,0
236.0625,-1.0,10,6,2,0,0
236.2500,-1.0,10,2,2,0,0
236.2500,-1.0,10,5,2,0,0
236.3438,-1.0,10,10,2,0,0
236.4375,-1.0,10,7,2,0,0
236.5313,-1.0,10,4,2,0,0
236.6250,-1.0,10,1,2,0,0
236.6250,-1.0,10,7,2,0,0
236.6250,-1.0,10,10,2,0,0
236.8125,-1.0,10,3,2,0,0
237.0,-1.0,10,5,2,0,0
237.1875,-1.0,10,8,2,0,0
237.3750,-1.0,10,1,2,0,0
237.3750,-1.0,10,4,2,0,0
237.3750,-1.0,10,11,2,0,0
237.5625,-1.0,10,8,2,0,0
237.7500,-1.0,10,1,2,0,0
237.7500,-1.0,10,4,2,0,0
237.7500,-1.0,10,11,2,0,0
237.9375,-1.0,10,6,2,0,0
238.1250,-1.0,10,1,2,0,0
238.1250,-1.0,10,8,2,0,0
238.1250,-1.0,10,11,2,0,0
238.3125,-1.0,10,4,3,0,0
238.4063,-1.0,10,7,3,0,0
238.5000,-1.0,10,4,3,0,0
238.6875,-1.0,10,6,2,0,0
238.8750,-1.0,10,1,2,0,0
238.8750,-1.0,10,8,2,0,0
238.8750,-1.0,10,11,2,0,0
239.0625,-1.0,10,6,2,0,0
239.2500,-1.0,10,1,2,0,0
239.2500,-1.0,10,4,2,0,0
239.3438,-1.0,10,10,2,0,0
239.4375,-1.0,10,7,2,0,0
239.5313,-1.0,10,4,2,0,0
239.6250,-1.0,10,1,2,0,0
239.6250,-1.0,10,8,2,0,0
239.6250,-1.0,10,11,2,0,0
239.8125,-1.0,10,4,2,0,0
240.0,-1.0,80,6,2,0,0
240.0,241.5000,100,6,2,0,0
240.0,-1.0,80,11,2,0,0
240.0,240.3750,100,11,2,0,0
240.1875,-1.0,900,6,2,0,0
240.1875,-1.0,900,11,2,0,0
240.3750,-1.0,900,6,2,0,0
240.5625,-1.0,900,6,2,0,0
240.7500,-1.0,80,1,2,0,0
240.7500,241.1250,100,1,2,0,0
240.7500,-1.0,900,6,2,0,0
240.9375,-1.0,900,1,2,0,0
240.9375,-1.0,900,6,2,0,0
241.1250,-1.0,900,6,2,0,0
241.3125,-1.0,900,6,2,0,0
242.1094,-1.0,10,2,2,0,0
242.1563,-1.0,10,5,2,0,0
242.2031,-1.0,10,8,2,0,0
242.2500,-1.0,80,11,2,0,0
242.2500,246.7500,100,11,2,0,0
242.4375,-1.0,900,11,2,0,0
242.6250,-1.0,900,11,2,0,0
242.8125,-1.0,900,11,2,0,0
243.0,-1.0,900,11,2,0,0
243.1875,-1.0,900,11,2,0,0
243.3750,-1.0,900,11,2,0,0
243.5625,-1.0,10,8,2,0,0
243.5625,-1.0,900,11,2,0,0
243.6250,-1.0,10,4,2,0,0
243.6875,-1.0,10,7,2,0,0
243.7500,-1.0,80,3,2,0,0
243.7500,246.7500,100,3,2,0,0
243.7500,-1.0,900,11,2,0,0
243.9375,-1.0,900,3,2,0,0
243.9375,-1.0,900,11,2,0,0
244.1250,-1.0,900,3,2,0,0
244.1250,-1.0,900,11,2,0,0
244.3125,-1.0,900,3,2,0,0
244.3125,-1.0,900,11,2,0,0
244.5000,-1.0,900,3,2,0,0
244.5000,-1.0,900,11,2,0,0
244.6875,-1.0,900,3,2,0,0
244.6875,-1.0,900,11,2,0,0
244.8750,-1.0,900,3,2,0,0
244.8750,-1.0,900,11,2,0,0
245.0625,-1.0,900,3,2,0,0
245.0625,-1.0,900,11,2,0,0
245.2500,-1.0,900,3,2,0,0
245.2500,-1.0,900,11,2,0,0
245.4375,-1.0,900,3,2,0,0
245.4375,-1.0,900,11,2,0,0
245.6250,-1.0,900,3,2,0,0
245.6250,-1.0,900,11,2,0,0
245.8125,-1.0,900,3,2,0,0
245.8125,-1.0,900,11,2,0,0
246.0,-1.0,900,3,2,0,0
246.0,-1.0,900,11,2,0,0
246.1875,-1.0,900,3,2,0,0
246.1875,-1.0,900,11,2,0,0
246.3750,-1.0,900,3,2,0,0
246.3750,-1.0,900,11,2,0,0
246.5625,-1.0,900,3,2,0,0
246.5625,-1.0,900,11,2,0,0