0.0,-1.0,80,9,4,0,0
0.0,0.3529,100,9,4,0,0
15.1765,26.8235,0,0,0,13,2
0.1765,-1.0,900,9,4,0,0
103.4118,108.7059,0,0,0,14,2
0.3529,-1.0,10,1,4,0,0
0.7059,-1.0,10,9,4,0,0
1.0588,-1.0,10,1,4,0,0
1.4118,-1.0,10,7,4,0,0
1.7647,-1.0,10,1,4,0,0
2.1176,-1.0,80,9,4,0,0
2.1176,2.4706,100,9,4,0,0
2.2941,-1.0,900,9,4,0,0
2.8235,-1.0,80,1,4,0,0
2.8235,3.1765,100,1,4,0,0
3.0,-1.0,900,1,4,0,0
3.5294,-1.0,10,5,4,0,0
3.8824,-1.0,10,9,4,0,0
4.2353,-1.0,10,1,4,0,0
4.5882,-1.0,80,1,4,0,0
4.5882,4.9412,100,1,4,0,0
4.5882,-1.0,80,9,4,0,0
4.5882,4.9412,100,9,4,0,0
4.7647,-1.0,900,1,4,0,0
4.7647,-1.0,900,9,4,0,0
5.2941,-1.0,10,7,5,0,0
5.6471,-1.0,10,2,5,0,0
6.0,-1.0,10,1,4,0,0
6.3529,-1.0,10,9,4,0,0
6.7059,-1.0,10,1,4,0,0
7.0588,-1.0,10,7,4,0,0
7.4118,-1.0,10,1,4,0,0
7.7647,-1.0,80,9,4,0,0
7.7647,8.1176,100,9,4,0,0
7.9412,-1.0,900,9,4,0,0
8.4706,-1.0,80,1,4,0,0
8.4706,8.8235,100,1,4,0,0
8.6471,-1.0,900,1,4,0,0
9.1765,-1.0,20,2,4,0,0
9.1765,-1.0,20,8,4,0,0
9.5294,-1.0,20,2,4,0,0
9.5294,-1.0,20,8,4,0,0
9.8824,-1.0,20,1,5,0,0
9.8824,-1.0,20,8,5,0,0
10.2353,-1.0,81,1,4,0,0
10.2353,11.2941,101,1,4,0,0
10.2353,-1.0,81,9,4,0,0
10.2353,11.2941,101,9,4,0,0
10.4118,-1.0,900,1,4,0,0
10.4118,-1.0,900,9,4,0,0
10.5882,-1.0,900,1,4,0,0
10.5882,-1.0,30,1,4,0,0
10.5882,-1.0,900,9,4,0,0
10.5882,-1.0,30,9,4,0,0
10.7647,-1.0,900,1,4,0,0
10.7647,-1.0,900,9,4,0,0
10.9412,-1.0,900,1,4,0,0
10.9412,-1.0,30,1,4,0,0
10.9412,-1.0,900,9,4,0,0
10.9412,-1.0,30,9,4,0,0
11.1176,-1.0,900,1,4,0,0
11.1176,-1.0,900,9,4,0,0
11.6471,-1.0,81,1,5,0,0
11.6471,12.7059,101,1,5,0,0
11.6471,-1.0,81,8,5,0,0
11.6471,12.7059,101,8,5,0,0
11.8235,-1.0,900,1,5,0,0
11.8235,-1.0,900,8,5,0,0
12.0,-1.0,900,1,5,0,0
12.0,-1.0,30,1,5,0,0
12.0,-1.0,900,8,5,0,0
12.0,-1.0,30,8,5,0,0
12.1765,-1.0,900,1,5,0,0
12.1765,-1.0,900,8,5,0,0
12.3529,-1.0,900,1,5,0,0
12.3529,-1.0,30,1,5,0,0
12.3529,-1.0,900,8,5,0,0
12.3529,-1.0,30,8,5,0,0
12.5294,-1.0,900,1,5,0,0
12.5294,-1.0,900,8,5,0,0
13.0588,-1.0,80,2,5,0,0
13.0588,13.4118,100,2,5,0,0
13.2353,-1.0,900,2,5,0,0
13.2353,-1.0,30,2,5,0,0
13.4118,-1.0,80,7,5,0,0
13.4118,13.7647,100,7,5,0,0
13.5882,-1.0,900,7,5,0,0
13.5882,-1.0,30,7,5,0,0
13.7647,-1.0,80,1,6,0,0
13.7647,14.4706,100,1,6,0,0
13.8529,-1.0,30,1,6,0,0
13.9412,-1.0,900,1,6,0,0
13.9412,-1.0,30,1,6,0,0
14.0294,-1.0,30,1,6,0,0
14.1176,-1.0,900,1,6,0,0
14.1176,-1.0,30,1,6,0,0
14.2059,-1.0,30,1,6,0,0
14.2941,-1.0,900,1,6,0,0
14.2941,-1.0,30,1,6,0,0
14.3824,-1.0,30,1,6,0,0
14.4706,-1.0,20,7,6,0,0
15.8824,-1.0,10,9,4,0,0
16.2353,-1.0,10,1,4,0,0
16.5882,-1.0,10,1,4,0,0
16.5882,-1.0,10,9,4,0,0
17.2941,-1.0,10,9,4,0,0
17.6471,-1.0,10,5,4,0,0
18.0,-1.0,10,1,4,0,0
18.0,-1.0,10,9,4,0,0
18.7059,-1.0,10,9,4,0,0
19.0588,-1.0,10,1,4,0,0
19.4118,-1.0,10,1,4,0,0
19.4118,-1.0,10,9,4,0,0
20.1176,-1.0,10,9,4,0,0
20.4706,-1.0,10,5,4,0,0
20.8235,-1.0,10,9,4,0,0
21.0,-1.0,20,1,4,0,0
21.1765,-1.0,20,9,4,0,0
21.5294,-1.0,10,1,4,0,0
21.8824,-1.0,10,9,4,0,0
22.2353,-1.0,10,1,4,0,0
22.2353,-1.0,10,9,4,0,0
22.9412,-1.0,10,1,4,0,0
23.2941,-1.0,10,5,4,0,0
23.6471,-1.0,10,1,4,0,0
23.6471,-1.0,10,9,4,0,0
24.3529,-1.0,10,1,4,0,0
24.7059,-1.0,10,9,4,0,0
25.0588,-1.0,10,1,4,0,0
25.4118,-1.0,10,5,4,0,0
25.7647,-1.0,10,1,4,0,0
25.7647,-1.0,10,9,4,0,0
26.1176,-1.0,10,1,4,0,0
26.1176,-1.0,10,9,4,0,0
26.4706,-1.0,10,9,4,0,0
26.6471,-1.0,20,1,4,0,0
26.8235,-1.0,20,9,4,0,0
27.1765,-1.0,10,1,4,0,0
27.5294,-1.0,10,9,4,0,0
27.8824,-1.0,10,1,4,0,0
28.2353,-1.0,10,7,4,0,0
28.4118,-1.0,10,3,4,0,0
28.5882,-1.0,10,7,4,0,0
28.9412,-1.0,80,1,4,0,0
28.9412,29.2941,100,1,4,0,0
29.1176,-1.0,900,1,4,0,0
29.6471,-1.0,80,9,4,0,0
29.6471,30.0,100,9,4,0,0
29.8235,-1.0,900,9,4,0,0
30.3529,-1.0,10,3,4,0,0
30.7059,-1.0,10,7,4,0,0
31.0588,-1.0,10,7,4,0,0
31.4118,-1.0,80,1,4,0,0
31.4118,31.7647,100,1,4,0,0
31.4118,-1.0,80,9,4,0,0
31.4118,31.7647,100,9,4,0,0
31.5882,-1.0,900,1,4,0,0
31.5882,-1.0,900,9,4,0,0
32.1176,-1.0,10,7,3,0,0
32.2941,-1.0,10,3,3,0,0
32.4706,-1.0,10,7,3,0,0
32.8235,-1.0,10,9,4,0,0
33.1765,-1.0,10,1,4,0,0
33.5294,-1.0,10,9,4,0,0
33.8824,-1.0,10,7,4,0,0
34.0588,-1.0,10,3,4,0,0
34.2353,-1.0,10,7,4,0,0
34.5882,-1.0,80,1,4,0,0
34.5882,34.9412,100,1,4,0,0
34.7647,-1.0,900,1,4,0,0
35.2941,-1.0,80,9,4,0,0
35.2941,35.6471,100,9,4,0,0
35.4706,-1.0,900,9,4,0,0
36.0,-1.0,10,3,4,0,0
36.3529,-1.0,10,7,4,0,0
36.5294,-1.0,10,3,4,0,0
36.7059,-1.0,10,7,4,0,0
37.0588,-1.0,80,1,4,0,0
37.0588,37.4118,100,1,4,0,0
37.0588,-1.0,80,9,4,0,0
37.0588,37.4118,100,9,4,0,0
37.2353,-1.0,900,1,4,0,0
37.2353,-1.0,900,9,4,0,0
37.7647,-1.0,20,2,4,0,0
37.7647,-1.0,20,8,4,0,0
38.1176,-1.0,20,2,4,0,0
38.1176,-1.0,20,8,4,0,0
38.4706,-1.0,10,1,5,0,0
38.4706,-1.0,80,8,5,0,0
38.4706,39.7059,100,8,5,0,0
38.6471,-1.0,900,8,5,0,0
38.6471,-1.0,30,8,5,0,0
38.8235,-1.0,10,1,5,0,0
38.8235,-1.0,900,8,5,0,0
39.0,-1.0,900,8,5,0,0
39.0,-1.0,30,8,5,0,0
39.1765,-1.0,10,1,5,0,0
39.1765,-1.0,900,8,5,0,0
39.3529,-1.0,900,8,5,0,0
39.3529,-1.0,30,8,5,0,0
39.5294,-1.0,10,1,5,0,0
39.5294,-1.0,900,8,5,0,0
40.2353,-1.0,10,2,4,0,0
40.2353,-1.0,10,8,4,0,0
40.5882,-1.0,10,2,4,0,0
40.5882,-1.0,10,8,4,0,0
41.2941,-1.0,80,1,5,0,0
41.2941,42.5294,100,1,5,0,0
41.2941,-1.0,10,8,5,0,0
41.4706,-1.0,900,1,5,0,0
41.4706,-1.0,30,1,5,0,0
41.6471,-1.0,900,1,5,0,0
41.6471,-1.0,10,8,5,0,0
41.8235,-1.0,900,1,5,0,0
41.8235,-1.0,30,1,5,0,0
42.0,-1.0,900,1,5,0,0
42.0,-1.0,10,8,5,0,0
42.1765,-1.0,900,1,5,0,0
42.1765,-1.0,30,1,5,0,0
42.3529,-1.0,900,1,5,0,0
42.3529,-1.0,10,8,5,0,0
43.0588,-1.0,10,2,4,0,0
43.0588,-1.0,10,8,4,0,0
43.4118,-1.0,10,3,4,0,0
43.5882,-1.0,20,7,4,0,0
43.7647,-1.0,20,3,4,0,0
44.1176,-1.0,10,3,5,0,0
44.1176,-1.0,80,8,5,0,0
44.1176,45.3529,100,8,5,0,0
44.2941,-1.0,900,8,5,0,0
44.2941,-1.0,30,8,5,0,0
44.4706,-1.0,10,3,5,0,0
44.4706,-1.0,900,8,5,0,0
44.6471,-1.0,900,8,5,0,0
44.6471,-1.0,30,8,5,0,0
44.8235,-1.0,10,3,5,0,0
44.8235,-1.0,900,8,5,0,0
45.0,-1.0,900,8,5,0,0
45.0,-1.0,30,8,5,0,0
45.1765,-1.0,10,3,5,0,0
45.1765,-1.0,900,8,5,0,0
45.8824,-1.0,10,2,4,0,0
45.8824,-1.0,10,8,4,0,0
46.2353,-1.0,10,2,4,0,0
46.2353,-1.0,10,8,4,0,0
46.9412,-1.0,80,1,5,0,0
46.9412,48.1765,100,1,5,0,0
46.9412,-1.0,10,6,5,0,0
47.1176,-1.0,900,1,5,0,0
47.1176,-1.0,30,1,5,0,0
47.2941,-1.0,900,1,5,0,0
47.2941,-1.0,10,6,5,0,0
47.4706,-1.0,900,1,5,0,0
47.4706,-1.0,30,1,5,0,0
47.6471,-1.0,900,1,5,0,0
47.6471,-1.0,10,6,5,0,0
47.8235,-1.0,900,1,5,0,0
47.8235,-1.0,30,1,5,0,0
48.0,-1.0,900,1,5,0,0
48.0,-1.0,10,6,5,0,0
48.3529,-1.0,10,7,5,0,0
48.7059,-1.0,20,1,5,0,0
48.7059,-1.0,20,8,5,0,0
49.0588,-1.0,20,1,5,0,0
49.0588,-1.0,20,8,5,0,0
49.7647,-1.0,10,1,4,0,0
49.7647,-1.0,10,9,4,0,0
50.1176,-1.0,10,2,4,0,0
50.1176,-1.0,10,8,4,0,0
50.4706,-1.0,80,1,4,0,0
50.4706,51.1765,100,1,4,0,0
50.4706,-1.0,80,9,4,0,0
50.4706,51.1765,100,9,4,0,0
50.6471,-1.0,900,1,4,0,0
50.6471,-1.0,30,1,4,0,0
50.6471,-1.0,900,9,4,0,0
50.7353,-1.0,30,9,4,0,0
50.8235,-1.0,900,1,4,0,0
50.8235,-1.0,30,1,4,0,0
50.8235,-1.0,900,9,4,0,0
51.0,-1.0,900,1,4,0,0
51.0,-1.0,30,1,4,0,0
51.0,-1.0,900,9,4,0,0
51.0,-1.0,30,9,4,0,0
51.5294,-1.0,80,1,5,0,0
51.5294,51.8824,100,1,5,0,0
51.7059,-1.0,900,1,5,0,0
52.2353,-1.0,80,8,5,0,0
52.2353,52.5882,100,8,5,0,0
52.4118,-1.0,900,8,5,0,0
52.9412,-1.0,10,3,4,0,0
53.2941,-1.0,10,7,4,0,0
53.6471,-1.0,10,3,4,0,0
53.8235,-1.0,10,7,4,0,0
54.3529,-1.0,20,1,5,0,0
54.3529,-1.0,20,8,5,0,0
54.7059,-1.0,20,1,5,0,0
54.7059,-1.0,20,8,5,0,0
55.4118,-1.0,10,1,4,0,0
55.4118,-1.0,10,9,4,0,0
55.7647,-1.0,10,2,4,0,0
55.7647,-1.0,10,8,4,0,0
56.1176,-1.0,80,1,4,0,0
56.1176,56.8235,100,1,4,0,0
56.1176,-1.0,80,9,4,0,0
56.1176,56.8235,100,9,4,0,0
56.2941,-1.0,900,1,4,0,0
56.2941,-1.0,900,9,4,0,0
56.2941,-1.0,30,9,4,0,0
56.3824,-1.0,30,1,4,0,0
56.4706,-1.0,900,1,4,0,0
56.4706,-1.0,900,9,4,0,0
56.4706,-1.0,30,9,4,0,0
56.6471,-1.0,900,1,4,0,0
56.6471,-1.0,30,1,4,0,0
56.6471,-1.0,900,9,4,0,0
56.6471,-1.0,30,9,4,0,0
57.1765,-1.0,80,8,5,0,0
57.1765,57.5294,100,8,5,0,0
57.3529,-1.0,900,8,5,0,0
57.8824,-1.0,80,1,5,0,0
57.8824,58.2353,100,1,5,0,0
58.0588,-1.0,900,1,5,0,0
58.5882,-1.0,10,7,4,0,0
58.9412,-1.0,10,3,4,0,0
59.2941,-1.0,10,7,4,0,0
59.4706,-1.0,10,3,4,0,0
60.0,-1.0,20,2,4,0,0
60.0,-1.0,20,8,4,0,0
60.3529,-1.0,20,2,4,0,0
60.3529,-1.0,20,8,4,0,0
60.7059,-1.0,81,4,6,0,0
60.7059,61.0588,101,4,6,0,0
60.8824,-1.0,900,4,6,0,0
61.4118,-1.0,10,7,5,0,0
61.7647,-1.0,80,2,5,0,0
61.7647,62.0294,100,2,5,0,0
61.9412,-1.0,900,2,5,0,0
62.2941,-1.0,10,7,5,0,0
62.8235,-1.0,10,2,5,0,0
63.1765,-1.0,10,7,5,0,0
63.3529,-1.0,10,2,5,0,0
63.5294,-1.0,10,7,5,0,0
63.8824,-1.0,10,1,5,0,0
64.2353,-1.0,10,8,5,0,0
64.4118,-1.0,80,1,5,0,0
64.4118,64.7647,100,1,5,0,0
64.5882,-1.0,900,1,5,0,0
65.1176,-1.0,10,8,5,0,0
65.6471,-1.0,20,1,5,0,0
65.6471,-1.0,20,8,5,0,0
66.0,-1.0,20,1,5,0,0
66.0,-1.0,20,8,5,0,0
66.3529,-1.0,20,1,5,0,0
66.3529,-1.0,20,8,5,0,0
66.7059,-1.0,10,2,5,0,0
67.0588,-1.0,10,7,5,0,0
67.4118,-1.0,80,2,5,0,0
67.4118,67.6765,100,2,5,0,0
67.5882,-1.0,900,2,5,0,0
67.9412,-1.0,10,7,5,0,0
68.4706,-1.0,10,7,5,0,0
68.8235,-1.0,10,2,5,0,0
69.0,-1.0,10,7,5,0,0
69.1765,-1.0,10,2,5,0,0
69.5294,-1.0,10,8,5,0,0
69.8824,-1.0,10,1,5,0,0
70.4118,-1.0,10,7,5,0,0
70.7647,-1.0,10,2,5,0,0
71.2941,-1.0,20,1,5,0,0
71.2941,-1.0,20,8,5,0,0
71.6471,-1.0,20,1,5,0,0
71.6471,-1.0,20,8,5,0,0
72.0,-1.0,81,4,6,0,0
72.0,72.3529,101,4,6,0,0
72.1765,-1.0,900,4,6,0,0
72.7059,-1.0,10,1,4,0,0
72.7059,-1.0,10,9,4,0,0
73.0588,-1.0,80,7,4,0,0
73.0588,73.2353,100,7,4,0,0
73.4118,-1.0,80,3,4,0,0
73.4118,73.5882,100,3,4,0,0
73.7647,-1.0,10,1,4,0,0
73.7647,-1.0,10,9,4,0,0
74.1176,-1.0,10,1,4,0,0
74.1176,-1.0,10,9,4,0,0
74.4706,-1.0,80,2,4,0,0
74.4706,74.8235,100,2,4,0,0
74.4706,-1.0,80,8,4,0,0
74.4706,74.8235,100,8,4,0,0
74.6471,-1.0,900,2,4,0,0
74.6471,-1.0,900,8,4,0,0
75.1765,-1.0,10,5,4,0,0
75.5294,-1.0,10,5,4,0,0
75.8824,-1.0,10,5,4,0,0
76.2353,-1.0,10,5,4,0,0
76.5882,-1.0,10,1,4,0,0
76.5882,-1.0,10,9,4,0,0
76.9412,-1.0,10,5,4,0,0
77.2941,-1.0,10,5,4,0,0
77.6471,-1.0,10,5,4,0,0
78.0,-1.0,10,2,4,0,0
78.0,-1.0,10,8,4,0,0
78.3529,-1.0,10,1,4,0,0
78.3529,-1.0,10,9,4,0,0
78.7059,-1.0,80,7,4,0,0
78.7059,78.8824,100,7,4,0,0
79.0588,-1.0,80,3,4,0,0
79.0588,79.2353,100,3,4,0,0
79.4118,-1.0,10,1,4,0,0
79.4118,-1.0,10,9,4,0,0
79.7647,-1.0,10,1,4,0,0
79.7647,-1.0,10,9,4,0,0
80.1176,-1.0,80,2,4,0,0
80.1176,80.4706,100,2,4,0,0
80.1176,-1.0,80,8,4,0,0
80.1176,80.4706,100,8,4,0,0
80.2941,-1.0,900,2,4,0,0
80.2941,-1.0,900,8,4,0,0
80.8235,-1.0,10,5,4,0,0
81.1765,-1.0,10,5,4,0,0
81.5294,-1.0,10,5,4,0,0
81.8824,-1.0,10,5,4,0,0
82.2353,-1.0,10,1,4,0,0
82.2353,-1.0,10,9,4,0,0
82.5882,-1.0,10,5,4,0,0
82.9412,-1.0,10,5,4,0,0
83.2941,-1.0,10,5,4,0,0
83.6471,-1.0,10,1,4,0,0
83.6471,-1.0,10,9,4,0,0
84.0,-1.0,10,3,4,0,0
84.1765,-1.0,10,7,4,0,0
84.3529,-1.0,10,3,4,0,0
84.7059,-1.0,10,2,4,0,0
84.7059,-1.0,10,8,4,0,0
85.0588,-1.0,80,1,4,0,0
85.0588,85.4118,100,1,4,0,0
85.0588,-1.0,80,9,4,0,0
85.0588,85.4118,100,9,4,0,0
85.2353,-1.0,900,1,4,0,0
85.2353,-1.0,30,1,4,0,0
85.2353,-1.0,900,9,4,0,0
85.2353,-1.0,30,9,4,0,0
85.7647,-1.0,10,2,4,0,0
85.7647,-1.0,10,8,4,0,0
86.1176,-1.0,80,1,4,0,0
86.1176,86.2941,100,1,4,0,0
86.1176,-1.0,80,7,4,0,0
86.1176,86.2941,100,7,4,0,0
86.8235,-1.0,80,2,4,0,0
86.8235,87.0,100,2,4,0,0
86.8235,-1.0,80,8,4,0,0
86.8235,87.0,100,8,4,0,0
87.5294,-1.0,80,3,4,0,0
87.5294,87.7059,100,3,4,0,0
87.5294,-1.0,80,9,4,0,0
87.5294,87.7059,100,9,4,0,0
88.2353,-1.0,10,1,4,0,0
88.5882,-1.0,10,7,4,0,0
88.7647,-1.0,10,3,4,0,0
88.9412,-1.0,10,7,4,0,0
89.2941,-1.0,10,1,5,0,0
89.2941,-1.0,10,7,5,0,0
89.6471,-1.0,10,2,5,0,0
89.6471,-1.0,10,8,5,0,0
90.0,-1.0,10,1,5,0,0
90.0,-1.0,10,7,5,0,0
90.3529,-1.0,10,2,5,0,0
90.3529,-1.0,10,8,5,0,0
90.7059,-1.0,20,1,5,0,0
90.7059,-1.0,20,8,5,0,0
91.0588,-1.0,20,1,5,0,0
91.0588,-1.0,20,8,5,0,0
91.4118,-1.0,81,1,5,0,0
91.4118,92.0294,101,1,5,0,0
91.4118,-1.0,81,8,5,0,0
91.4118,92.0294,101,8,5,0,0
91.5000,-1.0,30,1,5,0,0
91.5882,-1.0,900,1,5,0,0
91.5882,-1.0,900,8,5,0,0
91.5882,-1.0,30,8,5,0,0
91.6765,-1.0,30,1,5,0,0
91.7647,-1.0,900,1,5,0,0
91.7647,-1.0,900,8,5,0,0
91.7647,-1.0,30,8,5,0,0
91.8529,-1.0,30,1,5,0,0
91.9412,-1.0,900,1,5,0,0
91.9412,-1.0,900,8,5,0,0
91.9412,-1.0,30,8,5,0,0
92.4706,-1.0,20,1,5,0,0
92.4706,-1.0,20,8,5,0,0
92.8235,-1.0,10,7,5,0,0
93.1765,-1.0,10,1,5,0,0
93.5294,-1.0,10,8,5,0,0
93.8824,-1.0,10,2,5,0,0
94.2353,-1.0,10,1,5,0,0
94.2353,-1.0,10,8,5,0,0
94.9412,-1.0,80,2,5,0,0
94.9412,95.2941,100,2,5,0,0
95.1176,-1.0,900,2,5,0,0
95.4706,-1.0,10,8,5,0,0
95.8235,-1.0,10,1,5,0,0
96.1765,-1.0,80,1,5,0,0
96.1765,96.7059,100,1,5,0,0
96.1765,-1.0,80,8,5,0,0
96.1765,96.7059,100,8,5,0,0
96.3529,-1.0,900,1,5,0,0
96.3529,-1.0,900,8,5,0,0
96.5294,-1.0,900,1,5,0,0
96.5294,-1.0,900,8,5,0,0
97.0588,-1.0,10,2,5,0,0
97.2353,-1.0,10,7,5,0,0
97.4118,-1.0,10,2,5,0,0
97.7647,-1.0,10,7,5,0,0
98.1176,-1.0,10,7,5,0,0
98.4706,-1.0,10,1,5,0,0
98.4706,-1.0,10,8,5,0,0
98.8235,-1.0,10,2,5,0,0
99.1765,-1.0,10,2,5,0,0
99.5294,-1.0,10,1,5,0,0
99.5294,-1.0,10,8,5,0,0
99.8824,-1.0,10,2,5,0,0
99.8824,-1.0,10,8,5,0,0
100.2353,-1.0,10,1,5,0,0
100.2353,-1.0,10,7,5,0,0
100.5882,-1.0,80,2,4,0,0
100.5882,101.1176,100,2,4,0,0
100.5882,-1.0,80,8,4,0,0
100.5882,101.1176,100,8,4,0,0
100.7647,-1.0,900,2,4,0,0
100.7647,-1.0,900,8,4,0,0
100.9412,-1.0,900,2,4,0,0
100.9412,-1.0,900,8,4,0,0
101.2941,-1.0,80,1,5,0,0
101.2941,103.0588,100,1,5,0,0
101.2941,-1.0,80,8,5,0,0
101.2941,103.0588,100,8,5,0,0
101.4706,-1.0,900,1,5,0,0
101.4706,-1.0,900,8,5,0,0
101.6471,-1.0,900,1,5,0,0
101.6471,-1.0,900,8,5,0,0
101.8235,-1.0,900,1,5,0,0
101.8235,-1.0,30,1,5,0,0
101.8235,-1.0,900,8,5,0,0
102.0,-1.0,900,1,5,0,0
102.0,-1.0,900,8,5,0,0
102.0,-1.0,30,8,5,0,0
102.1765,-1.0,900,1,5,0,0
102.1765,-1.0,30,1,5,0,0
102.1765,-1.0,900,8,5,0,0
102.3529,-1.0,900,1,5,0,0
102.3529,-1.0,900,8,5,0,0
102.5294,-1.0,900,1,5,0,0
102.5294,-1.0,900,8,5,0,0
102.5294,-1.0,30,8,5,0,0
102.7059,-1.0,900,1,5,0,0
102.7059,-1.0,30,1,5,0,0
102.7059,-1.0,900,8,5,0,0
102.8824,-1.0,900,1,5,0,0
102.8824,-1.0,900,8,5,0,0
102.8824,-1.0,30,8,5,0,0
103.4118,-1.0,10,10,3,0,0
103.7647,-1.0,10,4,3,0,0
104.1176,-1.0,10,7,3,0,0
104.4706,-1.0,10,1,3,0,0
104.8235,-1.0,10,10,3,0,0
105.1765,-1.0,10,4,3,0,0
105.5294,-1.0,10,7,3,0,0
105.8824,-1.0,81,4,3,0,0
105.8824,106.0588,101,4,3,0,0
106.5882,-1.0,81,7,3,0,0
106.5882,106.7647,101,7,3,0,0
107.2941,-1.0,81,4,3,0,0
107.2941,107.4706,101,4,3,0,0
107.2941,-1.0,81,7,3,0,0
107.2941,107.4706,101,7,3,0,0
108.0,-1.0,80,1,3,0,0
108.0,108.3529,100,1,3,0,0
108.0,-1.0,80,10,3,0,0
108.0,108.3529,100,10,3,0,0
108.1765,-1.0,900,1,3,0,0
108.1765,-1.0,900,10,3,0,0
108.7059,-1.0,10,4,3,0,0
108.7059,-1.0,10,7,3,0,0
109.0588,-1.0,10,1,3,0,0
109.4118,-1.0,10,7,3,0,0
109.7647,-1.0,10,4,3,0,0
110.1176,-1.0,10,10,3,0,0
110.4706,-1.0,10,1,4,0,0
110.4706,-1.0,10,7,4,0,0
110.8235,-1.0,10,3,4,0,0
110.8235,-1.0,10,9,4,0,0
111.1765,-1.0,10,1,4,0,0
111.1765,-1.0,10,7,4,0,0
111.5294,-1.0,10,3,4,0,0
111.5294,-1.0,10,9,4,0,0
111.8824,-1.0,80,1,5,0,0
111.8824,112.2353,100,1,5,0,0
111.8824,-1.0,80,7,5,0,0
111.8824,112.2353,100,7,5,0,0
112.0588,-1.0,900,1,5,0,0
112.0588,-1.0,900,7,5,0,0
112.5882,-1.0,80,2,5,0,0
112.5882,112.9412,100,2,5,0,0
112.5882,-1.0,80,8,5,0,0
112.5882,112.9412,100,8,5,0,0
112.7647,-1.0,900,2,5,0,0
112.7647,-1.0,900,8,5,0,0
113.2941,-1.0,10,2,5,0,0
113.6471,-1.0,10,7,5,0,0
114.0,-1.0,20,2,5,0,0
114.1765,-1.0,20,7,5,0,0
114.3529,-1.0,20,2,5,0,0
114.5294,-1.0,20,7,5,0,0
114.7059,-1.0,10,1,3,0,0
115.0588,-1.0,10,4,3,0,0
115.4118,-1.0,10,7,3,0,0
115.7647,-1.0,10,10,3,0,0
116.1176,-1.0,10,1,3,0,0
116.4706,-1.0,10,4,3,0,0
116.8235,-1.0,10,7,3,0,0
117.1765,-1.0,80,1,3,0,0
117.1765,117.5294,100,1,3,0,0
117.1765,-1.0,80,10,3,0,0
117.1765,117.5294,100,10,3,0,0
117.3529,-1.0,900,1,3,0,0
117.3529,-1.0,900,10,3,0,0