0.0,-1.0,80,9,4,0,0
0.0,1.0,100,9,4,0,0
9.5094,9.5094,0,0,0,11,3030
0.2500,-1.0,900,9,4,0,0
56.1344,67.3844,0,0,0,14,3030
0.5000,-1.0,900,9,4,0,0
81.5094,81.5094,0,0,0,11,3030
0.7500,-1.0,900,9,4,0,0
116.1344,127.3844,0,0,0,14,3030
2.0,-1.0,80,3,4,0,0
2.0,3.0,100,3,4,0,0
165.1344,165.1344,0,0,0,11,3030
2.2500,-1.0,900,3,4,0,0
168.1344,168.1344,0,0,0,11,3030
2.5000,-1.0,900,3,4,0,0
170.1344,175.3844,0,0,0,14,3030
2.7500,-1.0,900,3,4,0,0
189.5094,189.5094,0,0,0,11,3030
4.0,-1.0,80,7,4,0,0
4.0,5.0,100,7,4,0,0
4.2500,-1.0,900,7,4,0,0
4.5000,-1.0,900,7,4,0,0
4.7500,-1.0,900,7,4,0,0
6.0,-1.0,80,1,4,0,0
6.0,8.1344,100,1,4,0,0
6.2609,-1.0,900,1,4,0,0
6.5217,-1.0,900,1,4,0,0
6.5217,-1.0,30,1,4,0,0
6.7826,-1.0,900,1,4,0,0
7.0435,-1.0,900,1,4,0,0
7.0435,-1.0,30,1,4,0,0
7.3162,-1.0,900,1,4,0,0
7.5889,-1.0,900,1,4,0,0
7.8617,-1.0,900,1,4,0,0
8.5094,-1.0,10,7,4,0,0
8.8844,-1.0,10,1,4,0,0
9.6344,-1.0,10,9,4,0,0
10.0094,-1.0,10,3,4,0,0
10.3844,-1.0,80,9,4,0,0
10.3844,10.7594,100,9,4,0,0
10.5719,-1.0,900,9,4,0,0
11.1344,-1.0,10,1,4,0,0
11.5094,-1.0,10,7,4,0,0
11.8844,-1.0,10,1,4,0,0
12.6344,-1.0,10,9,4,0,0
13.0094,-1.0,10,3,4,0,0
13.3844,-1.0,80,9,4,0,0
13.3844,13.7594,100,9,4,0,0
13.5719,-1.0,900,9,4,0,0
14.1344,-1.0,10,3,4,0,0
14.5094,-1.0,10,9,4,0,0
14.8844,-1.0,10,3,4,0,0
15.6344,-1.0,10,7,4,0,0
16.0094,-1.0,10,1,4,0,0
16.3844,-1.0,80,7,4,0,0
16.3844,16.7594,100,7,4,0,0
16.5719,-1.0,900,7,4,0,0
17.1344,-1.0,10,3,4,0,0
17.5094,-1.0,10,9,4,0,0
17.8844,-1.0,10,3,4,0,0
18.6344,-1.0,20,7,4,0,0
20.1344,-1.0,10,9,4,0,0
20.8844,-1.0,10,1,4,0,0
21.6344,-1.0,80,7,4,0,0
21.6344,22.3844,100,7,4,0,0
21.8219,-1.0,900,7,4,0,0
22.0094,-1.0,900,7,4,0,0
22.0094,-1.0,30,7,4,0,0
22.1969,-1.0,900,7,4,0,0
23.1344,-1.0,10,1,4,0,0
23.8844,-1.0,10,9,4,0,0
24.6344,-1.0,80,3,4,0,0
24.6344,25.3844,100,3,4,0,0
24.8219,-1.0,900,3,4,0,0
25.0094,-1.0,900,3,4,0,0
25.0094,-1.0,30,3,4,0,0
25.1969,-1.0,900,3,4,0,0
26.1344,-1.0,80,9,4,0,0
26.1344,26.8844,100,9,4,0,0
26.3219,-1.0,900,9,4,0,0
26.5094,-1.0,900,9,4,0,0
26.5094,-1.0,30,9,4,0,0
26.6969,-1.0,900,9,4,0,0
27.6344,-1.0,80,1,4,0,0
27.6344,28.3844,100,1,4,0,0
27.8219,-1.0,900,1,4,0,0
28.0094,-1.0,900,1,4,0,0
28.0094,-1.0,30,1,4,0,0
28.1969,-1.0,900,1,4,0,0
29.1344,-1.0,10,7,4,0,0
29.8844,-1.0,10,3,4,0,0
30.6344,-1.0,81,9,4,0,0
30.6344,31.7594,101,9,4,0,0
30.8219,-1.0,900,9,4,0,0
31.0094,-1.0,900,9,4,0,0
31.0094,-1.0,30,9,4,0,0
31.1969,-1.0,900,9,4,0,0
31.3844,-1.0,900,9,4,0,0
31.3844,-1.0,30,9,4,0,0
31.5719,-1.0,900,9,4,0,0
32.1344,-1.0,10,1,4,0,0
32.5094,-1.0,10,7,4,0,0
32.8844,-1.0,10,1,4,0,0
33.6344,-1.0,80,7,4,0,0
33.6344,34.3844,100,7,4,0,0
33.8219,-1.0,900,7,4,0,0
34.0094,-1.0,900,7,4,0,0
34.0094,-1.0,30,7,4,0,0
34.1969,-1.0,900,7,4,0,0
35.1344,-1.0,10,9,4,0,0
35.5094,-1.0,10,3,4,0,0
35.8844,-1.0,10,9,4,0,0
36.6344,-1.0,80,3,4,0,0
36.6344,37.3844,100,3,4,0,0
36.8219,-1.0,900,3,4,0,0
37.0094,-1.0,900,3,4,0,0
37.0094,-1.0,30,3,4,0,0
37.1969,-1.0,900,3,4,0,0
38.1344,-1.0,80,9,4,0,0
38.1344,38.8844,100,9,4,0,0
38.3219,-1.0,900,9,4,0,0
38.5094,-1.0,900,9,4,0,0
38.5094,-1.0,30,9,4,0,0
38.6969,-1.0,900,9,4,0,0
39.6344,-1.0,80,1,4,0,0
39.6344,40.3844,100,1,4,0,0
39.8219,-1.0,900,1,4,0,0
40.0094,-1.0,900,1,4,0,0
40.0094,-1.0,30,1,4,0,0
40.1969,-1.0,900,1,4,0,0
41.1344,-1.0,10,7,4,0,0
41.8844,-1.0,10,3,4,0,0
42.6344,-1.0,81,7,6,0,0
42.6344,43.3844,101,7,6,0,0
42.8219,-1.0,900,7,6,0,0
43.0094,-1.0,900,7,6,0,0
43.0094,-1.0,30,7,6,0,0
43.1969,-1.0,900,7,6,0,0
44.1344,-1.0,80,1,4,0,0
44.1344,46.3844,100,1,4,0,0
44.3219,-1.0,900,1,4,0,0
44.5094,-1.0,900,1,4,0,0
44.6969,-1.0,900,1,4,0,0
44.8844,-1.0,900,1,4,0,0
44.8844,-1.0,30,1,4,0,0
45.0719,-1.0,900,1,4,0,0
45.2594,-1.0,900,1,4,0,0
45.4469,-1.0,900,1,4,0,0
45.6344,-1.0,900,1,4,0,0
45.6344,-1.0,30,1,4,0,0
45.8219,-1.0,900,1,4,0,0
46.0094,-1.0,900,1,4,0,0
46.1969,-1.0,900,1,4,0,0
47.1344,-1.0,80,9,4,0,0
47.1344,49.3844,100,9,4,0,0
47.3219,-1.0,900,9,4,0,0
47.5094,-1.0,900,9,4,0,0
47.6969,-1.0,900,9,4,0,0
47.8844,-1.0,900,9,4,0,0
47.8844,-1.0,30,9,4,0,0
48.0719,-1.0,900,9,4,0,0
48.2594,-1.0,900,9,4,0,0
48.4469,-1.0,900,9,4,0,0
48.6344,-1.0,900,9,4,0,0
48.6344,-1.0,30,9,4,0,0
48.8219,-1.0,900,9,4,0,0
49.0094,-1.0,900,9,4,0,0
49.1969,-1.0,900,9,4,0,0
50.1344,-1.0,10,9,4,0,0
50.5094,-1.0,10,3,4,0,0
50.8844,-1.0,10,9,4,0,0
51.6344,-1.0,10,1,4,0,0
52.0094,-1.0,10,7,4,0,0
52.3844,-1.0,10,1,4,0,0
53.1344,-1.0,20,7,6,0,0
53.8844,-1.0,20,1,6,0,0
54.4469,-1.0,81,7,6,0,0
54.4469,55.1969,101,7,6,0,0
54.6344,-1.0,900,7,6,0,0
54.8219,-1.0,900,7,6,0,0
54.8219,-1.0,30,7,6,0,0
55.0094,-1.0,900,7,6,0,0
56.1344,-1.0,20,1,3,0,0
56.5094,-1.0,10,7,3,0,0
56.8844,-1.0,10,4,3,0,0
57.6344,-1.0,20,10,3,0,0
58.0094,-1.0,10,4,3,0,0
58.3844,-1.0,10,7,3,0,0
59.1344,-1.0,80,1,3,0,0
59.1344,59.8844,100,1,3,0,0
59.3219,-1.0,900,1,3,0,0
59.5094,-1.0,900,1,3,0,0
59.5094,-1.0,30,1,3,0,0
59.6969,-1.0,900,1,3,0,0
60.6344,-1.0,80,7,3,0,0
60.6344,61.3844,100,7,3,0,0
60.8219,-1.0,900,7,3,0,0
61.0094,-1.0,900,7,3,0,0
61.0094,-1.0,30,7,3,0,0
61.1969,-1.0,900,7,3,0,0
62.1344,-1.0,20,10,3,0,0
62.5094,-1.0,10,4,3,0,0
62.8844,-1.0,10,7,3,0,0
63.6344,-1.0,20,1,3,0,0
64.0094,-1.0,10,7,3,0,0
64.3844,-1.0,10,4,3,0,0
65.1344,-1.0,80,10,3,0,0
65.1344,65.8844,100,10,3,0,0
65.3219,-1.0,900,10,3,0,0
65.5094,-1.0,900,10,3,0,0
65.5094,-1.0,30,10,3,0,0
65.6969,-1.0,900,10,3,0,0
66.6344,-1.0,80,4,3,0,0
66.6344,67.3844,100,4,3,0,0
66.8219,-1.0,900,4,3,0,0
67.0094,-1.0,900,4,3,0,0
67.0094,-1.0,30,4,3,0,0
67.1969,-1.0,900,4,3,0,0
68.1344,-1.0,10,10,3,0,0
68.8844,-1.0,10,1,4,0,0
69.6344,-1.0,10,7,4,0,0
70.0094,-1.0,10,3,4,0,0
70.3844,-1.0,10,7,4,0,0
71.1344,-1.0,20,2,4,0,0
71.5094,-1.0,20,8,4,0,0
71.8844,-1.0,20,2,4,0,0
72.2594,-1.0,20,8,4,0,0
72.6344,-1.0,81,2,4,0,0
72.6344,73.1969,101,2,4,0,0
72.8219,-1.0,900,2,4,0,0
73.0094,-1.0,900,2,4,0,0
73.0094,-1.0,30,2,4,0,0
74.1344,-1.0,10,1,4,0,0
74.8844,-1.0,10,9,4,0,0
75.6344,-1.0,10,3,4,0,0
76.0094,-1.0,10,7,4,0,0
76.3844,-1.0,10,3,4,0,0
77.1344,-1.0,20,7,6,0,0
77.8844,-1.0,20,1,6,0,0
78.6344,-1.0,81,7,6,0,0
78.6344,79.3844,101,7,6,0,0
78.8219,-1.0,900,7,6,0,0
79.0094,-1.0,900,7,6,0,0
79.0094,-1.0,30,7,6,0,0
79.1969,-1.0,900,7,6,0,0
80.1344,-1.0,10,9,4,0,0
80.5094,-1.0,10,3,4,0,0
80.8844,-1.0,10,9,4,0,0
81.6344,-1.0,10,1,4,0,0
82.0094,-1.0,10,7,4,0,0
82.3844,-1.0,80,1,4,0,0
82.3844,82.7594,100,1,4,0,0
82.5719,-1.0,900,1,4,0,0
83.1344,-1.0,10,9,4,0,0
83.5094,-1.0,10,3,4,0,0
83.8844,-1.0,10,9,4,0,0
84.6344,-1.0,10,1,4,0,0
85.0094,-1.0,10,7,4,0,0
85.3844,-1.0,80,1,4,0,0
85.3844,85.7594,100,1,4,0,0
85.5719,-1.0,900,1,4,0,0
86.1344,-1.0,10,7,4,0,0
86.5094,-1.0,10,1,4,0,0
86.8844,-1.0,10,7,4,0,0
87.6344,-1.0,10,3,4,0,0
88.0094,-1.0,10,9,4,0,0
88.3844,-1.0,80,3,4,0,0
88.3844,88.7594,100,3,4,0,0
88.5719,-1.0,900,3,4,0,0
89.1344,-1.0,10,7,4,0,0
89.5094,-1.0,10,1,4,0,0
89.8844,-1.0,10,7,4,0,0
90.6344,-1.0,10,3,4,0,0
91.0094,-1.0,10,9,4,0,0
91.3844,-1.0,80,3,4,0,0
91.3844,91.7594,100,3,4,0,0
91.5719,-1.0,900,3,4,0,0
92.1344,-1.0,10,9,4,0,0
92.8844,-1.0,10,9,4,0,0
93.6344,-1.0,10,1,4,0,0
94.3844,-1.0,10,1,4,0,0
95.1344,-1.0,80,7,4,0,0
95.1344,95.8844,100,7,4,0,0
95.3219,-1.0,900,7,4,0,0
95.5094,-1.0,900,7,4,0,0
95.5094,-1.0,30,7,4,0,0
95.6969,-1.0,900,7,4,0,0
96.6344,-1.0,80,3,4,0,0
96.6344,97.3844,100,3,4,0,0
96.8219,-1.0,900,3,4,0,0
97.0094,-1.0,900,3,4,0,0
97.0094,-1.0,30,3,4,0,0
97.1969,-1.0,900,3,4,0,0
98.1344,-1.0,20,7,6,0,0
99.6344,-1.0,20,1,6,0,0
101.1344,-1.0,10,7,4,0,0
101.8844,-1.0,10,3,4,0,0
102.6344,-1.0,80,9,4,0,0
102.6344,103.3844,100,9,4,0,0
102.8219,-1.0,900,9,4,0,0
103.0094,-1.0,900,9,4,0,0
103.1969,-1.0,900,9,4,0,0
104.1344,-1.0,20,1,4,0,0
104.8844,-1.0,10,7,4,0,0
105.6344,-1.0,80,1,4,0,0
105.6344,106.3844,100,1,4,0,0
105.8219,-1.0,900,1,4,0,0
106.0094,-1.0,900,1,4,0,0
106.1969,-1.0,900,1,4,0,0
107.1344,-1.0,10,9,4,0,0
107.8844,-1.0,10,3,4,0,0
108.6344,-1.0,80,9,4,0,0
108.6344,109.3844,100,9,4,0,0
108.8219,-1.0,900,9,4,0,0
109.0094,-1.0,900,9,4,0,0
109.0094,-1.0,30,9,4,0,0
109.1969,-1.0,900,9,4,0,0
110.1344,-1.0,10,1,4,0,0
110.5094,-1.0,10,7,4,0,0
110.8844,-1.0,10,1,4,0,0
111.6344,-1.0,10,9,4,0,0
112.0094,-1.0,10,3,4,0,0
112.3844,-1.0,10,9,4,0,0
113.1344,-1.0,20,1,6,0,0
113.8844,-1.0,20,7,6,0,0
114.4469,-1.0,81,1,6,0,0
114.4469,115.1969,101,1,6,0,0
114.6344,-1.0,900,1,6,0,0
114.8219,-1.0,900,1,6,0,0
114.8219,-1.0,30,1,6,0,0
115.0094,-1.0,900,1,6,0,0
116.1344,-1.0,20,7,3,0,0
116.5094,-1.0,10,4,3,0,0
116.8844,-1.0,10,10,3,0,0
117.6344,-1.0,20,4,3,0,0
118.0094,-1.0,10,7,3,0,0
118.3844,-1.0,10,1,3,0,0
119.1344,-1.0,80,10,3,0,0
119.1344,119.8844,100,10,3,0,0
119.3219,-1.0,900,10,3,0,0
119.5094,-1.0,900,10,3,0,0
119.5094,-1.0,30,10,3,0,0
119.6969,-1.0,900,10,3,0,0
120.6344,-1.0,80,4,3,0,0
120.6344,121.3844,100,4,3,0,0
120.8219,-1.0,900,4,3,0,0
121.0094,-1.0,900,4,3,0,0
121.0094,-1.0,30,4,3,0,0
121.1969,-1.0,900,4,3,0,0
122.1344,-1.0,20,4,3,0,0
122.5094,-1.0,10,7,3,0,0
122.8844,-1.0,10,1,3,0,0
123.6344,-1.0,20,7,3,0,0
124.0094,-1.0,10,4,3,0,0
124.3844,-1.0,10,10,3,0,0
125.1344,-1.0,80,1,3,0,0
125.1344,125.8844,100,1,3,0,0
125.3219,-1.0,900,1,3,0,0
125.5094,-1.0,900,1,3,0,0
125.5094,-1.0,30,1,3,0,0
125.6969,-1.0,900,1,3,0,0
126.6344,-1.0,80,7,3,0,0
126.6344,127.3844,100,7,3,0,0
126.8219,-1.0,900,7,3,0,0
127.0094,-1.0,900,7,3,0,0
127.0094,-1.0,30,7,3,0,0
127.1969,-1.0,900,7,3,0,0
128.1344,-1.0,10,4,3,0,0
128.8844,-1.0,10,9,4,0,0
129.6344,-1.0,10,1,4,0,0
130.0094,-1.0,10,7,4,0,0
130.3844,-1.0,10,1,4,0,0
131.1344,-1.0,20,9,4,0,0
131.5094,-1.0,20,3,4,0,0
131.8844,-1.0,20,7,4,0,0
132.2594,-1.0,20,1,4,0,0
132.6344,-1.0,81,9,4,0,0
132.6344,133.1969,101,9,4,0,0
132.8219,-1.0,900,9,4,0,0
133.0094,-1.0,900,9,4,0,0
133.0094,-1.0,30,9,4,0,0
134.1344,-1.0,10,7,4,0,0
134.8844,-1.0,10,1,4,0,0
135.6344,-1.0,10,9,4,0,0
136.0094,-1.0,10,3,4,0,0
136.3844,-1.0,10,9,4,0,0
137.1344,-1.0,20,1,6,0,0
137.8844,-1.0,20,7,6,0,0
138.6344,-1.0,81,1,6,0,0
138.6344,139.3844,101,1,6,0,0
138.8219,-1.0,900,1,6,0,0
139.0094,-1.0,900,1,6,0,0
139.0094,-1.0,30,1,6,0,0
139.1969,-1.0,900,1,6,0,0
140.1344,-1.0,80,9,4,0,0
140.1344,142.3844,100,9,4,0,0
140.3219,-1.0,900,9,4,0,0
140.5094,-1.0,900,9,4,0,0
140.6969,-1.0,900,9,4,0,0
140.8844,-1.0,900,9,4,0,0
140.8844,-1.0,30,9,4,0,0
141.0719,-1.0,900,9,4,0,0
141.2594,-1.0,900,9,4,0,0
141.4469,-1.0,900,9,4,0,0
141.6344,-1.0,900,9,4,0,0
141.6344,-1.0,30,9,4,0,0
141.8219,-1.0,900,9,4,0,0
142.0094,-1.0,900,9,4,0,0
142.1969,-1.0,900,9,4,0,0
143.1344,-1.0,10,9,4,0,0
143.8844,-1.0,10,3,4,0,0
144.6344,-1.0,10,7,4,0,0
145.0094,-1.0,10,1,4,0,0
145.3844,-1.0,10,7,4,0,0
146.1344,-1.0,80,1,4,0,0
146.1344,148.3844,100,1,4,0,0
146.3219,-1.0,900,1,4,0,0
146.5094,-1.0,900,1,4,0,0
146.6969,-1.0,900,1,4,0,0
146.8844,-1.0,900,1,4,0,0
146.8844,-1.0,30,1,4,0,0
147.0719,-1.0,900,1,4,0,0
147.2594,-1.0,900,1,4,0,0
147.4469,-1.0,900,1,4,0,0
147.6344,-1.0,900,1,4,0,0
147.6344,-1.0,30,1,4,0,0
147.8219,-1.0,900,1,4,0,0
148.0094,-1.0,900,1,4,0,0
148.1969,-1.0,900,1,4,0,0
149.1344,-1.0,10,1,4,0,0
149.8844,-1.0,10,7,4,0,0
150.6344,-1.0,10,3,4,0,0
151.0094,-1.0,10,9,4,0,0
151.3844,-1.0,10,3,4,0,0
152.1344,-1.0,20,7,6,0,0
153.6344,-1.0,20,1,6,0,0
155.1344,-1.0,80,5,4,0,0
155.1344,155.8844,100,5,4,0,0
155.3219,-1.0,900,5,4,0,0
155.5094,-1.0,900,5,4,0,0
155.6969,-1.0,900,5,4,0,0
156.6344,-1.0,10,7,4,0,0
157.0094,-1.0,10,3,4,0,0
157.3844,-1.0,10,7,4,0,0
158.1344,-1.0,10,1,4,0,0
158.5094,-1.0,10,7,4,0,0
158.8844,-1.0,10,1,4,0,0
159.6344,-1.0,10,9,4,0,0
160.0094,-1.0,10,3,4,0,0
160.3844,-1.0,10,9,4,0,0
161.1344,-1.0,20,1,6,0,0
161.8844,-1.0,20,7,6,0,0
162.4469,-1.0,81,1,6,0,0
162.4469,163.1969,101,1,6,0,0
162.6344,-1.0,900,1,6,0,0
162.8219,-1.0,900,1,6,0,0
162.8219,-1.0,30,1,6,0,0
163.0094,-1.0,900,1,6,0,0
164.1344,-1.0,81,9,4,0,0
164.1344,165.6344,101,9,4,0,0
164.3219,-1.0,900,9,4,0,0
164.5094,-1.0,900,9,4,0,0
164.6969,-1.0,900,9,4,0,0
164.8844,-1.0,900,9,4,0,0
165.0719,-1.0,900,9,4,0,0
165.2594,-1.0,900,9,4,0,0
165.4469,-1.0,900,9,4,0,0
167.1344,-1.0,81,1,4,0,0
167.1344,168.6344,101,1,4,0,0
167.3219,-1.0,900,1,4,0,0
167.5094,-1.0,900,1,4,0,0
167.6969,-1.0,900,1,4,0,0
167.8844,-1.0,900,1,4,0,0
168.0719,-1.0,900,1,4,0,0
168.2594,-1.0,900,1,4,0,0
168.4469,-1.0,900,1,4,0,0
170.1344,-1.0,20,1,3,0,0
170.5094,-1.0,10,7,3,0,0
170.8844,-1.0,10,4,3,0,0
171.6344,-1.0,20,10,3,0,0
172.0094,-1.0,10,4,3,0,0
172.3844,-1.0,10,7,3,0,0
173.1344,-1.0,80,1,3,0,0
173.1344,173.8844,100,1,3,0,0
173.3219,-1.0,900,1,3,0,0
173.5094,-1.0,900,1,3,0,0
173.5094,-1.0,30,1,3,0,0
173.6969,-1.0,900,1,3,0,0
174.6344,-1.0,80,7,3,0,0
174.6344,175.3844,100,7,3,0,0
174.8219,-1.0,900,7,3,0,0
175.0094,-1.0,900,7,3,0,0
175.0094,-1.0,30,7,3,0,0
175.1969,-1.0,900,7,3,0,0
176.1344,-1.0,10,1,3,0,0
176.8844,-1.0,10,9,4,0,0
177.6344,-1.0,10,3,4,0,0
178.0094,-1.0,10,7,4,0,0
178.3844,-1.0,10,3,4,0,0
179.1344,-1.0,20,8,4,0,0
179.5094,-1.0,20,2,4,0,0
179.8844,-1.0,20,8,4,0,0
180.2594,-1.0,20,2,4,0,0
180.6344,-1.0,81,8,4,0,0
180.6344,181.1969,101,8,4,0,0
180.8219,-1.0,900,8,4,0,0
181.0094,-1.0,900,8,4,0,0
181.0094,-1.0,30,8,4,0,0
182.1344,-1.0,10,9,4,0,0
182.8844,-1.0,10,1,4,0,0
183.6344,-1.0,10,7,4,0,0
184.0094,-1.0,10,3,4,0,0
184.3844,-1.0,10,7,4,0,0
185.1344,-1.0,20,1,6,0,0
185.8844,-1.0,20,7,6,0,0
186.6344,-1.0,81,1,6,0,0
186.6344,187.3844,101,1,6,0,0
186.8219,-1.0,900,1,6,0,0
187.0094,-1.0,900,1,6,0,0
187.0094,-1.0,30,1,6,0,0
187.1969,-1.0,900,1,6,0,0
188.1344,-1.0,10,9,4,0,0
188.5094,-1.0,10,3,4,0,0
188.8844,-1.0,10,7,4,0,0
189.6344,-1.0,10,1,4,0,0
190.0094,-1.0,10,7,4,0,0
190.3844,-1.0,80,3,4,0,0
190.3844,190.7594,100,3,4,0,0
190.5719,-1.0,900,3,4,0,0
191.1344,-1.0,10,9,4,0,0
191.5094,-1.0,10,3,4,0,0
191.8844,-1.0,10,7,4,0,0
192.6344,-1.0,10,1,4,0,0
193.0094,-1.0,10,7,4,0,0
193.3844,-1.0,80,3,4,0,0
193.3844,193.7594,100,3,4,0,0
193.5719,-1.0,900,3,4,0,0
194.1344,-1.0,10,7,4,0,0
194.5094,-1.0,10,3,4,0,0
194.8844,-1.0,10,9,4,0,0
195.6344,-1.0,10,3,4,0,0
196.0094,-1.0,10,7,4,0,0
196.3844,-1.0,80,1,4,0,0
196.3844,196.7594,100,1,4,0,0
196.5719,-1.0,900,1,4,0,0
197.1344,-1.0,10,7,4,0,0
197.5094,-1.0,10,3,4,0,0
197.8844,-1.0,10,9,4,0,0
198.6344,-1.0,20,3,4,0,0
199.7594,-1.0,10,9,4,0,0