0.0,-1.0,20,1,2,0,0
9.2594,17.0719,0,0,0,14,3030
0.0,-1.0,20,4,2,0,0
32.1344,42.5719,0,0,0,14,3030
0.0,-1.0,10,11,2,0,0
56.1969,56.1969,0,0,0,11,3030
0.5000,-1.0,10,8,2,0,0
81.2594,89.0719,0,0,0,14,3030
1.0,-1.0,10,5,2,0,0
99.1344,99.1344,0,0,0,12,3030
1.2500,-1.0,10,11,2,0,0
100.6344,100.6344,0,0,0,12,3030
1.3750,-1.0,10,8,2,0,0
116.1969,116.1969,0,0,0,11,3030
1.5000,-1.0,20,1,2,0,0
164.1969,164.1969,0,0,0,11,3030
1.5000,-1.0,20,4,2,0,0
189.2594,197.0719,0,0,0,14,3030
1.7500,-1.0,10,7,2,0,0
2.0,-1.0,20,1,2,0,0
2.0,-1.0,20,10,2,0,0
2.5000,-1.0,10,3,2,0,0
2.5000,-1.0,10,6,2,0,0
2.5000,-1.0,10,11,2,0,0
2.8750,-1.0,10,8,2,0,0
2.9375,-1.0,10,5,2,0,0
3.0,-1.0,82,2,2,0,0
3.0,3.5000,110,2,2,0,0
3.2500,-1.0,900,2,2,0,0
3.2500,-1.0,20,8,2,0,0
3.2500,-1.0,20,11,2,0,0
3.5000,-1.0,20,8,2,0,0
3.5000,-1.0,20,11,2,0,0
3.7500,-1.0,10,6,3,0,0
4.0,-1.0,81,1,2,0,0
4.0,4.5000,101,1,2,0,0
4.0,-1.0,81,4,2,0,0
4.0,4.5000,101,4,2,0,0
4.0,-1.0,80,11,2,0,0
4.0,4.5000,100,11,2,0,0
4.2500,-1.0,900,1,2,0,0
4.2500,-1.0,900,4,2,0,0
4.2500,-1.0,900,11,2,0,0
4.5000,-1.0,10,7,3,0,0
5.0,-1.0,80,1,2,0,0
5.0,5.5000,100,1,2,0,0
5.0,-1.0,80,8,2,0,0
5.0,5.5000,100,8,2,0,0
5.0,-1.0,80,11,2,0,0
5.0,5.5000,100,11,2,0,0
5.2500,-1.0,900,1,2,0,0
5.2500,-1.0,20,4,3,0,0
5.2500,-1.0,900,8,2,0,0
5.2500,-1.0,900,11,2,0,0
5.5000,-1.0,20,4,3,0,0
6.0,-1.0,20,1,2,0,0
6.0,-1.0,20,7,2,0,0
6.2609,-1.0,10,3,2,0,0
6.2609,-1.0,10,9,2,0,0
6.5217,-1.0,10,5,2,0,0
6.5217,-1.0,10,11,2,0,0
6.7826,-1.0,10,3,2,0,0
6.7826,-1.0,10,9,2,0,0
7.0435,-1.0,80,1,2,0,0
7.0435,8.1344,100,1,2,0,0
7.0435,-1.0,20,7,2,0,0
7.3162,-1.0,900,1,2,0,0
7.4526,-1.0,20,9,2,0,0
7.5889,-1.0,900,1,2,0,0
7.8617,-1.0,900,1,2,0,0
7.8617,-1.0,83,10,3,0,0
7.8617,8.1344,110,10,3,0,0
8.5094,-1.0,20,1,3,0,0
8.5094,-1.0,20,4,3,0,0
8.5094,-1.0,20,7,3,0,0
8.5094,-1.0,20,10,3,0,0
8.8844,-1.0,10,1,3,0,0
8.8844,-1.0,10,4,3,0,0
8.8844,-1.0,20,10,3,0,0
9.0719,-1.0,10,7,3,0,0
9.1656,-1.0,10,4,3,0,0
9.2594,-1.0,10,1,3,0,0
9.2594,-1.0,81,10,3,0,0
9.2594,9.4469,101,10,3,0,0
9.4469,-1.0,80,1,3,0,0
9.4469,9.6344,100,1,3,0,0
9.4469,-1.0,80,4,3,0,0
9.4469,9.6344,100,4,3,0,0
9.6344,-1.0,20,7,3,0,0
9.8219,-1.0,10,10,3,0,0
9.9156,-1.0,10,7,3,0,0
10.0094,-1.0,50,1,3,0,0
10.0094,-1.0,50,4,3,0,0
10.0094,-1.0,20,10,3,0,0
10.1969,-1.0,10,10,3,0,0
10.2906,-1.0,10,7,3,0,0
10.3844,-1.0,50,1,3,0,0
10.3844,-1.0,50,4,3,0,0
10.3844,-1.0,20,10,3,0,0
10.5719,-1.0,10,4,3,0,0
10.5719,-1.0,10,7,3,0,0
10.7594,-1.0,20,1,3,0,0
10.7594,-1.0,50,10,3,0,0
10.8531,-1.0,10,4,3,0,0
10.9469,-1.0,10,7,3,0,0
11.1344,-1.0,81,1,3,0,0
11.1344,11.3219,101,1,3,0,0
11.1344,-1.0,10,7,3,0,0
11.1344,-1.0,20,10,3,0,0
11.3219,-1.0,10,7,3,0,0
11.5094,-1.0,20,1,3,0,0
11.5094,-1.0,10,4,3,0,0
11.5094,-1.0,81,10,3,0,0
11.5094,11.6969,101,10,3,0,0
11.6969,-1.0,10,4,3,0,0
11.8844,-1.0,20,1,3,0,0
11.8844,-1.0,20,4,3,0,0
11.9781,-1.0,10,7,3,0,0
12.0719,-1.0,10,10,3,0,0
12.2594,-1.0,81,1,3,0,0
12.2594,12.4469,101,1,3,0,0
12.2594,-1.0,10,7,3,0,0
12.4469,-1.0,10,4,3,0,0
12.4469,-1.0,80,10,3,0,0
12.4469,12.6344,100,10,3,0,0
12.6344,-1.0,20,1,3,0,0
12.8219,-1.0,10,7,3,0,0
12.9156,-1.0,10,4,3,0,0
13.0094,-1.0,20,1,3,0,0
13.0094,-1.0,50,7,3,0,0
13.0094,-1.0,50,10,3,0,0
13.1969,-1.0,10,4,3,0,0
13.2906,-1.0,10,7,3,0,0
13.3844,-1.0,50,1,3,0,0
13.3844,-1.0,50,4,3,0,0
13.3844,-1.0,20,10,3,0,0
13.5719,-1.0,10,7,3,0,0
13.6656,-1.0,10,4,3,0,0
13.7594,-1.0,20,1,3,0,0
13.7594,-1.0,20,10,3,0,0
13.8531,-1.0,10,7,3,0,0
13.9469,-1.0,10,4,3,0,0
14.0406,-1.0,10,7,3,0,0
14.1344,-1.0,20,1,3,0,0
14.1344,-1.0,81,10,3,0,0
14.1344,14.3219,101,10,3,0,0
14.3219,-1.0,10,4,3,0,0
14.5094,-1.0,81,1,3,0,0
14.5094,14.6969,101,1,3,0,0
14.5094,-1.0,10,7,3,0,0
14.5094,-1.0,20,10,3,0,0
14.6969,-1.0,10,7,3,0,0
14.8844,-1.0,20,1,3,0,0
14.8844,-1.0,10,4,3,0,0
14.9781,-1.0,10,7,3,0,0
15.0719,-1.0,10,10,3,0,0
15.2594,-1.0,81,1,3,0,0
15.2594,15.4469,101,1,3,0,0
15.2594,-1.0,10,7,3,0,0
15.4469,-1.0,80,7,3,0,0
15.4469,15.6344,100,7,3,0,0
15.4469,-1.0,80,10,3,0,0
15.4469,15.6344,100,10,3,0,0
15.6344,-1.0,20,4,3,0,0
15.8219,-1.0,10,1,3,0,0
15.9156,-1.0,10,4,3,0,0
16.0094,-1.0,20,1,3,0,0
16.0094,-1.0,50,7,3,0,0
16.0094,-1.0,50,10,3,0,0
16.1969,-1.0,10,1,3,0,0
16.2906,-1.0,10,4,3,0,0
16.3844,-1.0,20,1,3,0,0
16.3844,-1.0,50,7,3,0,0
16.3844,-1.0,50,10,3,0,0
16.5719,-1.0,10,1,3,0,0
16.6656,-1.0,10,4,3,0,0
16.7594,-1.0,20,1,3,0,0
16.7594,-1.0,50,7,3,0,0
16.7594,-1.0,50,10,3,0,0
16.9469,-1.0,10,4,3,0,0
16.9469,-1.0,10,7,3,0,0
17.1344,-1.0,20,1,3,0,0
17.1344,-1.0,10,4,3,0,0
17.1344,-1.0,81,10,3,0,0
17.1344,17.3219,101,10,3,0,0
17.3219,-1.0,10,4,3,0,0
17.5094,-1.0,81,1,3,0,0
17.5094,17.6969,101,1,3,0,0
17.5094,-1.0,10,7,3,0,0
17.5094,-1.0,20,10,3,0,0
17.6969,-1.0,10,7,3,0,0
17.8844,-1.0,10,7,3,0,0
17.8844,-1.0,20,10,3,0,0
17.9781,-1.0,10,4,3,0,0
18.0719,-1.0,10,1,3,0,0
18.1656,-1.0,10,4,3,0,0
18.2594,-1.0,10,7,3,0,0
18.2594,-1.0,10,10,3,0,0
18.4469,-1.0,50,1,3,0,0
18.4469,-1.0,50,4,3,0,0
18.4469,-1.0,50,7,3,0,0
18.4469,-1.0,50,10,3,0,0
18.8219,-1.0,10,8,2,0,0
18.9156,-1.0,10,6,2,0,0
19.0094,-1.0,10,8,2,0,0
19.1969,-1.0,10,4,2,0,0
19.2906,-1.0,10,6,2,0,0
19.3844,-1.0,10,4,2,0,0
19.5719,-1.0,10,8,2,0,0
19.6656,-1.0,10,6,2,0,0
19.7594,-1.0,20,11,2,0,0
19.8219,-1.0,20,8,2,0,0
19.8844,-1.0,20,5,2,0,0
19.9469,-1.0,20,2,2,0,0
20.1344,-1.0,10,1,2,0,0
20.1344,-1.0,80,8,2,0,0
20.1344,20.5094,100,8,2,0,0
20.3219,-1.0,900,8,2,0,0
20.5094,-1.0,10,1,2,0,0
20.5094,-1.0,10,11,2,0,0
20.6969,-1.0,10,4,2,0,0
20.7906,-1.0,10,7,2,0,0
20.8844,-1.0,10,1,2,0,0
20.8844,-1.0,80,10,2,0,0
20.8844,21.0719,100,10,2,0,0
21.0719,-1.0,10,7,2,0,0
21.2594,-1.0,10,1,2,0,0
21.2594,-1.0,10,7,2,0,0
21.4469,-1.0,80,11,2,0,0
21.4469,21.8219,100,11,2,0,0
21.6344,-1.0,10,1,3,0,0
21.6344,-1.0,900,11,2,0,0
21.8219,-1.0,10,8,2,0,0
21.9156,-1.0,10,5,2,0,0
22.0094,-1.0,10,1,3,0,0
22.0094,-1.0,10,11,2,0,0
22.1969,-1.0,10,7,3,0,0
22.3844,-1.0,10,1,3,0,0
22.3844,-1.0,10,11,2,0,0
22.5719,-1.0,10,5,2,0,0
22.7594,-1.0,10,1,3,0,0
22.7594,-1.0,10,10,2,0,0
22.9469,-1.0,10,4,2,0,0
22.9469,-1.0,10,8,2,0,0
23.1344,-1.0,10,1,3,0,0
23.1344,-1.0,10,11,2,0,0
23.3219,-1.0,10,4,2,0,0
23.5094,-1.0,10,1,3,0,0
23.5094,-1.0,10,11,2,0,0
23.6969,-1.0,10,8,2,0,0
23.7906,-1.0,10,5,2,0,0
23.8844,-1.0,10,1,3,0,0
23.8844,-1.0,10,11,2,0,0
24.0719,-1.0,10,5,2,0,0
24.2594,-1.0,10,1,3,0,0
24.2594,-1.0,10,11,2,0,0
24.4469,-1.0,80,5,2,0,0
24.4469,24.8219,100,5,2,0,0
24.4469,-1.0,50,7,4,0,0
24.6344,-1.0,900,5,2,0,0
24.8219,-1.0,10,7,3,0,0
25.0094,-1.0,50,3,4,0,0
25.0094,-1.0,80,11,2,0,0
25.0094,25.1969,100,11,2,0,0
25.1969,-1.0,10,5,3,0,0
25.3844,-1.0,80,3,2,0,0
25.3844,25.5719,100,3,2,0,0
25.3844,-1.0,50,7,4,0,0
25.5719,-1.0,80,8,2,0,0
25.5719,25.7594,100,8,2,0,0
25.7594,-1.0,50,1,4,0,0
25.7594,-1.0,80,11,2,0,0
25.7594,25.9469,100,11,2,0,0
25.9469,-1.0,10,4,3,0,0
26.1344,-1.0,20,7,3,0,0
26.1344,-1.0,20,10,3,0,0
26.3219,-1.0,10,4,3,0,0
26.5094,-1.0,10,1,3,0,0
26.5094,-1.0,10,7,3,0,0
26.6031,-1.0,10,11,2,0,0
26.6969,-1.0,80,7,3,0,0
26.6969,26.8844,100,7,3,0,0
26.8844,-1.0,80,1,3,0,0
26.8844,27.2594,100,1,3,0,0
26.8844,-1.0,80,5,2,0,0
26.8844,27.2594,100,5,2,0,0
27.0719,-1.0,900,1,3,0,0
27.0719,-1.0,10,4,5,0,0
27.2594,-1.0,50,7,4,0,0
27.4469,-1.0,10,4,3,0,0
27.5406,-1.0,10,7,3,0,0
27.6344,-1.0,20,1,3,0,0
27.6344,-1.0,81,10,3,0,0
27.6344,28.0094,101,10,3,0,0
27.8219,-1.0,10,4,3,0,0
27.8219,-1.0,900,10,3,0,0
28.0094,-1.0,10,7,3,0,0
28.1031,-1.0,10,4,3,0,0
28.1969,-1.0,10,1,3,0,0
28.2906,-1.0,10,4,3,0,0
28.3844,-1.0,80,7,2,0,0
28.3844,28.7594,100,7,2,0,0
28.3844,-1.0,80,10,3,0,0
28.3844,28.7594,100,10,3,0,0
28.5719,-1.0,10,5,5,0,0
28.5719,-1.0,900,10,3,0,0
28.7594,-1.0,50,3,4,0,0
28.9469,-1.0,10,7,3,0,0
29.1344,-1.0,81,1,3,0,0
29.1344,29.3219,101,1,3,0,0
29.1344,-1.0,81,4,3,0,0
29.1344,29.3219,101,4,3,0,0
29.1344,-1.0,50,9,4,0,0
29.3219,-1.0,10,7,3,0,0
29.5094,-1.0,50,1,4,0,0
29.5094,-1.0,81,7,3,0,0
29.5094,29.6969,101,7,3,0,0
29.5094,-1.0,81,10,3,0,0
29.5094,29.6969,101,10,3,0,0
29.6969,-1.0,10,4,3,0,0
29.8844,-1.0,81,1,3,0,0
29.8844,30.0719,101,1,3,0,0
29.8844,-1.0,81,4,3,0,0
29.8844,30.0719,101,4,3,0,0
29.8844,-1.0,50,8,5,0,0
30.0719,-1.0,10,7,4,0,0
30.2594,-1.0,50,1,5,0,0
30.2594,-1.0,81,7,3,0,0
30.2594,30.4469,101,7,3,0,0
30.2594,-1.0,81,10,3,0,0
30.2594,30.4469,101,10,3,0,0
30.4469,-1.0,10,3,4,0,0
30.5406,-1.0,10,7,4,0,0
30.6344,-1.0,10,1,3,0,0
30.6344,-1.0,10,4,3,0,0
30.8219,-1.0,10,4,3,0,0
30.8219,-1.0,10,7,3,0,0
31.0094,-1.0,10,7,3,0,0
31.0094,-1.0,10,10,3,0,0
31.1969,-1.0,10,4,3,0,0
31.1969,-1.0,10,7,3,0,0
31.3844,-1.0,80,1,3,0,0
31.3844,31.7594,100,1,3,0,0
31.3844,-1.0,80,10,3,0,0
31.3844,31.7594,100,10,3,0,0
31.5719,-1.0,900,1,3,0,0
31.5719,-1.0,10,4,3,0,0
31.5719,-1.0,10,7,3,0,0
31.5719,-1.0,900,10,3,0,0
31.7594,-1.0,10,4,3,0,0
31.7594,-1.0,10,7,3,0,0
31.9469,-1.0,10,10,3,0,0
32.0406,-1.0,10,7,3,0,0
32.1344,-1.0,81,1,3,0,0
32.1344,32.3219,101,1,3,0,0
32.1344,-1.0,10,4,3,0,0
32.3219,-1.0,10,7,3,0,0
32.5094,-1.0,10,4,3,0,0
32.5094,-1.0,81,10,3,0,0
32.5094,32.6969,101,10,3,0,0
32.6969,-1.0,10,7,3,0,0
32.7906,-1.0,10,4,3,0,0
32.8844,-1.0,81,1,3,0,0
32.8844,33.0719,101,1,3,0,0
32.8844,-1.0,10,10,3,0,0
33.0719,-1.0,10,7,3,0,0
33.2594,-1.0,10,1,3,0,0
33.2594,-1.0,20,7,3,0,0
33.4469,-1.0,10,4,3,0,0
33.4469,-1.0,80,10,3,0,0
33.4469,33.8219,100,10,3,0,0
33.6344,-1.0,20,1,3,0,0
33.6344,-1.0,900,10,3,0,0
33.8219,-1.0,10,4,3,0,0
33.8219,-1.0,10,7,3,0,0
34.0094,-1.0,20,4,3,0,0
34.0094,-1.0,50,10,3,0,0
34.1969,-1.0,10,4,3,0,0
34.1969,-1.0,10,7,3,0,0
34.3844,-1.0,50,1,3,0,0
34.3844,-1.0,20,7,3,0,0
34.5719,-1.0,10,4,3,0,0
34.5719,-1.0,10,7,3,0,0
34.7594,-1.0,20,1,3,0,0
34.7594,-1.0,50,10,3,0,0
34.8531,-1.0,10,4,3,0,0
34.9469,-1.0,10,7,3,0,0
35.1344,-1.0,20,1,3,0,0
35.1344,-1.0,80,10,3,0,0
35.1344,35.3219,100,10,3,0,0
35.3219,-1.0,10,7,3,0,0
35.5094,-1.0,20,1,3,0,0
35.5094,-1.0,10,10,3,0,0
35.6969,-1.0,10,4,3,0,0
35.7906,-1.0,10,7,3,0,0
35.8844,-1.0,20,1,3,0,0
35.8844,-1.0,10,10,3,0,0
35.9781,-1.0,10,7,3,0,0
36.0719,-1.0,10,4,3,0,0
36.2594,-1.0,20,1,3,0,0
36.2594,-1.0,10,10,3,0,0
36.4469,-1.0,50,1,3,0,0
36.4469,-1.0,50,4,3,0,0
36.4469,-1.0,81,7,3,0,0
36.4469,36.8219,101,7,3,0,0
36.6344,-1.0,900,7,3,0,0
36.8219,-1.0,10,4,3,0,0
37.0094,-1.0,81,4,3,0,0
37.0094,37.1969,101,4,3,0,0
37.0094,-1.0,50,7,3,0,0
37.0094,-1.0,50,10,3,0,0
37.1969,-1.0,10,7,3,0,0
37.3844,-1.0,20,1,3,0,0
37.3844,-1.0,20,10,3,0,0
37.5719,-1.0,10,4,3,0,0
37.6656,-1.0,10,7,3,0,0
37.7594,-1.0,20,1,3,0,0
37.7594,-1.0,20,4,3,0,0
37.9469,-1.0,10,7,3,0,0
38.0406,-1.0,10,4,3,0,0
38.1344,-1.0,20,7,3,0,0
38.1344,-1.0,20,10,3,0,0
38.3219,-1.0,10,4,3,0,0
38.3219,-1.0,10,10,3,0,0
38.5094,-1.0,81,1,3,0,0
38.5094,38.8844,101,1,3,0,0
38.5094,-1.0,50,7,3,0,0
38.5094,-1.0,50,10,3,0,0
38.6969,-1.0,900,1,3,0,0
38.8844,-1.0,83,7,3,0,0
38.8844,39.2594,110,7,3,0,0
38.8844,-1.0,83,10,3,0,0
38.8844,39.2594,110,10,3,0,0
39.0719,-1.0,10,1,3,0,0
39.0719,-1.0,10,4,3,0,0
39.0719,-1.0,900,7,3,0,0
39.0719,-1.0,40,7,3,0,0
39.0719,-1.0,900,10,3,0,0
39.0719,-1.0,40,10,3,0,0
39.2594,-1.0,10,1,3,0,0
39.2594,-1.0,10,4,3,0,0
39.4469,-1.0,10,7,3,0,0
39.6344,-1.0,20,1,3,0,0
39.6344,-1.0,20,10,3,0,0
39.7281,-1.0,10,4,3,0,0
39.8219,-1.0,10,7,3,0,0
39.9156,-1.0,10,4,3,0,0
40.0094,-1.0,81,10,3,0,0
40.0094,40.3844,101,10,3,0,0
40.1969,-1.0,900,10,3,0,0
40.3844,-1.0,83,1,3,0,0
40.3844,40.7594,110,1,3,0,0
40.3844,-1.0,83,4,3,0,0
40.3844,40.7594,110,4,3,0,0
40.5719,-1.0,900,1,3,0,0
40.5719,-1.0,40,1,3,0,0
40.5719,-1.0,900,4,3,0,0
40.5719,-1.0,40,4,3,0,0
40.5719,-1.0,10,7,3,0,0
40.5719,-1.0,10,10,3,0,0
40.7594,-1.0,10,7,3,0,0
40.7594,-1.0,10,10,3,0,0
40.9469,-1.0,10,4,3,0,0
41.1344,-1.0,81,1,3,0,0
41.1344,41.3219,101,1,3,0,0
41.1344,-1.0,10,7,3,0,0
41.3219,-1.0,81,4,3,0,0
41.3219,41.5094,101,4,3,0,0
41.3219,-1.0,10,10,3,0,0
41.5094,-1.0,50,7,3,0,0
41.5094,-1.0,50,10,3,0,0
41.8844,-1.0,10,4,3,0,0
41.8844,-1.0,81,10,3,0,0
41.8844,42.0719,101,10,3,0,0
42.0719,-1.0,10,1,3,0,0
42.0719,-1.0,81,7,3,0,0
42.0719,42.2594,101,7,3,0,0
42.2594,-1.0,50,1,3,0,0
42.2594,-1.0,50,4,3,0,0
42.3531,-1.0,10,10,3,0,0
42.4469,-1.0,10,7,3,0,0
42.5406,-1.0,10,4,3,0,0
42.6344,-1.0,81,1,3,0,0
42.6344,43.0094,101,1,3,0,0
42.6344,-1.0,81,10,3,0,0
42.6344,42.8219,101,10,3,0,0
42.8219,-1.0,900,1,3,0,0
42.8219,-1.0,80,7,3,0,0
42.8219,43.0094,100,7,3,0,0
43.0094,-1.0,80,4,3,0,0
43.0094,43.1969,100,4,3,0,0
43.0094,-1.0,80,10,3,0,0
43.0094,43.3844,100,10,3,0,0
43.1969,-1.0,80,1,3,0,0
43.1969,43.3844,100,1,3,0,0
43.1969,-1.0,900,10,3,0,0
43.3844,-1.0,10,7,3,0,0
43.4781,-1.0,10,4,3,0,0
43.5719,-1.0,10,7,3,0,0
43.7594,-1.0,10,10,3,0,0
43.8531,-1.0,10,7,3,0,0
43.9469,-1.0,10,4,3,0,0
44.0406,-1.0,10,1,3,0,0
44.1344,-1.0,80,11,2,0,0
44.1344,45.2594,100,11,2,0,0
44.3219,-1.0,900,11,2,0,0
44.5094,-1.0,900,11,2,0,0
44.6969,-1.0,10,1,2,0,0
44.6969,-1.0,900,11,2,0,0
44.8844,-1.0,900,11,2,0,0
45.0719,-1.0,900,11,2,0,0
45.2594,-1.0,10,1,2,0,0
45.2594,-1.0,80,8,2,0,0
45.2594,45.6344,100,8,2,0,0
45.4469,-1.0,900,8,2,0,0
45.6344,-1.0,80,4,2,0,0
45.6344,46.3844,100,4,2,0,0
45.8219,-1.0,900,4,2,0,0
45.8219,-1.0,10,8,2,0,0
46.0094,-1.0,900,4,2,0,0
46.1969,-1.0,900,4,2,0,0
46.3844,-1.0,80,1,2,0,0
46.3844,46.7594,100,1,2,0,0
46.3844,-1.0,10,11,2,0,0
46.5719,-1.0,900,1,2,0,0
46.7594,-1.0,80,4,2,0,0
46.7594,47.1344,100,4,2,0,0
46.7594,-1.0,10,7,2,0,0
46.9469,-1.0,900,4,2,0,0
47.1344,-1.0,10,1,2,0,0
47.1344,-1.0,80,11,2,0,0
47.1344,47.8844,100,11,2,0,0
47.3219,-1.0,900,11,2,0,0
47.5094,-1.0,10,8,2,0,0
47.5094,-1.0,900,11,2,0,0
47.6969,-1.0,10,1,2,0,0
47.6969,-1.0,900,11,2,0,0
47.8844,-1.0,80,8,2,0,0
47.8844,48.6344,100,8,2,0,0
48.0719,-1.0,900,8,2,0,0
48.1656,-1.0,10,4,2,0,0
48.2594,-1.0,10,1,2,0,0
48.2594,-1.0,900,8,2,0,0
48.4469,-1.0,900,8,2,0,0
48.4469,-1.0,10,11,2,0,0
48.6344,-1.0,10,1,3,0,0
48.8219,-1.0,10,4,3,0,0
49.0094,-1.0,10,1,3,0,0
49.0094,-1.0,10,10,3,0,0
49.1969,-1.0,10,7,3,0,0
49.2906,-1.0,10,4,3,0,0
49.3844,-1.0,10,10,3,0,0
49.4781,-1.0,10,4,3,0,0
49.5719,-1.0,10,7,3,0,0
49.7594,-1.0,10,1,4,0,0
49.7594,-1.0,10,9,4,0,0
50.1344,-1.0,80,1,3,0,0
50.1344,50.3219,100,1,3,0,0
50.1344,-1.0,80,4,3,0,0
50.1344,50.3219,100,4,3,0,0
50.1344,-1.0,20,9,4,0,0
50.3219,-1.0,10,10,3,0,0
50.5094,-1.0,80,1,3,0,0
50.5094,50.6969,100,1,3,0,0
50.5094,-1.0,80,4,3,0,0
50.5094,50.6969,100,4,3,0,0
50.5094,-1.0,20,9,4,0,0
50.6969,-1.0,10,10,3,0,0
50.8844,-1.0,80,1,3,0,0
50.8844,51.0719,100,1,3,0,0
50.8844,-1.0,80,4,3,0,0
50.8844,51.0719,100,4,3,0,0
50.8844,-1.0,20,7,4,0,0
51.0719,-1.0,10,7,3,0,0
51.2594,-1.0,80,1,3,0,0
51.2594,51.4469,100,1,3,0,0
51.2594,-1.0,80,4,3,0,0
51.2594,51.4469,100,4,3,0,0
51.2594,-1.0,20,7,4,0,0
51.4469,-1.0,10,7,3,0,0
51.6344,-1.0,20,3,4,0,0
51.6344,-1.0,80,7,3,0,0
51.6344,51.8219,100,7,3,0,0
51.6344,-1.0,80,10,3,0,0
51.6344,51.8219,100,10,3,0,0
51.8219,-1.0,10,4,3,0,0
52.0094,-1.0,20,3,4,0,0
52.0094,-1.0,80,7,3,0,0
52.0094,52.1969,100,7,3,0,0
52.0094,-1.0,80,10,3,0,0
52.0094,52.1969,100,10,3,0,0
52.1969,-1.0,10,4,3,0,0
52.3844,-1.0,20,1,4,0,0
52.3844,-1.0,82,10,3,0,0
52.3844,52.4469,110,10,3,JumpScratch,-5
52.4469,52.5094,110,8,3,JumpScratch,-5
52.5094,52.5719,110,6,3,JumpScratch,-5
52.7594,-1.0,10,5,4,0,0
52.9469,-1.0,50,1,4,0,0
52.9469,-1.0,50,5,4,0,0
52.9469,-1.0,50,9,4,0,0
53.3219,-1.0,10,4,3,0,0
53.3219,-1.0,10,7,3,0,0
53.5094,-1.0,80,1,3,0,0
53.5094,53.6969,100,1,3,0,0
53.5094,-1.0,10,7,3,0,0
53.5094,-1.0,20,10,3,0,0
53.6969,-1.0,10,6,3,0,0
53.8844,-1.0,20,1,3,0,0
53.8844,-1.0,10,4,3,0,0
53.8844,-1.0,80,10,3,0,0
53.8844,54.0719,100,10,3,0,0
54.0719,-1.0,10,5,3,0,0
54.2594,-1.0,82,1,4,0,0
54.2594,54.4469,110,1,4,0,0
54.2594,-1.0,20,5,4,0,0
54.2594,-1.0,82,9,4,0,0
54.2594,54.4469,110,9,4,0,0
54.8219,-1.0,50,1,4,0,0
54.8219,-1.0,50,5,4,0,0
54.8219,-1.0,50,9,4,0,0
55.1969,-1.0,50,1,3,0,0
55.1969,-1.0,50,4,3,0,0
55.1969,-1.0,50,7,3,0,0
55.1969,-1.0,50,10,3,0,0
56.1344,-1.0,50,1,3,JumpScratch,-3
56.1344,-1.0,50,4,3,JumpScratch,-3
56.1344,-1.0,10,7,3,0,0
56.1344,-1.0,20,10,3,0,0
56.5094,-1.0,20,1,3,0,0
56.5094,-1.0,10,4,3,0,0
56.5094,-1.0,50,7,3,JumpScratch,3
56.5094,-1.0,50,10,3,JumpScratch,3
56.6969,-1.0,10,4,3,0,0
56.7906,-1.0,10,7,3,0,0
56.8844,-1.0,80,1,3,0,0
56.8844,57.2594,100,1,3,0,0
56.8844,-1.0,10,10,3,0,0
57.0719,-1.0,900,1,3,0,0
57.0719,-1.0,10,7,3,0,0
57.1656,-1.0,10,4,3,0,0
57.2594,-1.0,10,7,3,0,0
57.4469,-1.0,50,1,3,0,0
57.4469,-1.0,50,4,3,0,0
57.4469,-1.0,80,10,3,0,0
57.4469,57.8219,100,10,3,0,0
57.6344,-1.0,900,10,3,0,0
57.8219,-1.0,10,1,3,0,0
57.8219,-1.0,10,4,3,0,0
57.9156,-1.0,10,5,5,0,0
58.0094,-1.0,50,1,3,0,0
58.0094,-1.0,50,4,3,0,0
58.1969,-1.0,10,7,3,0,0
58.1969,-1.0,10,10,3,0,0
58.2906,-1.0,10,4,5,0,0
58.3844,-1.0,50,7,3,0,0
58.3844,-1.0,50,10,3,0,0
58.5719,-1.0,10,4,3,0,0
58.5719,-1.0,10,7,3,0,0
58.7594,-1.0,50,1,3,0,0
58.7594,-1.0,50,4,3,0,0
58.7594,-1.0,50,7,3,0,0
58.7594,-1.0,50,10,3,0,0
59.1344,-1.0,20,1,4,0,0
59.1344,-1.0,20,9,4,0,0
59.3219,-1.0,10,1,3,0,0
59.4156,-1.0,10,4,3,0,0
59.5094,-1.0,50,6,3,0,0
59.5094,-1.0,50,10,2,0,0
59.6969,-1.0,10,2,3,0,0
59.7906,-1.0,10,5,3,0,0
59.8844,-1.0,50,7,3,0,0
59.8844,-1.0,50,11,2,0,0
60.0719,-1.0,10,4,4,0,0
60.2594,-1.0,50,1,4,0,0
60.2594,-1.0,10,7,3,0,0
60.2594,-1.0,10,10,3,0,0
60.4469,-1.0,81,1,3,0,0
60.4469,60.8219,101,1,3,0,0
60.4469,-1.0,81,4,3,0,0
60.4469,60.8219,101,4,3,0,0
60.4469,-1.0,50,9,4,0,0
60.6344,-1.0,900,1,3,0,0
60.6344,-1.0,900,4,3,0,0
60.8219,-1.0,83,7,3,0,0
60.8219,61.0094,110,7,3,0,0
60.8219,-1.0,83,10,3,0,0
60.8219,61.0094,110,10,3,0,0
61.0094,-1.0,81,1,3,0,0
61.0094,61.3844,101,1,3,0,0
61.0094,-1.0,81,4,3,0,0
61.0094,61.3844,101,4,3,0,0
61.1969,-1.0,900,1,3,0,0
61.1969,-1.0,900,4,3,0,0
61.3844,-1.0,10,7,3,0,0
61.4781,-1.0,10,10,3,0,0
61.5719,-1.0,10,4,3,0,0
61.6656,-1.0,10,1,3,0,0
61.7594,-1.0,50,5,4,0,0
61.7594,-1.0,50,9,4,0,0
61.9469,-1.0,10,3,4,0,0
62.1344,-1.0,20,1,3,0,0
62.1344,-1.0,81,7,2,0,0
62.1344,62.3219,101,7,2,0,0
62.1344,-1.0,81,10,3,0,0
62.1344,62.3219,101,10,3,0,0
62.3219,-1.0,82,4,3,0,0
62.3219,62.3688,110,4,3,JumpScratch,-4
62.3688,62.4156,110,3,3,JumpScratch,-4
62.4156,62.4625,110,2,3,JumpScratch,-4
62.5094,-1.0,20,7,2,0,0
62.5094,-1.0,20,10,3,0,0
62.6969,-1.0,10,7,3,0,0
62.7906,-1.0,10,4,3,0,0
62.8844,-1.0,10,1,3,0,0
62.8844,-1.0,80,10,3,0,0
62.8844,63.2594,100,10,3,0,0
63.0719,-1.0,10,4,3,0,0
63.0719,-1.0,900,10,3,0,0
63.1656,-1.0,10,7,3,0,0
63.2594,-1.0,10,4,3,0,0
63.4469,-1.0,80,1,3,0,0
63.4469,63.8219,100,1,3,0,0
63.4469,-1.0,50,7,3,0,0
63.4469,-1.0,50,10,3,0,0
63.6344,-1.0,900,1,3,0,0
63.8219,-1.0,10,7,3,0,0
63.8219,-1.0,10,10,3,0,0
63.9156,-1.0,10,4,5,0,0
64.0094,-1.0,50,7,3,0,0
64.0094,-1.0,50,10,3,0,0
64.1969,-1.0,10,1,3,0,0
64.1969,-1.0,10,4,3,0,0
64.2906,-1.0,10,5,5,0,0
64.3844,-1.0,50,1,3,0,0
64.3844,-1.0,50,4,3,0,0
64.5719,-1.0,10,4,3,0,0
64.5719,-1.0,10,7,3,0,0
64.7594,-1.0,50,1,3,0,0
64.7594,-1.0,50,4,3,0,0
64.7594,-1.0,50,7,3,0,0
64.7594,-1.0,50,10,3,0,0
65.1344,-1.0,20,1,4,0,0
65.1344,-1.0,20,9,4,0,0
65.3219,-1.0,10,10,3,0,0
65.4156,-1.0,10,7,3,0,0
65.5094,-1.0,50,2,2,0,0
65.5094,-1.0,50,5,3,0,0
65.6969,-1.0,10,9,3,0,0
65.7906,-1.0,10,6,3,0,0
65.8844,-1.0,81,1,2,0,0
65.8844,66.0719,101,1,2,0,0
65.8844,-1.0,81,4,3,0,0
65.8844,66.0719,101,4,3,0,0
66.0719,-1.0,10,9,4,0,0
66.1656,-1.0,10,4,3,0,0
66.2594,-1.0,10,7,4,0,0
66.4469,-1.0,83,1,3,0,0
66.4469,66.8219,110,1,3,0,0
66.4469,-1.0,83,4,3,0,0
66.4469,66.8219,110,4,3,0,0
66.4469,-1.0,50,7,3,0,0
66.4469,-1.0,50,10,3,0,0
66.6344,-1.0,900,1,3,0,0
66.6344,-1.0,900,4,3,0,0
66.8219,-1.0,10,7,3,0,0
66.8219,-1.0,10,10,3,0,0
67.0094,-1.0,10,5,4,0,0
67.1969,-1.0,10,1,3,0,0
67.2906,-1.0,10,4,3,0,0
67.3844,-1.0,20,7,3,0,0
67.3844,-1.0,20,10,3,0,0
67.5719,-1.0,10,4,3,0,0
67.5719,-1.0,10,7,3,0,0
67.7594,-1.0,10,10,3,0,0
67.8531,-1.0,10,7,3,0,0
67.9469,-1.0,10,4,3,0,0
68.0406,-1.0,10,1,3,0,0
68.1344,-1.0,20,4,3,0,0
68.1344,-1.0,81,10,3,0,0
68.1344,68.5094,101,10,3,0,0
68.3219,-1.0,900,10,3,0,0
68.5094,-1.0,50,1,4,0,0
68.5094,-1.0,10,7,3,0,0
68.6969,-1.0,10,7,3,0,0
68.8844,-1.0,50,2,4,0,0
68.8844,-1.0,10,7,3,0,0
68.8844,-1.0,20,10,3,0,0
69.0719,-1.0,10,6,4,0,0
69.2594,-1.0,50,1,4,0,0
69.2594,-1.0,10,6,3,0,0
69.2594,-1.0,20,9,3,0,0
69.4469,-1.0,10,5,4,0,0
69.6344,-1.0,20,1,3,0,0
69.6344,-1.0,10,4,3,0,0
69.6344,-1.0,50,8,4,0,0
69.8219,-1.0,10,4,3,0,0
69.9156,-1.0,10,7,3,0,0
70.0094,-1.0,20,1,3,0,0
70.0094,-1.0,10,4,3,0,0
70.1969,-1.0,10,7,3,0,0
70.2906,-1.0,10,4,3,0,0
70.3844,-1.0,10,7,3,0,0
70.3844,-1.0,20,10,3,0,0
70.5719,-1.0,10,4,3,0,0
70.5719,-1.0,10,7,3,0,0
70.7594,-1.0,50,1,4,0,0
70.7594,-1.0,50,9,4,0,0
71.1344,-1.0,83,1,4,0,0
71.1344,71.1813,110,1,4,JumpScratch,5
71.1344,-1.0,83,7,4,0,0
71.1344,71.1813,110,7,4,JumpScratch,5
71.1813,71.2281,110,2,4,JumpScratch,5
71.1813,71.2281,110,8,4,JumpScratch,5
71.2281,71.5563,110,9,4,JumpScratch,-5
71.4156,-1.0,900,9,4,0,0
71.5094,-1.0,83,3,4,0,0
71.5094,71.5563,110,3,4,JumpScratch,-5
71.5563,71.6031,110,2,4,JumpScratch,-5
71.5563,71.6031,110,8,4,JumpScratch,-5
71.6031,71.8844,110,1,4,JumpScratch,5
71.6031,71.8844,110,7,4,JumpScratch,5
71.7906,-1.0,900,1,4,0,0
71.7906,-1.0,900,7,4,0,0
71.8844,71.9313,110,2,4,JumpScratch,5
71.8844,71.9313,110,8,4,JumpScratch,5
71.9313,72.3063,110,3,4,JumpScratch,-5
72.1344,-1.0,900,3,4,0,0
72.2594,-1.0,83,9,4,0,0
72.2594,72.3063,110,9,4,JumpScratch,-5
72.3063,72.3531,110,2,4,JumpScratch,-5
72.3063,72.3531,110,8,4,JumpScratch,-5
72.3531,72.6344,110,1,4,JumpScratch,5
72.3531,72.6344,110,7,4,JumpScratch,5
72.5406,-1.0,900,1,4,0,0
72.5406,-1.0,900,7,4,0,0
72.6344,72.6813,110,2,4,JumpScratch,5
72.6344,72.6813,110,8,4,JumpScratch,5
72.6813,73.0094,110,9,4,JumpScratch,-6
72.8844,-1.0,900,9,4,0,0
73.0094,-1.0,50,1,5,JumpScratch,-5
73.0094,73.1969,110,1,4,JumpScratch,6
73.0094,73.1969,110,7,4,JumpScratch,6
73.5719,-1.0,10,4,3,0,0
73.5719,-1.0,10,7,3,0,0
73.7594,-1.0,10,1,3,0,0
73.7594,-1.0,10,10,3,0,0
73.8531,-1.0,10,4,3,0,0
73.9469,-1.0,10,7,3,0,0
74.0406,-1.0,10,10,3,0,0
74.1344,-1.0,81,1,3,0,0
74.1344,74.3219,101,1,3,0,0
74.1344,-1.0,81,5,2,0,0
74.1344,74.3219,101,5,2,0,0
74.3219,-1.0,82,7,3,0,0
74.3219,74.3688,110,7,3,JumpScratch,4
74.3688,74.4156,110,8,3,JumpScratch,4
74.4156,74.4625,110,9,3,JumpScratch,4
74.5094,-1.0,10,3,3,0,0
74.5094,-1.0,10,6,3,0,0
74.6969,-1.0,10,7,4,0,0
74.7906,-1.0,10,4,3,0,0
74.8844,-1.0,10,1,3,0,0
74.8844,-1.0,10,7,3,0,0
75.0719,-1.0,10,3,4,0,0
75.1656,-1.0,10,7,3,0,0
75.2594,-1.0,10,4,3,0,0
75.2594,-1.0,10,10,3,0,0
75.4469,-1.0,50,1,4,0,0
75.4469,-1.0,82,7,3,0,0
75.4469,75.8219,110,7,3,JumpScratch,6
75.6344,-1.0,900,7,3,0,0
75.8219,-1.0,10,1,3,0,0
75.8219,-1.0,10,4,3,0,0
75.8219,76.0094,110,11,2,JumpScratch,-4
76.0094,-1.0,10,2,3,0,0
76.0094,-1.0,10,5,3,0,0
76.0094,76.1969,110,9,2,JumpScratch,4
76.1969,-1.0,20,3,3,0,0
76.1969,-1.0,20,6,3,0,0
76.1969,76.3844,110,11,2,JumpScratch,-5
76.5719,-1.0,10,1,3,0,0
76.5719,-1.0,10,10,3,0,0
76.6656,-1.0,10,4,3,0,0
76.6656,-1.0,10,7,3,0,0
76.7594,-1.0,10,1,3,0,0
76.7594,-1.0,10,10,3,0,0
76.9469,-1.0,10,4,3,0,0
76.9469,-1.0,10,7,3,0,0
77.1344,-1.0,50,1,3,0,0
77.1344,-1.0,50,10,3,0,0
77.6969,-1.0,20,1,3,0,0
77.6969,-1.0,20,4,3,0,0
77.6969,-1.0,20,7,3,0,0
77.8844,-1.0,20,4,3,0,0
77.8844,-1.0,20,7,3,0,0
77.8844,-1.0,20,10,3,0,0
78.0719,-1.0,50,1,3,0,0
78.0719,-1.0,50,4,3,0,0
78.0719,-1.0,50,7,3,0,0
78.0719,-1.0,50,10,3,0,0
78.4469,-1.0,20,1,3,0,0
78.4469,-1.0,10,4,3,0,0
78.4469,-1.0,50,7,3,0,0
78.4469,-1.0,50,10,3,0,0
78.8219,-1.0,50,1,3,0,0
78.8219,-1.0,50,4,3,0,0
78.8219,-1.0,10,7,3,0,0
78.8219,-1.0,20,10,3,0,0
79.1969,-1.0,83,1,3,0,0
79.1969,79.3844,110,1,3,0,0
79.1969,-1.0,82,4,3,0,0
79.1969,79.3844,110,4,3,0,0
79.1969,-1.0,82,7,3,0,0
79.1969,79.3844,110,7,3,0,0
79.1969,-1.0,83,10,3,0,0
79.1969,79.3844,110,10,3,0,0
79.5719,-1.0,20,1,3,0,0
79.5719,-1.0,20,4,3,0,0
79.7594,-1.0,20,1,3,0,0
79.7594,-1.0,20,4,3,0,0
79.8531,-1.0,10,10,3,0,0
79.9469,-1.0,10,7,3,0,0
80.0406,-1.0,10,4,3,0,0
80.1344,-1.0,20,1,3,0,0
80.1344,-1.0,20,10,3,0,0
80.5094,-1.0,50,1,3,0,0
80.5094,-1.0,50,4,3,0,0
80.5094,-1.0,50,7,3,0,0
80.5094,-1.0,50,10,3,0,0
80.8844,-1.0,10,1,3,0,0
80.8844,-1.0,10,4,3,0,0
80.8844,-1.0,20,10,3,0,0
81.0719,-1.0,10,7,3,0,0
81.1656,-1.0,10,4,3,0,0
81.2594,-1.0,10,1,3,0,0
81.2594,-1.0,81,10,3,0,0
81.2594,81.4469,101,10,3,0,0
81.4469,-1.0,80,1,3,0,0
81.4469,81.6344,100,1,3,0,0
81.4469,-1.0,80,4,3,0,0
81.4469,81.6344,100,4,3,0,0
81.6344,-1.0,20,7,3,0,0
81.8219,-1.0,10,10,3,0,0
81.9156,-1.0,10,7,3,0,0
82.0094,-1.0,50,1,3,0,0
82.0094,-1.0,50,4,3,0,0
82.0094,-1.0,20,10,3,0,0
82.1969,-1.0,10,10,3,0,0
82.2906,-1.0,10,7,3,0,0
82.3844,-1.0,50,1,3,0,0
82.3844,-1.0,50,4,3,0,0
82.3844,-1.0,20,10,3,0,0
82.5719,-1.0,10,4,3,0,0
82.5719,-1.0,10,7,3,0,0
82.7594,-1.0,20,1,3,0,0
82.7594,-1.0,50,10,3,0,0
82.8531,-1.0,10,4,3,0,0
82.9469,-1.0,10,7,3,0,0
83.1344,-1.0,81,1,3,0,0
83.1344,83.3219,101,1,3,0,0
83.1344,-1.0,10,7,3,0,0
83.1344,-1.0,20,10,3,0,0
83.3219,-1.0,10,7,3,0,0
83.5094,-1.0,20,1,3,0,0
83.5094,-1.0,10,4,3,0,0
83.5094,-1.0,81,10,3,0,0
83.5094,83.6969,101,10,3,0,0
83.6969,-1.0,10,4,3,0,0
83.8844,-1.0,20,1,3,0,0
83.8844,-1.0,20,4,3,0,0
83.9781,-1.0,10,7,3,0,0
84.0719,-1.0,10,10,3,0,0
84.2594,-1.0,81,1,3,0,0
84.2594,84.4469,101,1,3,0,0
84.2594,-1.0,10,7,3,0,0
84.4469,-1.0,10,4,3,0,0
84.4469,-1.0,80,10,3,0,0
84.4469,84.6344,100,10,3,0,0
84.6344,-1.0,20,1,3,0,0
84.8219,-1.0,10,7,3,0,0
84.9156,-1.0,10,4,3,0,0
85.0094,-1.0,20,1,3,0,0
85.0094,-1.0,50,7,3,0,0
85.0094,-1.0,50,10,3,0,0
85.1969,-1.0,10,4,3,0,0
85.2906,-1.0,10,7,3,0,0
85.3844,-1.0,50,1,3,0,0
85.3844,-1.0,50,4,3,0,0
85.3844,-1.0,20,10,3,0,0
85.5719,-1.0,10,7,3,0,0
85.6656,-1.0,10,4,3,0,0
85.7594,-1.0,20,1,3,0,0
85.7594,-1.0,20,10,3,0,0
85.8531,-1.0,10,7,3,0,0
85.9469,-1.0,10,4,3,0,0
86.0406,-1.0,10,7,3,0,0
86.1344,-1.0,20,1,3,0,0
86.1344,-1.0,81,10,3,0,0
86.1344,86.3219,101,10,3,0,0
86.3219,-1.0,10,4,3,0,0
86.5094,-1.0,81,1,3,0,0
86.5094,86.6969,101,1,3,0,0
86.5094,-1.0,10,7,3,0,0
86.5094,-1.0,20,10,3,0,0
86.6969,-1.0,10,7,3,0,0
86.8844,-1.0,20,1,3,0,0
86.8844,-1.0,10,4,3,0,0
86.9781,-1.0,10,7,3,0,0
87.0719,-1.0,10,10,3,0,0
87.2594,-1.0,81,1,3,0,0
87.2594,87.4469,101,1,3,0,0
87.2594,-1.0,10,7,3,0,0
87.4469,-1.0,80,7,3,0,0
87.4469,87.6344,100,7,3,0,0
87.4469,-1.0,80,10,3,0,0
87.4469,87.6344,100,10,3,0,0
87.6344,-1.0,20,4,3,0,0
87.8219,-1.0,10,1,3,0,0
87.9156,-1.0,10,4,3,0,0
88.0094,-1.0,20,1,3,0,0
88.0094,-1.0,50,7,3,0,0
88.0094,-1.0,50,10,3,0,0
88.1969,-1.0,10,1,3,0,0
88.2906,-1.0,10,4,3,0,0
88.3844,-1.0,20,1,3,0,0
88.3844,-1.0,50,7,3,0,0
88.3844,-1.0,50,10,3,0,0
88.5719,-1.0,10,1,3,0,0
88.6656,-1.0,10,4,3,0,0
88.7594,-1.0,20,1,3,0,0
88.7594,-1.0,50,7,3,0,0
88.7594,-1.0,50,10,3,0,0
88.9469,-1.0,10,4,3,0,0
88.9469,-1.0,10,7,3,0,0
89.1344,-1.0,20,1,3,0,0
89.1344,-1.0,10,4,3,0,0
89.1344,-1.0,81,10,3,0,0
89.1344,89.3219,101,10,3,0,0
89.3219,-1.0,10,4,3,0,0
89.5094,-1.0,81,1,3,0,0
89.5094,89.6969,101,1,3,0,0
89.5094,-1.0,10,7,3,0,0
89.5094,-1.0,20,10,3,0,0
89.6969,-1.0,10,7,3,0,0
89.8844,-1.0,10,7,3,0,0
89.8844,-1.0,20,10,3,0,0
89.9781,-1.0,10,4,3,0,0
90.0719,-1.0,10,1,3,0,0
90.1656,-1.0,10,4,3,0,0
90.2594,-1.0,10,7,3,0,0
90.2594,-1.0,10,10,3,0,0
90.4469,-1.0,50,1,3,0,0
90.4469,-1.0,50,4,3,0,0
90.4469,-1.0,50,7,3,0,0
90.4469,-1.0,50,10,3,0,0
90.8219,-1.0,10,8,2,0,0
90.9156,-1.0,10,6,2,0,0
91.0094,-1.0,10,8,2,0,0
91.1969,-1.0,10,4,2,0,0
91.2906,-1.0,10,6,2,0,0
91.3844,-1.0,10,4,2,0,0
91.5719,-1.0,82,1,3,0,0
91.5719,91.7594,110,1,3,0,0
91.5719,-1.0,82,10,3,0,0
91.5719,91.7594,110,10,3,0,0
91.7594,-1.0,50,5,4,0,0
92.1344,-1.0,10,1,3,0,0
92.1344,-1.0,10,11,2,0,0
92.3219,-1.0,10,11,2,0,0
92.5094,-1.0,10,1,3,0,0
92.5094,-1.0,10,11,2,0,0
92.6031,-1.0,10,8,2,0,0
92.6969,-1.0,10,5,2,0,0
92.8844,-1.0,80,1,3,0,0
92.8844,93.2594,100,1,3,0,0
92.8844,-1.0,10,11,2,0,0
93.0719,-1.0,900,1,3,0,0
93.0719,-1.0,20,7,2,0,0
93.0719,-1.0,20,10,2,0,0
93.2594,-1.0,20,7,2,0,0
93.2594,-1.0,20,10,2,0,0
93.4469,-1.0,10,4,2,0,0
93.6344,-1.0,10,1,2,0,0
93.6344,-1.0,10,10,3,0,0
93.8219,-1.0,10,1,2,0,0
94.0094,-1.0,80,1,2,0,0
94.0094,94.1969,100,1,2,0,0
94.0094,-1.0,10,10,3,0,0
94.1969,-1.0,80,4,2,0,0
94.1969,94.3844,100,4,2,0,0
94.3844,-1.0,10,7,2,0,0
94.3844,-1.0,80,10,3,0,0
94.3844,94.7594,100,10,3,0,0
94.5719,-1.0,20,2,2,0,0
94.5719,-1.0,20,5,2,0,0
94.5719,-1.0,900,10,3,0,0
94.7594,-1.0,20,2,2,0,0
94.7594,-1.0,20,5,2,0,0
94.9469,-1.0,82,7,3,0,0
94.9469,95.1344,110,7,3,JumpScratch,6
95.1344,-1.0,20,1,3,0,0
95.1344,-1.0,10,4,3,0,0
95.3219,-1.0,82,4,3,0,0
95.3219,95.5094,110,4,3,JumpScratch,-6
95.5094,-1.0,10,7,3,0,0
95.5094,-1.0,20,10,3,0,0
95.6969,-1.0,82,7,3,0,0
95.6969,95.8844,110,7,3,JumpScratch,6
95.8844,-1.0,20,1,3,0,0
95.8844,-1.0,10,4,3,0,0
96.0719,-1.0,82,4,3,0,0
96.0719,96.2594,110,4,3,JumpScratch,-6
96.2594,-1.0,10,7,3,0,0
96.2594,-1.0,20,10,3,0,0
96.4469,-1.0,10,5,4,0,0
96.6344,-1.0,10,1,3,0,0
96.6344,-1.0,10,10,3,0,0
96.8219,-1.0,10,4,2,0,0
96.9156,-1.0,10,7,2,0,0
97.0094,-1.0,10,1,3,0,0
97.0094,-1.0,10,10,3,0,0
97.1969,-1.0,10,7,3,0,0
97.3844,-1.0,80,1,3,0,0
97.3844,97.5719,100,1,3,0,0
97.3844,-1.0,80,4,3,0,0
97.3844,97.5719,100,4,3,0,0
97.3844,-1.0,10,10,3,0,0
97.5719,-1.0,80,7,3,0,0
97.5719,97.7594,100,7,3,0,0
97.7594,-1.0,50,1,3,0,0
97.7594,-1.0,50,4,3,0,0
98.1344,-1.0,80,1,6,0,0
98.1344,98.3219,100,1,6,0,0
98.1344,-1.0,20,7,3,0,0
98.1344,-1.0,20,10,3,0,0
98.3219,-1.0,50,7,3,0,0
98.3219,-1.0,50,10,3,0,0
99.6344,-1.0,20,1,3,0,0
99.6344,-1.0,20,4,3,0,0
99.6344,-1.0,80,7,6,0,0
99.6344,99.8219,100,7,6,0,0
99.8219,-1.0,50,1,3,0,0
99.8219,-1.0,50,4,3,0,0
100.7594,-1.0,10,10,3,0,0
100.8531,-1.0,10,7,3,0,0
100.9469,-1.0,10,4,3,0,0
101.0406,-1.0,10,1,3,0,0
101.1344,-1.0,50,7,6,0,0
101.5094,-1.0,80,4,2,0,0
101.5094,101.8844,100,4,2,0,0
101.5094,-1.0,10,8,2,0,0
101.6969,-1.0,900,4,2,0,0
101.6969,-1.0,10,11,2,0,0
101.8844,-1.0,10,1,2,0,0
101.8844,-1.0,80,8,2,0,0
101.8844,102.2594,100,8,2,0,0
102.0719,-1.0,10,4,2,0,0
102.0719,-1.0,900,8,2,0,0
102.2594,-1.0,10,1,2,0,0
102.2594,-1.0,80,11,2,0,0
102.2594,102.6344,100,11,2,0,0
102.3531,-1.0,10,4,2,0,0
102.4469,-1.0,10,7,2,0,0
102.4469,-1.0,900,11,2,0,0
102.6344,-1.0,83,3,4,0,0
102.6344,102.6813,110,3,4,JumpScratch,6
102.6813,102.7281,110,6,3,JumpScratch,5
102.7281,102.7750,110,8,3,JumpScratch,5
102.7750,103.3844,110,10,3,JumpScratch,-4
102.9469,-1.0,900,10,3,0,0
103.0094,-1.0,82,1,4,0,0
103.0094,103.3844,110,1,4,0,0
103.1031,-1.0,40,1,4,0,0
103.1344,-1.0,900,10,3,0,0
103.1969,-1.0,900,1,4,0,0
103.1969,-1.0,40,1,4,0,0
103.2906,-1.0,40,1,4,0,0
103.3844,103.4313,110,9,3,JumpScratch,-4
103.4313,103.4781,110,8,3,JumpScratch,-4
103.4781,103.5250,110,7,3,JumpScratch,-4
103.5250,103.5719,110,6,3,JumpScratch,-4
103.5719,103.6188,110,5,3,JumpScratch,-4
103.6188,103.6656,110,4,3,JumpScratch,-4
103.6656,103.7125,110,3,3,JumpScratch,-5
103.7594,-1.0,50,7,6,0,0
104.1344,-1.0,81,1,3,0,0
104.1344,104.8844,101,1,3,0,0
104.1344,-1.0,82,7,3,0,0
104.1344,104.5094,110,7,3,JumpScratch,6
104.3219,-1.0,900,1,3,0,0
104.3219,-1.0,900,7,3,0,0
104.5094,-1.0,900,1,3,0,0
104.6969,-1.0,900,1,3,0,0
104.8844,-1.0,80,4,3,0,0
104.8844,105.6344,100,4,3,0,0
104.8844,-1.0,82,10,3,0,0
104.8844,105.2594,110,10,3,JumpScratch,-6
105.0719,-1.0,900,4,3,0,0
105.0719,-1.0,900,10,3,0,0
105.2594,-1.0,900,4,3,0,0
105.4469,-1.0,900,4,3,0,0
105.6344,-1.0,82,1,3,0,0
105.6344,106.0094,110,1,3,JumpScratch,6
105.6344,-1.0,80,7,3,0,0
105.6344,106.3844,100,7,3,0,0
105.8219,-1.0,900,1,3,0,0
105.8219,-1.0,900,7,3,0,0
106.0094,-1.0,900,7,3,0,0
106.1969,-1.0,900,7,3,0,0
106.3844,-1.0,82,4,3,0,0
106.3844,106.7594,110,4,3,JumpScratch,-6
106.3844,-1.0,80,10,3,0,0
106.3844,107.1344,100,10,3,0,0
106.5719,-1.0,900,4,3,0,0
106.5719,-1.0,900,10,3,0,0
106.7594,-1.0,900,10,3,0,0
106.9469,-1.0,900,10,3,0,0
107.1344,-1.0,82,1,3,0,0
107.1344,107.5094,110,1,3,JumpScratch,6
107.1344,-1.0,80,7,3,0,0
107.1344,107.8844,100,7,3,0,0
107.3219,-1.0,900,1,3,0,0
107.3219,-1.0,900,7,3,0,0
107.5094,-1.0,900,7,3,0,0
107.6969,-1.0,900,7,3,0,0
107.8844,-1.0,80,4,3,0,0
107.8844,108.6344,100,4,3,0,0
107.8844,-1.0,82,10,3,0,0
107.8844,108.2594,110,10,3,JumpScratch,-6
108.0719,-1.0,900,4,3,0,0
108.0719,-1.0,900,10,3,0,0
108.2594,-1.0,900,4,3,0,0
108.4469,-1.0,900,4,3,0,0
108.6344,-1.0,10,1,3,0,0
108.6344,-1.0,10,10,3,0,0
108.8219,-1.0,10,7,3,0,0
109.0094,-1.0,10,1,3,0,0
109.0094,-1.0,10,10,3,0,0
109.1969,-1.0,10,4,3,0,0
109.2906,-1.0,10,7,3,0,0
109.3844,-1.0,10,1,3,0,0
109.4781,-1.0,10,7,3,0,0
109.5719,-1.0,10,4,3,0,0
109.7594,-1.0,10,1,4,0,0
109.7594,-1.0,10,9,4,0,0
110.1344,-1.0,20,1,4,0,0
110.1344,-1.0,80,7,3,0,0
110.1344,110.3219,100,7,3,0,0
110.1344,-1.0,80,10,3,0,0
110.1344,110.3219,100,10,3,0,0
110.3219,-1.0,10,1,3,0,0
110.5094,-1.0,20,3,4,0,0
110.5094,-1.0,80,7,3,0,0
110.5094,110.6969,100,7,3,0,0
110.5094,-1.0,80,10,3,0,0
110.5094,110.6969,100,10,3,0,0
110.6969,-1.0,10,4,3,0,0
110.8844,-1.0,20,1,4,0,0
110.8844,-1.0,80,7,3,0,0
110.8844,111.0719,100,7,3,0,0
110.8844,-1.0,80,10,3,0,0
110.8844,111.0719,100,10,3,0,0
111.0719,-1.0,10,1,3,0,0
111.2594,-1.0,20,3,4,0,0
111.2594,-1.0,80,7,3,0,0
111.2594,111.4469,100,7,3,0,0
111.2594,-1.0,80,10,3,0,0
111.2594,111.4469,100,10,3,0,0
111.4469,-1.0,10,4,3,0,0
111.6344,-1.0,80,1,3,0,0
111.6344,111.8219,100,1,3,0,0
111.6344,-1.0,80,4,3,0,0
111.6344,111.8219,100,4,3,0,0
111.6344,-1.0,20,9,4,0,0
111.8219,-1.0,10,10,3,0,0
112.0094,-1.0,80,1,3,0,0
112.0094,112.1969,100,1,3,0,0
112.0094,-1.0,80,4,3,0,0
112.0094,112.1969,100,4,3,0,0
112.0094,-1.0,20,7,4,0,0
112.1969,-1.0,10,7,3,0,0
112.3844,-1.0,10,1,3,0,0
112.3844,-1.0,20,9,4,0,0
112.4781,-1.0,10,4,3,0,0
112.5719,-1.0,10,7,3,0,0
112.7594,-1.0,10,5,4,0,0
112.9469,-1.0,50,1,4,0,0
112.9469,-1.0,50,5,4,0,0
112.9469,-1.0,50,9,4,0,0
113.3219,-1.0,10,4,3,0,0
113.3219,-1.0,10,7,3,0,0
113.5094,-1.0,20,1,3,0,0
113.5094,-1.0,10,4,3,0,0
113.5094,-1.0,80,10,3,0,0
113.5094,113.6969,100,10,3,0,0
113.6969,-1.0,10,5,3,0,0
113.8844,-1.0,80,1,3,0,0
113.8844,114.0719,100,1,3,0,0
113.8844,-1.0,10,7,3,0,0
113.8844,-1.0,20,10,3,0,0
114.0719,-1.0,10,6,3,0,0
114.2594,-1.0,82,1,4,0,0
114.2594,114.4469,110,1,4,0,0
114.2594,-1.0,20,5,4,0,0
114.2594,-1.0,82,9,4,0,0
114.2594,114.4469,110,9,4,0,0
114.8219,-1.0,50,1,4,0,0
114.8219,-1.0,50,5,4,0,0
114.8219,-1.0,50,9,4,0,0
115.1969,-1.0,50,1,3,0,0
115.1969,-1.0,50,4,3,0,0
115.1969,-1.0,50,7,3,0,0
115.1969,-1.0,50,10,3,0,0
116.1344,-1.0,20,1,3,0,0
116.1344,-1.0,10,4,3,0,0
116.1344,-1.0,50,7,3,JumpScratch,3
116.1344,-1.0,50,10,3,JumpScratch,3
116.5094,-1.0,50,1,3,JumpScratch,-3
116.5094,-1.0,50,4,3,JumpScratch,-3
116.5094,-1.0,10,7,3,0,0
116.5094,-1.0,20,10,3,0,0
116.6969,-1.0,10,7,3,0,0
116.7906,-1.0,10,4,3,0,0
116.8844,-1.0,80,1,3,0,0
116.8844,117.2594,100,1,3,0,0
116.8844,-1.0,80,10,3,0,0
116.8844,117.2594,100,10,3,0,0
117.0719,-1.0,900,1,3,0,0
117.0719,-1.0,10,4,3,0,0
117.0719,-1.0,900,10,3,0,0
117.1656,-1.0,10,7,3,0,0
117.2594,-1.0,10,5,4,0,0
117.4469,-1.0,80,1,3,0,0
117.4469,117.8219,100,1,3,0,0
117.4469,-1.0,50,7,3,0,0
117.4469,-1.0,50,10,3,0,0
117.6344,-1.0,900,1,3,0,0
117.8219,-1.0,10,7,3,0,0
117.8219,-1.0,10,10,3,0,0
117.9156,-1.0,10,4,5,0,0
118.0094,-1.0,50,7,3,0,0
118.0094,-1.0,50,10,3,0,0
118.1969,-1.0,10,1,3,0,0
118.1969,-1.0,10,4,3,0,0
118.2906,-1.0,10,5,5,0,0
118.3844,-1.0,50,1,3,0,0
118.3844,-1.0,50,4,3,0,0
118.5719,-1.0,10,4,3,0,0
118.5719,-1.0,10,7,3,0,0
118.7594,-1.0,50,1,3,0,0
118.7594,-1.0,50,4,3,0,0
118.7594,-1.0,50,7,3,0,0
118.7594,-1.0,50,10,3,0,0
119.1344,-1.0,20,1,4,0,0
119.1344,-1.0,20,9,4,0,0
119.3219,-1.0,10,6,3,0,0
119.4156,-1.0,10,9,3,0,0
119.5094,-1.0,50,1,3,0,0
119.5094,-1.0,50,5,2,0,0
119.6969,-1.0,10,7,3,0,0
119.7906,-1.0,10,10,3,0,0
119.8844,-1.0,50,2,3,0,0
119.8844,-1.0,50,6,2,0,0
120.0719,-1.0,10,6,4,0,0
120.2594,-1.0,10,1,3,0,0
120.2594,-1.0,10,4,3,0,0
120.2594,-1.0,50,9,4,0,0
120.4469,-1.0,50,1,4,0,0
120.4469,-1.0,81,7,3,0,0
120.4469,120.8219,101,7,3,0,0
120.4469,-1.0,81,10,3,0,0
120.4469,120.8219,101,10,3,0,0
120.6344,-1.0,900,7,3,0,0
120.6344,-1.0,900,10,3,0,0
120.8219,-1.0,81,1,3,0,0
120.8219,121.0094,101,1,3,0,0
120.8219,-1.0,81,4,3,0,0
120.8219,121.0094,101,4,3,0,0
121.0094,-1.0,50,7,3,0,0
121.0094,-1.0,50,10,3,0,0
121.1969,-1.0,82,4,3,0,0
121.1969,121.2438,110,4,3,JumpScratch,-4
121.2438,121.2906,110,3,2,JumpScratch,-3
121.2906,121.3375,110,2,2,JumpScratch,-3
121.3844,-1.0,10,7,2,0,0
121.3844,-1.0,10,10,2,0,0
121.5719,-1.0,10,7,3,0,0
121.6656,-1.0,10,10,3,0,0
121.7594,-1.0,10,4,3,0,0
121.8531,-1.0,10,7,3,0,0
121.9469,-1.0,10,4,3,0,0
122.0406,-1.0,10,7,3,0,0
122.1344,-1.0,81,1,3,0,0
122.1344,122.3219,101,1,3,0,0
122.1344,-1.0,20,10,3,0,0
122.3219,-1.0,82,7,3,0,0
122.3219,122.3688,110,7,3,JumpScratch,4
122.3688,122.4156,110,8,3,JumpScratch,4
122.4156,122.4625,110,9,3,JumpScratch,4
122.5094,-1.0,20,1,3,0,0
122.5094,-1.0,20,5,2,0,0
122.6969,-1.0,10,4,3,0,0
122.7906,-1.0,10,7,3,0,0
122.8844,-1.0,80,1,3,0,0
122.8844,123.2594,100,1,3,0,0
122.8844,-1.0,80,10,3,0,0
122.8844,123.2594,100,10,3,0,0
123.0719,-1.0,900,1,3,0,0
123.0719,-1.0,10,7,3,0,0
123.0719,-1.0,900,10,3,0,0
123.1656,-1.0,10,4,3,0,0
123.2594,-1.0,10,5,4,0,0
123.4469,-1.0,50,1,3,0,0
123.4469,-1.0,50,4,3,0,0
123.4469,-1.0,80,10,3,0,0
123.4469,123.8219,100,10,3,0,0
123.6344,-1.0,900,10,3,0,0
123.8219,-1.0,10,1,3,0,0
123.8219,-1.0,10,4,3,0,0
123.9156,-1.0,10,5,5,0,0
124.0094,-1.0,50,1,3,0,0
124.0094,-1.0,50,4,3,0,0
124.1969,-1.0,10,7,3,0,0
124.1969,-1.0,10,10,3,0,0
124.2906,-1.0,10,4,5,0,0
124.3844,-1.0,50,7,3,0,0
124.3844,-1.0,50,10,3,0,0
124.5719,-1.0,10,4,3,0,0
124.5719,-1.0,10,7,3,0,0
124.7594,-1.0,50,1,3,0,0
124.7594,-1.0,50,4,3,0,0
124.7594,-1.0,50,7,3,0,0
124.7594,-1.0,50,10,3,0,0
125.1344,-1.0,20,1,4,0,0
125.1344,-1.0,20,9,4,0,0
125.3219,-1.0,10,4,3,0,0
125.4156,-1.0,10,1,3,0,0
125.5094,-1.0,50,6,2,0,0
125.5094,-1.0,50,9,3,0,0
125.6969,-1.0,10,5,3,0,0
125.7906,-1.0,10,2,3,0,0
125.8844,-1.0,81,7,2,0,0
125.8844,126.0719,101,7,2,0,0
125.8844,-1.0,81,10,3,0,0
125.8844,126.0719,101,10,3,0,0
126.0719,-1.0,10,1,4,0,0
126.1656,-1.0,10,7,3,0,0
126.2594,-1.0,10,3,4,0,0
126.4469,-1.0,50,1,3,0,0
126.4469,-1.0,50,4,3,0,0
126.4469,-1.0,83,7,3,0,0
126.4469,126.8219,110,7,3,0,0
126.4469,-1.0,83,10,3,0,0
126.4469,126.8219,110,10,3,0,0
126.6344,-1.0,900,7,3,0,0
126.6344,-1.0,900,10,3,0,0
126.8219,-1.0,10,1,3,0,0
126.8219,-1.0,10,4,3,0,0
127.0094,-1.0,10,5,4,0,0
127.1969,-1.0,10,10,3,0,0
127.2906,-1.0,10,7,3,0,0
127.3844,-1.0,20,1,3,0,0
127.3844,-1.0,20,4,3,0,0
127.5719,-1.0,10,4,3,0,0
127.5719,-1.0,10,7,3,0,0
127.7594,-1.0,10,1,3,0,0
127.8531,-1.0,10,4,3,0,0
127.9469,-1.0,10,7,3,0,0
128.0406,-1.0,10,10,3,0,0
128.1344,-1.0,83,1,3,0,0
128.1344,128.5094,110,1,3,0,0
128.1344,-1.0,20,7,3,0,0
128.3219,-1.0,900,1,3,0,0
128.5094,-1.0,10,6,3,0,0
128.5094,-1.0,83,9,3,0,0
128.5094,128.8844,110,9,3,0,0
128.6969,-1.0,10,2,4,0,0
128.6969,-1.0,900,9,3,0,0
128.8844,-1.0,83,2,3,0,0
128.8844,129.2594,110,2,3,0,0
128.8844,-1.0,10,5,3,0,0
129.0719,-1.0,900,2,3,0,0
129.0719,-1.0,10,8,4,0,0
129.2594,-1.0,10,7,3,0,0
129.2594,-1.0,83,10,3,0,0
129.2594,129.6344,110,10,3,0,0
129.4469,-1.0,10,2,4,0,0
129.4469,-1.0,900,10,3,0,0
129.6344,-1.0,20,1,3,0,0
129.6344,-1.0,10,4,3,0,0
129.8219,-1.0,10,7,3,0,0
129.9156,-1.0,10,4,3,0,0
130.0094,-1.0,10,7,3,0,0
130.0094,-1.0,20,10,3,0,0
130.1969,-1.0,10,4,3,0,0
130.2906,-1.0,10,7,3,0,0
130.3844,-1.0,20,1,3,0,0
130.3844,-1.0,10,4,3,0,0
130.5719,-1.0,10,4,3,0,0
130.5719,-1.0,10,7,3,0,0
130.7594,-1.0,50,1,4,0,0
130.7594,-1.0,50,9,4,0,0
131.1344,-1.0,50,1,4,0,0
131.1344,-1.0,83,6,4,0,0
131.1344,131.1813,110,6,4,JumpScratch,-7
131.1813,131.2281,110,3,3,JumpScratch,-5
131.2281,131.9313,110,1,4,JumpScratch,6
131.4156,-1.0,900,1,4,0,0
131.5094,-1.0,83,9,3,0,0
131.5094,131.5563,110,9,3,JumpScratch,-5
131.5563,131.6031,110,7,3,JumpScratch,-4
131.6031,-1.0,900,1,4,0,0
131.6031,131.8844,110,6,3,JumpScratch,7
131.7906,-1.0,900,1,4,0,0
131.7906,-1.0,900,6,3,0,0
131.9313,131.9781,110,4,3,JumpScratch,6
131.9781,132.0250,110,7,3,JumpScratch,6
132.0250,132.6813,110,9,4,JumpScratch,-6
132.1969,-1.0,900,9,4,0,0
132.2594,-1.0,83,2,3,0,0
132.2594,132.3063,110,2,3,JumpScratch,5
132.3063,132.3531,110,4,3,JumpScratch,4
132.3531,132.6344,110,5,3,JumpScratch,-7
132.3844,-1.0,900,9,4,0,0
132.5406,-1.0,900,5,3,0,0
132.5719,-1.0,900,9,4,0,0
132.6813,132.7281,110,7,3,JumpScratch,-6
132.7281,132.7750,110,4,3,JumpScratch,-6
132.7750,133.1969,110,1,4,JumpScratch,6
132.9469,-1.0,900,1,4,0,0
133.0094,-1.0,83,9,4,0,0
133.0094,133.1969,110,9,4,JumpScratch,-6
133.5719,-1.0,10,4,3,0,0
133.5719,-1.0,10,7,3,0,0
133.7594,-1.0,10,1,3,0,0
133.7594,-1.0,10,10,3,0,0
133.8531,-1.0,10,7,3,0,0
133.9469,-1.0,10,4,3,0,0
134.0406,-1.0,10,1,3,0,0
134.1344,-1.0,81,7,2,0,0
134.1344,134.3219,101,7,2,0,0
134.1344,-1.0,81,10,3,0,0
134.1344,134.3219,101,10,3,0,0
134.3219,-1.0,82,4,3,0,0
134.3219,134.3688,110,4,3,JumpScratch,-4
134.3688,134.4156,110,3,3,JumpScratch,-4
134.4156,134.4625,110,2,3,JumpScratch,-4
134.5094,-1.0,20,7,2,0,0
134.5094,-1.0,20,10,3,0,0
134.6969,-1.0,10,3,4,0,0
134.7906,-1.0,10,7,3,0,0
134.8844,-1.0,10,4,3,0,0
134.8844,-1.0,10,10,3,0,0
135.0719,-1.0,10,7,4,0,0
135.1656,-1.0,10,4,3,0,0
135.2594,-1.0,10,1,3,0,0
135.2594,-1.0,10,7,3,0,0
135.4469,-1.0,82,4,3,0,0
135.4469,135.8219,110,4,3,JumpScratch,-6
135.4469,-1.0,50,9,4,0,0
135.6344,-1.0,900,4,3,0,0
135.8219,136.0094,110,1,2,JumpScratch,4
135.8219,-1.0,10,7,3,0,0
135.8219,-1.0,10,10,3,0,0
136.0094,136.1969,110,3,2,JumpScratch,-4
136.0094,-1.0,10,6,3,0,0
136.0094,-1.0,10,9,4,0,0
136.1969,136.3844,110,1,2,JumpScratch,5
136.1969,-1.0,20,5,3,0,0
136.1969,-1.0,20,8,5,0,0
136.5719,-1.0,10,4,3,0,0
136.5719,-1.0,10,7,3,0,0
136.6656,-1.0,10,1,3,0,0
136.6656,-1.0,10,10,3,0,0
136.7594,-1.0,10,4,3,0,0
136.7594,-1.0,10,7,3,0,0
136.9469,-1.0,10,1,3,0,0
136.9469,-1.0,10,10,3,0,0
137.1344,-1.0,50,4,3,0,0
137.1344,-1.0,50,7,3,0,0
137.6969,-1.0,20,4,3,0,0
137.6969,-1.0,20,7,3,0,0
137.6969,-1.0,20,10,3,0,0
137.8844,-1.0,20,1,3,0,0
137.8844,-1.0,20,4,3,0,0
137.8844,-1.0,20,7,3,0,0
138.0719,-1.0,50,1,3,0,0
138.0719,-1.0,50,4,3,0,0
138.0719,-1.0,50,7,3,0,0
138.0719,-1.0,50,10,3,0,0
138.4469,-1.0,50,1,3,0,0
138.4469,-1.0,50,4,3,0,0
138.4469,-1.0,10,7,3,0,0
138.4469,-1.0,20,10,3,0,0
138.8219,-1.0,20,1,3,0,0
138.8219,-1.0,50,7,3,0,0
138.8219,-1.0,50,10,3,0,0
139.0094,-1.0,10,4,3,0,0
139.1969,-1.0,10,7,3,0,0
139.3844,-1.0,50,1,3,0,0
139.3844,-1.0,50,4,3,0,0
139.3844,-1.0,50,7,3,0,0
139.3844,-1.0,50,10,3,0,0
139.7594,-1.0,10,6,2,0,0
140.0406,-1.0,82,7,2,0,0
140.0406,140.0875,110,7,2,JumpScratch,4
140.0875,140.1344,110,9,2,JumpScratch,4
140.1344,-1.0,82,1,2,0,0
140.1344,141.8219,110,1,2,JumpScratch,10
140.1344,-1.0,10,4,2,0,0
140.3219,-1.0,900,1,2,0,0
140.5094,-1.0,900,1,2,0,0
140.5094,-1.0,80,8,2,0,0
140.5094,140.8844,100,8,2,0,0
140.6969,-1.0,900,1,2,0,0
140.6969,-1.0,900,8,2,0,0
140.8844,-1.0,900,1,2,0,0
140.8844,-1.0,10,4,2,0,0
141.0719,-1.0,900,1,2,0,0
141.0719,-1.0,10,11,2,0,0
141.1656,-1.0,10,8,2,0,0
141.2594,-1.0,900,1,2,0,0
141.2594,-1.0,10,5,2,0,0
141.4469,-1.0,900,1,2,0,0
141.4469,-1.0,50,9,4,0,0
141.6344,-1.0,900,1,2,0,0
141.6344,-1.0,82,4,2,0,0
141.6344,142.1969,110,4,2,JumpScratch,9
141.6344,-1.0,82,7,2,0,0
141.6344,142.7594,110,7,2,0,0
142.0094,-1.0,900,4,2,0,0
142.0094,-1.0,900,7,2,0,0
142.0094,-1.0,82,10,2,0,0
142.0094,142.3844,110,10,2,JumpScratch,-8
142.3844,142.7594,110,4,2,0,0
142.5719,-1.0,900,4,2,0,0
142.5719,-1.0,900,7,2,0,0
142.7594,-1.0,10,10,3,0,0
142.9469,-1.0,10,7,3,0,0
143.1344,-1.0,50,1,4,0,0
143.1344,-1.0,83,5,4,0,0
143.1344,143.1813,110,5,4,JumpScratch,6
143.1813,143.2281,110,8,3,JumpScratch,5
143.2281,143.5094,110,10,3,JumpScratch,-5
143.4156,-1.0,900,10,3,0,0
143.5094,-1.0,10,4,4,0,0
143.5094,143.6969,110,8,3,JumpScratch,-5
143.6969,-1.0,10,2,4,0,0
143.6969,143.9313,110,6,3,JumpScratch,5
143.8844,-1.0,50,1,4,0,0
143.9313,143.9781,110,8,3,JumpScratch,5
143.9781,144.2594,110,10,3,0,0
144.1656,-1.0,900,10,3,0,0
144.2594,-1.0,10,5,4,0,0
144.4469,-1.0,80,6,2,0,0
144.4469,144.6344,100,6,2,0,0
144.6344,-1.0,50,8,5,0,0
144.8219,-1.0,80,6,2,0,0
144.8219,145.0094,100,6,2,0,0
145.0094,-1.0,50,1,5,0,0
145.1969,-1.0,80,6,2,0,0
145.1969,145.3844,100,6,2,0,0
145.3844,-1.0,50,8,5,0,0
145.5719,-1.0,80,5,4,0,0
145.5719,145.7594,100,5,4,0,0
145.7594,-1.0,20,1,4,0,0
145.7594,-1.0,20,9,4,0,0
146.0406,-1.0,82,5,2,0,0
146.0406,146.0875,110,5,2,JumpScratch,-4
146.0875,146.1344,110,3,2,JumpScratch,-4
146.1344,-1.0,10,8,2,0,0
146.1344,-1.0,82,11,2,0,0
146.1344,147.8219,110,11,2,JumpScratch,-10
146.3219,-1.0,900,11,2,0,0
146.5094,-1.0,80,4,2,0,0
146.5094,146.8844,100,4,2,0,0
146.5094,-1.0,900,11,2,0,0
146.6969,-1.0,900,4,2,0,0
146.6969,-1.0,900,11,2,0,0
146.8844,-1.0,10,8,2,0,0
146.8844,-1.0,900,11,2,0,0
147.0719,-1.0,10,1,2,0,0
147.0719,-1.0,900,11,2,0,0
147.1656,-1.0,10,4,2,0,0
147.2594,-1.0,10,7,2,0,0
147.2594,-1.0,900,11,2,0,0
147.4469,-1.0,50,1,4,0,0
147.4469,-1.0,900,11,2,0,0
147.6344,-1.0,82,5,2,0,0
147.6344,148.7594,110,5,2,0,0
147.6344,-1.0,82,8,2,0,0
147.6344,148.1969,110,8,2,JumpScratch,-9
147.6344,-1.0,900,11,2,0,0
148.0094,-1.0,82,2,2,0,0
148.0094,148.3844,110,2,2,JumpScratch,8
148.0094,-1.0,900,5,2,0,0
148.0094,-1.0,900,8,2,0,0
148.3844,148.7594,110,8,2,0,0
148.5719,-1.0,900,5,2,0,0
148.5719,-1.0,900,8,2,0,0
148.7594,-1.0,10,1,3,0,0
148.9469,-1.0,10,4,3,0,0
149.1344,-1.0,83,5,4,0,0
149.1344,149.1813,110,5,4,JumpScratch,-6
149.1344,-1.0,50,9,4,0,0
149.1813,149.2281,110,3,3,JumpScratch,-5
149.2281,149.5094,110,1,3,JumpScratch,5
149.4156,-1.0,900,1,3,0,0
149.5094,149.6969,110,3,3,JumpScratch,5
149.5094,-1.0,10,6,4,0,0
149.6969,149.9313,110,5,3,JumpScratch,-5
149.6969,-1.0,10,8,4,0,0
149.8844,-1.0,50,9,4,0,0
149.9313,149.9781,110,3,3,JumpScratch,-5
149.9781,150.2594,110,1,3,0,0
150.1656,-1.0,900,1,3,0,0
150.2594,-1.0,10,5,4,0,0
150.4469,-1.0,80,6,2,0,0
150.4469,150.6344,100,6,2,0,0
150.6344,-1.0,50,1,5,0,0
150.8219,-1.0,80,6,2,0,0
150.8219,151.0094,100,6,2,0,0
151.0094,-1.0,50,8,5,0,0
151.1969,-1.0,80,6,2,0,0
151.1969,151.3844,100,6,2,0,0
151.3844,-1.0,50,1,5,0,0
151.5719,-1.0,80,5,4,0,0
151.5719,151.7594,100,5,4,0,0
151.7594,-1.0,83,9,4,0,0
151.7594,151.8063,110,9,4,JumpScratch,-6
151.8063,151.8531,110,7,4,JumpScratch,-6
151.8531,151.9000,110,5,4,JumpScratch,-6
151.9000,151.9469,110,3,4,JumpScratch,-6
152.1344,-1.0,20,4,3,0,0
152.1344,-1.0,20,7,3,0,0
152.3219,-1.0,20,1,3,0,0
152.3219,-1.0,20,4,3,0,0
152.3219,-1.0,50,7,3,0,0
152.3219,-1.0,50,10,3,0,0
153.0719,-1.0,10,5,2,0,0
153.1656,-1.0,10,7,2,0,0
153.2594,-1.0,10,5,2,0,0
153.4469,-1.0,10,7,2,0,0
153.6344,-1.0,20,1,3,0,0
153.6344,-1.0,20,10,3,0,0
153.8219,-1.0,50,1,3,0,0
153.8219,-1.0,50,4,3,0,0
153.8219,-1.0,20,7,3,0,0
153.8219,-1.0,20,10,3,0,0
154.5719,-1.0,10,7,2,0,0
154.6656,-1.0,10,5,2,0,0
154.7594,-1.0,10,7,2,0,0
154.9469,-1.0,10,5,2,0,0
155.1344,-1.0,80,11,2,0,0
155.1344,155.5094,100,11,2,0,0
155.3219,-1.0,900,11,2,0,0
155.5094,-1.0,80,8,2,0,0
155.5094,155.8844,100,8,2,0,0
155.6969,-1.0,900,8,2,0,0
155.8844,-1.0,80,5,2,0,0
155.8844,156.2594,100,5,2,0,0
156.0719,-1.0,900,5,2,0,0
156.2594,-1.0,80,2,2,0,0
156.2594,156.4469,100,2,2,0,0
156.4469,-1.0,50,6,3,0,0
156.4469,-1.0,50,10,3,0,0
156.8219,-1.0,10,4,3,0,0
157.0094,-1.0,50,1,4,0,0
157.0094,-1.0,20,7,3,0,0
157.0094,-1.0,20,10,3,0,0
157.1969,-1.0,10,7,3,0,0
157.2906,-1.0,10,4,3,0,0
157.3844,-1.0,10,7,3,0,0
157.3844,-1.0,10,10,3,0,0
157.4781,-1.0,10,1,3,0,0
157.4781,-1.0,10,4,3,0,0
157.5719,-1.0,10,7,3,0,0
157.5719,-1.0,10,10,3,0,0
157.7594,-1.0,50,2,4,0,0
157.7594,-1.0,50,8,4,0,0
158.1344,-1.0,20,3,4,0,0
158.1344,-1.0,80,7,3,0,0
158.1344,158.3219,100,7,3,0,0
158.1344,-1.0,80,10,3,0,0
158.1344,158.3219,100,10,3,0,0
158.3219,-1.0,10,4,3,0,0
158.5094,-1.0,20,2,4,0,0
158.5094,-1.0,80,6,3,0,0
158.5094,158.6969,100,6,3,0,0
158.5094,-1.0,80,9,3,0,0
158.5094,158.6969,100,9,3,0,0
158.6969,-1.0,10,3,3,0,0
158.8844,-1.0,20,1,4,0,0
158.8844,-1.0,80,5,3,0,0
158.8844,159.0719,100,5,3,0,0
158.8844,-1.0,80,8,3,0,0
158.8844,159.0719,100,8,3,0,0
159.0719,-1.0,10,2,3,0,0
159.2594,-1.0,20,1,3,0,0
159.2594,-1.0,80,4,3,0,0
159.2594,159.4469,100,4,3,0,0
159.2594,-1.0,80,7,3,0,0
159.2594,159.4469,100,7,3,0,0
159.4469,-1.0,10,1,3,0,0
159.6344,-1.0,80,3,3,0,0
159.6344,159.8219,100,3,3,0,0
159.6344,-1.0,80,6,3,0,0
159.6344,159.8219,100,6,3,0,0
159.6344,-1.0,20,9,4,0,0
159.8219,-1.0,10,9,3,0,0
160.0094,-1.0,80,2,3,0,0
160.0094,160.1969,100,2,3,0,0
160.0094,-1.0,80,5,3,0,0
160.0094,160.1969,100,5,3,0,0
160.0094,-1.0,20,8,4,0,0
160.1969,-1.0,10,8,3,0,0
160.3844,-1.0,80,1,3,0,0
160.3844,160.5719,100,1,3,0,0
160.3844,-1.0,80,4,3,0,0
160.3844,160.5719,100,4,3,0,0
160.3844,-1.0,20,7,4,0,0
160.5719,-1.0,10,7,3,0,0
160.7594,-1.0,10,1,3,0,0
160.7594,-1.0,10,10,3,0,0
160.9469,-1.0,50,1,4,0,0
160.9469,-1.0,50,5,4,0,0
160.9469,-1.0,50,9,4,0,0
161.3219,-1.0,10,4,3,0,0
161.3219,-1.0,10,7,3,0,0
161.5094,-1.0,80,1,3,0,0
161.5094,161.6969,100,1,3,0,0
161.5094,-1.0,10,7,3,0,0
161.5094,-1.0,20,10,3,0,0
161.6969,-1.0,10,6,3,0,0
161.8844,-1.0,20,1,3,0,0
161.8844,-1.0,10,4,3,0,0
161.8844,-1.0,80,10,3,0,0
161.8844,162.0719,100,10,3,0,0
162.0719,-1.0,10,5,3,0,0
162.2594,-1.0,82,1,4,0,0
162.2594,162.4469,110,1,4,0,0
162.2594,-1.0,83,5,4,0,0
162.2594,162.4469,110,5,4,0,0
162.2594,-1.0,82,9,4,0,0
162.2594,162.4469,110,9,4,0,0
162.8219,-1.0,50,1,4,0,0
162.8219,-1.0,50,5,4,0,0
162.8219,-1.0,50,9,4,0,0
163.1969,-1.0,50,1,3,0,0
163.1969,-1.0,50,4,3,0,0
163.1969,-1.0,50,7,3,0,0
163.1969,-1.0,50,10,3,0,0
164.1344,-1.0,20,1,3,0,0
164.1344,-1.0,80,5,2,0,0
164.1344,165.6344,100,5,2,0,0
164.1344,-1.0,20,10,3,0,0
164.3219,-1.0,900,5,2,0,0
164.5094,-1.0,900,5,2,0,0
164.5094,-1.0,20,9,4,0,0
164.6969,-1.0,900,5,2,0,0
164.8844,-1.0,900,5,2,0,0
164.8844,-1.0,20,8,5,0,0
165.0719,-1.0,900,5,2,0,0
165.2594,-1.0,900,5,2,0,0
165.2594,-1.0,20,7,6,0,0
165.4469,-1.0,900,5,2,0,0
165.6344,-1.0,20,1,3,0,0
165.6344,-1.0,80,7,2,0,0
165.6344,167.1344,100,7,2,0,0
165.8219,-1.0,900,7,2,0,0
166.0094,-1.0,20,1,4,0,0
166.0094,-1.0,900,7,2,0,0
166.1969,-1.0,900,7,2,0,0
166.3844,-1.0,20,1,5,0,0
166.3844,-1.0,900,7,2,0,0
166.5719,-1.0,900,7,2,0,0
166.7594,-1.0,20,1,6,0,0
166.7594,-1.0,900,7,2,0,0
166.9469,-1.0,900,7,2,0,0
167.1344,-1.0,80,5,2,0,0
167.1344,168.2594,100,5,2,0,0
167.1344,-1.0,20,10,3,0,0
167.3219,-1.0,900,5,2,0,0
167.5094,-1.0,900,5,2,0,0
167.5094,-1.0,20,9,4,0,0
167.6969,-1.0,900,5,2,0,0
167.8844,-1.0,900,5,2,0,0
167.8844,-1.0,20,8,5,0,0
168.0719,-1.0,900,5,2,0,0
168.2594,-1.0,20,7,6,0,0
168.4469,-1.0,50,1,3,0,0
168.4469,-1.0,50,4,3,0,0
168.4469,-1.0,50,7,3,0,0
168.4469,-1.0,50,10,3,0,0
168.8219,-1.0,10,7,3,0,0
168.9156,-1.0,10,4,3,0,0
169.0094,-1.0,50,7,3,JumpScratch,3
169.0094,-1.0,50,10,3,JumpScratch,3
169.1969,-1.0,10,4,3,0,0
169.2906,-1.0,10,7,3,0,0
169.3844,-1.0,50,1,3,JumpScratch,-3
169.3844,-1.0,50,4,3,JumpScratch,-3
169.5719,-1.0,10,7,3,0,0
169.6656,-1.0,10,4,3,0,0
169.7594,-1.0,10,7,3,0,0
169.8531,-1.0,10,4,3,0,0
169.9469,-1.0,10,7,3,0,0
170.0406,-1.0,10,4,3,0,0
170.1344,-1.0,81,7,2,0,0
170.1344,170.3219,101,7,2,0,0
170.1344,-1.0,81,10,3,0,0
170.1344,170.3219,101,10,3,0,0
170.3219,-1.0,82,4,3,0,0
170.3219,170.3688,110,4,3,JumpScratch,-4
170.3688,170.4156,110,3,3,JumpScratch,-4
170.4156,170.4625,110,2,3,JumpScratch,-4
170.5094,-1.0,20,7,2,0,0
170.5094,-1.0,20,10,3,0,0
170.6969,-1.0,10,7,3,0,0
170.7906,-1.0,10,4,3,0,0
170.8844,-1.0,10,1,3,0,0
170.8844,-1.0,80,10,3,0,0
170.8844,171.2594,100,10,3,0,0
171.0719,-1.0,10,4,3,0,0
171.0719,-1.0,900,10,3,0,0
171.1656,-1.0,10,7,3,0,0
171.2594,-1.0,10,1,3,0,0
171.2594,-1.0,10,4,3,0,0
171.4469,-1.0,80,1,3,0,0
171.4469,171.8219,100,1,3,0,0
171.4469,-1.0,50,7,3,0,0
171.4469,-1.0,50,10,3,0,0
171.6344,-1.0,900,1,3,0,0
171.8219,-1.0,10,6,3,0,0
171.8219,-1.0,10,10,3,0,0
171.9156,-1.0,10,4,5,0,0
172.0094,-1.0,50,7,3,0,0
172.0094,-1.0,50,10,3,0,0
172.1969,-1.0,10,1,3,0,0
172.1969,-1.0,10,5,3,0,0
172.2906,-1.0,10,5,5,0,0
172.3844,-1.0,50,1,3,0,0
172.3844,-1.0,50,4,3,0,0
172.5719,-1.0,10,4,3,0,0
172.5719,-1.0,10,7,3,0,0
172.7594,-1.0,50,1,3,0,0
172.7594,-1.0,50,4,3,0,0
172.7594,-1.0,50,7,3,0,0
172.7594,-1.0,50,10,3,0,0
173.1344,-1.0,20,1,4,0,0
173.1344,-1.0,20,9,4,0,0
173.3219,-1.0,10,10,3,0,0
173.4156,-1.0,10,7,3,0,0
173.5094,-1.0,50,2,2,0,0
173.5094,-1.0,50,5,3,0,0
173.6969,-1.0,10,6,3,0,0
173.7906,-1.0,10,9,3,0,0
173.8844,-1.0,50,1,2,0,0
173.8844,-1.0,50,4,3,0,0
174.0719,-1.0,10,10,3,0,0
174.1656,-1.0,10,4,3,0,0
174.2594,-1.0,10,7,3,0,0
174.4469,-1.0,83,1,3,0,0
174.4469,174.8219,110,1,3,0,0
174.4469,-1.0,83,4,3,0,0
174.4469,174.8219,110,4,3,0,0
174.4469,-1.0,50,7,3,0,0
174.4469,-1.0,50,10,3,0,0
174.6344,-1.0,900,1,3,0,0
174.6344,-1.0,900,4,3,0,0
174.8219,-1.0,10,7,3,0,0
174.8219,-1.0,10,10,3,0,0
175.0094,-1.0,10,5,4,0,0
175.1969,-1.0,10,1,3,0,0
175.2906,-1.0,10,4,3,0,0
175.3844,-1.0,20,7,3,0,0
175.3844,-1.0,20,10,3,0,0
175.5719,-1.0,10,4,3,0,0
175.5719,-1.0,10,7,3,0,0
175.7594,-1.0,10,10,3,0,0
175.8531,-1.0,10,7,3,0,0
175.9469,-1.0,10,4,3,0,0
176.0406,-1.0,10,1,3,0,0
176.1344,-1.0,20,4,3,0,0
176.1344,-1.0,81,10,3,0,0
176.1344,176.5094,101,10,3,0,0
176.3219,-1.0,900,10,3,0,0
176.5094,-1.0,50,1,4,0,0
176.5094,-1.0,10,7,3,0,0
176.6969,-1.0,10,7,3,0,0
176.8844,-1.0,20,1,3,0,0
176.8844,-1.0,10,4,3,0,0
176.8844,-1.0,50,8,4,0,0
177.0719,-1.0,10,6,4,0,0
177.2594,-1.0,50,2,4,0,0
177.2594,-1.0,10,7,3,0,0
177.2594,-1.0,20,10,3,0,0
177.4469,-1.0,10,4,4,0,0
177.6344,-1.0,20,1,3,0,0
177.6344,-1.0,10,4,3,0,0
177.6344,-1.0,50,7,4,0,0
177.8219,-1.0,10,4,3,0,0
177.9156,-1.0,10,7,3,0,0
178.0094,-1.0,50,1,3,0,0
178.0094,-1.0,50,4,3,0,0
178.1969,-1.0,10,7,3,0,0
178.2906,-1.0,10,4,3,0,0
178.3844,-1.0,50,7,3,0,0
178.3844,-1.0,50,10,3,0,0
178.5719,-1.0,10,4,3,0,0
178.5719,-1.0,10,7,3,0,0
178.7594,-1.0,50,1,4,0,0
178.7594,-1.0,50,9,4,0,0
179.1344,-1.0,83,1,3,0,0
179.1344,179.1813,110,1,3,JumpScratch,4
179.1344,-1.0,83,6,4,0,0
179.1344,179.1813,110,6,4,JumpScratch,6
179.1813,179.2281,110,2,3,JumpScratch,4
179.1813,179.2281,110,9,3,JumpScratch,4
179.2281,179.5563,110,10,3,JumpScratch,-9
179.4156,-1.0,900,10,3,0,0
179.5094,-1.0,81,6,4,0,0
179.5094,179.6969,101,6,4,0,0
179.5563,179.6031,110,4,6,JumpScratch,-9
179.6031,179.9313,110,1,3,JumpScratch,9
179.7906,-1.0,900,1,3,0,0
179.8844,-1.0,81,4,4,0,0
179.8844,180.0719,101,4,4,0,0
179.9313,179.9781,110,4,6,JumpScratch,9
179.9781,180.3063,110,10,3,JumpScratch,-9
180.1656,-1.0,900,10,3,0,0
180.2594,-1.0,81,7,3,0,0
180.2594,180.4469,101,7,3,0,0
180.3063,180.3531,110,4,6,JumpScratch,-9
180.3531,180.6813,110,1,3,JumpScratch,9
180.5406,-1.0,900,1,3,0,0
180.6344,-1.0,81,4,3,0,0
180.6344,180.8219,101,4,3,0,0
180.6813,180.7281,110,4,6,JumpScratch,9
180.7281,181.0094,110,10,3,JumpScratch,-6
180.9156,-1.0,900,10,3,0,0
181.0094,-1.0,83,1,3,0,0
181.0094,181.1969,110,1,3,JumpScratch,3
181.0094,-1.0,83,4,3,0,0
181.0094,181.1969,110,4,3,JumpScratch,3
181.0094,181.1969,110,7,3,JumpScratch,6
181.5719,-1.0,10,4,3,0,0
181.5719,-1.0,10,7,3,0,0
181.7594,-1.0,10,1,3,0,0
181.7594,-1.0,10,10,3,0,0
181.8531,-1.0,10,4,3,0,0
181.9469,-1.0,10,7,3,0,0
182.0406,-1.0,10,10,3,0,0
182.1344,-1.0,81,1,3,0,0
182.1344,182.3219,101,1,3,0,0
182.1344,-1.0,81,5,2,0,0
182.1344,182.3219,101,5,2,0,0
182.3219,-1.0,82,7,3,0,0
182.3219,182.3688,110,7,3,JumpScratch,4
182.3688,182.4156,110,8,3,JumpScratch,4
182.4156,182.4625,110,9,3,JumpScratch,4
182.5094,-1.0,10,3,3,0,0
182.5094,-1.0,10,6,3,0,0
182.6969,-1.0,10,7,4,0,0
182.7906,-1.0,10,4,3,0,0
182.8844,-1.0,10,1,3,0,0
182.8844,-1.0,10,7,3,0,0
183.0719,-1.0,10,3,4,0,0
183.1656,-1.0,10,7,3,0,0
183.2594,-1.0,10,4,3,0,0
183.2594,-1.0,10,10,3,0,0
183.4469,-1.0,50,1,4,0,0
183.4469,-1.0,82,7,3,0,0
183.4469,183.8219,110,7,3,JumpScratch,6
183.6344,-1.0,900,7,3,0,0
183.8219,-1.0,10,1,3,0,0
183.8219,-1.0,10,4,3,0,0
183.8219,184.0094,110,11,2,JumpScratch,-4
184.0094,-1.0,10,1,4,0,0
184.0094,-1.0,10,5,3,0,0
184.0094,184.1969,110,9,2,JumpScratch,4
184.1969,-1.0,20,1,5,0,0
184.1969,-1.0,20,6,3,0,0
184.1969,184.3844,110,11,2,JumpScratch,-5
184.5719,-1.0,10,1,3,0,0
184.5719,-1.0,10,10,3,0,0
184.6656,-1.0,10,4,3,0,0
184.6656,-1.0,10,7,3,0,0
184.7594,-1.0,10,1,3,0,0
184.7594,-1.0,10,10,3,0,0
184.9469,-1.0,10,4,3,0,0
184.9469,-1.0,10,7,3,0,0
185.1344,-1.0,50,1,3,0,0
185.1344,-1.0,50,10,3,0,0
185.6969,-1.0,20,1,3,0,0
185.6969,-1.0,20,4,3,0,0
185.6969,-1.0,20,7,3,0,0
185.8844,-1.0,20,4,3,0,0
185.8844,-1.0,20,7,3,0,0
185.8844,-1.0,20,10,3,0,0
186.0719,-1.0,50,1,3,0,0
186.0719,-1.0,50,4,3,0,0
186.0719,-1.0,50,7,3,0,0
186.0719,-1.0,50,10,3,0,0
186.4469,-1.0,20,1,3,0,0
186.4469,-1.0,10,4,3,0,0
186.4469,-1.0,50,7,3,0,0
186.4469,-1.0,50,10,3,0,0
186.8219,-1.0,50,1,3,0,0
186.8219,-1.0,50,4,3,0,0
186.8219,-1.0,10,7,3,0,0
186.8219,-1.0,20,10,3,0,0
187.1969,-1.0,83,1,3,0,0
187.1969,187.3844,110,1,3,0,0
187.1969,-1.0,82,4,3,0,0
187.1969,187.3844,110,4,3,0,0
187.1969,-1.0,82,7,3,0,0
187.1969,187.3844,110,7,3,0,0
187.1969,-1.0,83,10,3,0,0
187.1969,187.3844,110,10,3,0,0
187.5719,-1.0,20,1,3,0,0
187.5719,-1.0,20,4,3,0,0
187.7594,-1.0,20,1,3,0,0
187.7594,-1.0,20,4,3,0,0
187.8531,-1.0,10,10,3,0,0
187.9469,-1.0,10,7,3,0,0
188.0406,-1.0,10,4,3,0,0
188.1344,-1.0,20,1,3,0,0
188.1344,-1.0,20,10,3,0,0
188.5094,-1.0,50,1,3,0,0
188.5094,-1.0,50,4,3,0,0
188.5094,-1.0,50,7,3,0,0
188.5094,-1.0,50,10,3,0,0
188.8844,-1.0,10,1,3,0,0
188.8844,-1.0,10,4,3,0,0
188.8844,-1.0,20,10,3,0,0
189.0719,-1.0,10,7,3,0,0
189.1656,-1.0,10,4,3,0,0
189.2594,-1.0,10,1,3,0,0
189.2594,-1.0,81,10,3,0,0
189.2594,189.4469,101,10,3,0,0
189.4469,-1.0,80,1,3,0,0
189.4469,189.6344,100,1,3,0,0
189.4469,-1.0,80,4,3,0,0
189.4469,189.6344,100,4,3,0,0
189.6344,-1.0,20,7,3,0,0
189.8219,-1.0,10,4,3,0,0
189.9156,-1.0,10,1,3,0,0
190.0094,-1.0,20,4,3,0,0
190.0094,-1.0,50,7,3,0,0
190.0094,-1.0,50,10,3,0,0
190.1969,-1.0,10,7,3,0,0
190.2906,-1.0,10,10,3,0,0
190.3844,-1.0,50,1,3,0,0
190.3844,-1.0,50,4,3,0,0
190.3844,-1.0,20,7,3,0,0
190.5719,-1.0,10,4,3,0,0
190.5719,-1.0,10,7,3,0,0
190.7594,-1.0,20,1,3,0,0
190.7594,-1.0,50,10,3,0,0
190.8531,-1.0,10,4,3,0,0
190.9469,-1.0,10,7,3,0,0
191.1344,-1.0,81,1,3,0,0
191.1344,191.3219,101,1,3,0,0
191.1344,-1.0,10,7,3,0,0
191.1344,-1.0,20,10,3,0,0
191.3219,-1.0,10,7,3,0,0
191.5094,-1.0,20,1,3,0,0
191.5094,-1.0,10,4,3,0,0
191.5094,-1.0,81,10,3,0,0
191.5094,191.6969,101,10,3,0,0
191.6969,-1.0,10,4,3,0,0
191.8844,-1.0,20,1,3,0,0
191.8844,-1.0,20,4,3,0,0
191.9781,-1.0,10,7,3,0,0
192.0719,-1.0,10,10,3,0,0
192.2594,-1.0,81,1,3,0,0
192.2594,192.4469,101,1,3,0,0
192.2594,-1.0,10,7,3,0,0
192.4469,-1.0,10,4,3,0,0
192.4469,-1.0,80,10,3,0,0
192.4469,192.6344,100,10,3,0,0
192.6344,-1.0,20,1,3,0,0
192.8219,-1.0,10,7,3,0,0
192.9156,-1.0,10,4,3,0,0
193.0094,-1.0,20,1,3,0,0
193.0094,-1.0,50,7,3,0,0
193.0094,-1.0,50,10,3,0,0
193.1969,-1.0,10,4,3,0,0
193.2906,-1.0,10,7,3,0,0
193.3844,-1.0,50,1,3,0,0
193.3844,-1.0,50,4,3,0,0
193.3844,-1.0,20,10,3,0,0
193.5719,-1.0,10,7,3,0,0
193.6656,-1.0,10,4,3,0,0
193.7594,-1.0,20,1,3,0,0
193.7594,-1.0,20,10,3,0,0
193.8531,-1.0,10,7,3,0,0
193.9469,-1.0,10,4,3,0,0
194.0406,-1.0,10,7,3,0,0
194.1344,-1.0,20,1,3,0,0
194.1344,-1.0,81,10,3,0,0
194.1344,194.3219,101,10,3,0,0
194.3219,-1.0,10,4,3,0,0
194.5094,-1.0,81,1,3,0,0
194.5094,194.6969,101,1,3,0,0
194.5094,-1.0,10,7,3,0,0
194.5094,-1.0,20,10,3,0,0
194.6969,-1.0,10,7,3,0,0
194.8844,-1.0,20,1,3,0,0
194.8844,-1.0,10,4,3,0,0
194.9781,-1.0,10,7,3,0,0
195.0719,-1.0,10,10,3,0,0
195.2594,-1.0,81,1,3,0,0
195.2594,195.4469,101,1,3,0,0
195.2594,-1.0,10,7,3,0,0
195.4469,-1.0,80,7,3,0,0
195.4469,195.6344,100,7,3,0,0
195.4469,-1.0,80,10,3,0,0
195.4469,195.6344,100,10,3,0,0
195.6344,-1.0,20,4,3,0,0
195.8219,-1.0,10,7,3,0,0
195.9156,-1.0,10,10,3,0,0
196.0094,-1.0,50,1,3,0,0
196.0094,-1.0,50,4,3,0,0
196.0094,-1.0,20,7,3,0,0
196.1969,-1.0,10,4,3,0,0
196.2906,-1.0,10,1,3,0,0
196.3844,-1.0,20,4,3,0,0
196.3844,-1.0,50,7,3,0,0
196.3844,-1.0,50,10,3,0,0
196.5719,-1.0,10,7,3,0,0
196.6656,-1.0,10,10,3,0,0
196.7594,-1.0,50,1,3,0,0
196.7594,-1.0,50,4,3,0,0
196.7594,-1.0,20,7,3,0,0
196.9469,-1.0,10,4,3,0,0
196.9469,-1.0,10,7,3,0,0
197.1344,-1.0,20,1,3,0,0
197.1344,-1.0,10,4,3,0,0
197.1344,-1.0,81,10,3,0,0
197.1344,197.3219,101,10,3,0,0
197.3219,-1.0,10,4,3,0,0
197.5094,-1.0,81,1,3,0,0
197.5094,197.6969,101,1,3,0,0
197.5094,-1.0,10,7,3,0,0
197.5094,-1.0,20,10,3,0,0
197.6969,-1.0,10,7,3,0,0
197.8844,-1.0,10,7,3,0,0
197.8844,-1.0,20,10,3,0,0
197.9781,-1.0,10,4,3,0,0
198.0719,-1.0,10,1,3,0,0
198.1656,-1.0,10,4,3,0,0
198.2594,-1.0,10,7,3,0,0
198.2594,-1.0,10,10,3,0,0
198.4469,-1.0,50,1,3,0,0
198.4469,-1.0,50,4,3,0,0
198.4469,-1.0,50,7,3,0,0
198.4469,-1.0,50,10,3,0,0
198.8219,-1.0,10,8,2,0,0
198.9156,-1.0,10,6,2,0,0
199.0094,-1.0,10,8,2,0,0
199.1969,-1.0,10,4,2,0,0
199.2906,-1.0,10,6,2,0,0
199.3844,-1.0,10,4,2,0,0
199.5719,-1.0,10,8,2,0,0
199.6656,-1.0,10,6,2,0,0
199.7594,-1.0,20,11,2,0,0
199.8219,-1.0,20,8,2,0,0
199.8844,-1.0,20,5,2,0,0
199.9469,-1.0,20,2,2,0,0