0.0,-1.0,10,10,3,0,0
45.7143,52.3810,0,0,0,14,1040
0.4762,-1.0,10,4,3,0,0
60.9524,68.0952,0,0,0,14,1040
0.9524,-1.0,82,10,3,0,0
0.9524,1.3095,110,10,3,0,0
181.0119,187.1429,0,0,0,14,1040
1.0714,-1.0,31,10,3,0,0
1.1905,-1.0,900,10,3,0,0
1.9048,-1.0,80,4,3,0,0
1.9048,2.3810,100,4,3,0,0
2.1429,-1.0,900,4,3,0,0
2.8571,-1.0,80,7,3,0,0
2.8571,3.3333,100,7,3,0,0
3.0952,-1.0,900,7,3,0,0
3.8095,-1.0,10,1,3,0,0
4.2857,-1.0,10,7,3,0,0
4.7619,-1.0,82,1,3,0,0
4.7619,5.1190,110,1,3,0,0
4.8810,-1.0,31,1,3,0,0
5.0,-1.0,900,1,3,0,0
5.7143,-1.0,83,7,4,0,0
5.7143,6.1905,110,7,4,JumpScratch,6
5.9524,-1.0,900,7,4,0,0
6.1905,6.6667,110,9,4,JumpScratch,-6
6.4286,-1.0,900,9,4,0,0
6.6667,7.1429,110,7,4,JumpScratch,6
6.9048,-1.0,900,7,4,0,0
7.6190,-1.0,10,1,3,0,0
8.0952,-1.0,10,7,3,0,0
8.5714,-1.0,83,1,3,0,0
8.5714,8.9286,110,1,3,0,0
8.6905,-1.0,31,1,3,0,0
8.8095,-1.0,900,1,3,0,0
9.5238,-1.0,80,7,3,0,0
9.5238,10.0,100,7,3,0,0
9.7619,-1.0,900,7,3,0,0
10.4762,-1.0,80,4,3,0,0
10.4762,10.9524,100,4,3,0,0
10.7143,-1.0,900,4,3,0,0
11.4286,-1.0,10,10,3,0,0
11.9048,-1.0,10,4,3,0,0
12.3810,-1.0,83,10,3,0,0
12.3810,12.7381,110,10,3,0,0
12.5000,-1.0,31,10,3,0,0
12.6190,-1.0,900,10,3,0,0
13.3333,-1.0,83,3,4,0,0
13.3333,13.8095,110,3,4,JumpScratch,-6
13.5714,-1.0,900,3,4,0,0
13.8095,14.2857,110,1,4,JumpScratch,6
14.0476,-1.0,900,1,4,0,0
14.2857,14.7619,110,3,4,JumpScratch,-6
14.5238,-1.0,900,3,4,0,0
15.2381,-1.0,20,9,4,0,0
16.1905,-1.0,20,1,4,0,0
16.5476,-1.0,20,7,4,0,0
16.9048,-1.0,20,1,4,0,0
17.1429,-1.0,82,10,3,0,0
17.1429,18.5714,110,10,3,0,0
17.3810,-1.0,900,10,3,0,0
17.6190,-1.0,900,10,3,0,0
17.8571,-1.0,900,10,3,0,0
18.0952,-1.0,900,10,3,0,0
18.0952,-1.0,31,10,3,0,0
18.3333,-1.0,900,10,3,0,0
19.0476,-1.0,20,1,4,0,0
20.0,-1.0,20,9,4,0,0
20.3571,-1.0,20,3,4,0,0
20.7143,-1.0,20,9,4,0,0
20.9524,-1.0,82,1,3,0,0
20.9524,21.9048,110,1,3,JumpScratch,5
21.1905,-1.0,900,1,3,0,0
21.4286,-1.0,900,1,3,0,0
21.6667,-1.0,900,1,3,0,0
21.9048,22.3810,110,3,3,0,0
22.1429,-1.0,900,3,3,0,0
22.8571,-1.0,10,10,3,0,0
23.3333,-1.0,10,4,3,0,0
23.8095,-1.0,82,10,3,0,0
23.8095,24.2857,110,10,3,0,0
24.0476,-1.0,900,10,3,0,0
24.7619,-1.0,10,1,3,0,0
25.2381,-1.0,10,7,3,0,0
25.7143,-1.0,82,1,3,0,0
25.7143,26.1905,110,1,3,0,0
25.9524,-1.0,900,1,3,0,0
26.6667,-1.0,10,10,3,0,0
27.0238,-1.0,80,4,3,0,0
27.0238,27.6190,100,4,3,0,0
27.2619,-1.0,900,4,3,0,0
27.5000,-1.0,900,4,3,0,0
28.0952,-1.0,10,7,3,0,0
28.3333,-1.0,80,1,3,0,0
28.3333,29.0476,100,1,3,0,0
28.5714,-1.0,900,1,3,0,0
28.8095,-1.0,900,1,3,0,0
29.5238,-1.0,10,7,3,0,0
29.7619,-1.0,10,4,3,0,0
30.0,-1.0,10,7,3,0,0
30.2381,-1.0,83,1,3,0,0
30.2381,31.4286,110,1,3,0,0
30.4762,-1.0,900,1,3,0,0
30.7143,-1.0,900,1,3,0,0
30.9524,-1.0,900,1,3,0,0
31.1905,-1.0,900,1,3,0,0
32.1429,-1.0,10,10,3,0,0
32.3810,-1.0,10,4,3,0,0
32.7381,-1.0,10,7,3,0,0
33.0952,-1.0,10,1,3,0,0
33.5714,-1.0,10,7,3,0,0
33.8095,-1.0,10,4,3,0,0
34.0476,-1.0,83,10,3,0,0
34.0476,35.2381,110,10,3,0,0
34.2857,-1.0,900,10,3,0,0
34.5238,-1.0,900,10,3,0,0
34.7619,-1.0,900,10,3,0,0
35.0,-1.0,900,10,3,0,0
35.4762,-1.0,10,1,3,0,0
35.9524,-1.0,10,7,3,0,0
36.1905,-1.0,10,4,3,0,0
36.6667,-1.0,10,10,3,0,0
37.0238,-1.0,80,4,3,0,0
37.0238,37.3810,100,4,3,0,0
37.2619,-1.0,900,4,3,0,0
37.3810,-1.0,10,7,3,0,0
37.6190,-1.0,20,1,3,0,0
37.8571,-1.0,20,10,3,0,0
38.3333,-1.0,10,1,3,0,0
38.5714,-1.0,10,7,3,0,0
38.8095,-1.0,10,4,3,0,0
39.0476,-1.0,80,10,3,0,0
39.0476,39.4048,100,10,3,0,0
39.2857,-1.0,900,10,3,0,0
39.4048,-1.0,80,4,3,0,0
39.4048,39.7619,100,4,3,0,0
39.6429,-1.0,900,4,3,0,0
39.7619,-1.0,10,10,3,0,0
40.2381,-1.0,10,1,3,0,0
40.4762,-1.0,80,7,3,0,0
40.4762,40.8333,100,7,3,0,0
40.7143,-1.0,900,7,3,0,0
40.7143,-1.0,30,7,3,0,0
40.8333,-1.0,80,1,3,0,0
40.8333,41.1905,100,1,3,0,0
41.0714,-1.0,900,1,3,0,0
41.6667,-1.0,10,7,3,0,0
41.9048,-1.0,83,4,3,0,0
41.9048,42.2619,110,4,3,JumpScratch,-6
42.1429,-1.0,900,4,3,0,0
42.2619,42.6190,110,1,3,JumpScratch,6
42.5000,-1.0,900,1,3,0,0
42.8571,-1.0,83,7,3,0,0
42.8571,43.2143,110,7,3,JumpScratch,6
43.0952,-1.0,900,7,3,0,0
43.2143,43.5714,110,10,3,JumpScratch,-6
43.4524,-1.0,900,10,3,0,0
44.0476,-1.0,20,3,4,0,0
44.4048,-1.0,20,7,4,0,0
44.7619,-1.0,83,1,3,0,0
44.7619,45.2381,110,1,3,0,0
44.7619,-1.0,83,10,3,0,0
44.7619,45.2381,110,10,3,0,0
45.0,-1.0,900,1,3,0,0
45.0,-1.0,900,10,3,0,0
45.7143,-1.0,20,4,3,0,0
45.7143,-1.0,20,10,3,0,0
46.1905,-1.0,20,1,3,0,0
46.1905,-1.0,20,7,3,0,0
46.6667,-1.0,80,10,3,0,0
46.6667,47.0238,100,10,3,0,0
46.9048,-1.0,900,10,3,0,0
46.9048,-1.0,30,10,3,0,0
47.0238,-1.0,82,4,3,0,0
47.0238,47.3810,110,4,3,0,0
47.2619,-1.0,900,4,3,0,0
47.8571,-1.0,20,7,3,0,0
48.0952,-1.0,80,1,3,0,0
48.0952,48.4524,100,1,3,0,0
48.2143,-1.0,30,1,3,0,0
48.3333,-1.0,900,1,3,0,0
48.4524,-1.0,80,10,3,0,0
48.4524,48.8095,100,10,3,0,0
48.6905,-1.0,900,10,3,0,0
48.8095,-1.0,10,4,3,0,0
49.0476,-1.0,10,7,3,0,0
49.2857,-1.0,10,1,3,0,0
49.5238,-1.0,20,7,3,0,0
50.0,-1.0,20,4,3,0,0
50.0,-1.0,20,10,3,0,0
50.4762,-1.0,80,1,3,0,0
50.4762,50.8333,100,1,3,0,0
50.7143,-1.0,900,1,3,0,0
50.7143,-1.0,30,1,3,0,0
50.8333,-1.0,80,7,3,0,0
50.8333,51.1905,100,7,3,0,0
51.0714,-1.0,900,7,3,0,0
51.1905,-1.0,10,4,3,0,0
51.4286,-1.0,81,10,3,0,0
51.4286,51.7857,101,10,3,0,0
51.6667,-1.0,900,10,3,0,0
51.6667,-1.0,30,10,3,0,0
51.7857,-1.0,80,4,3,0,0
51.7857,52.1429,100,4,3,0,0
52.0238,-1.0,900,4,3,0,0
52.1429,-1.0,10,7,3,0,0
52.3810,-1.0,50,1,3,0,0
53.0952,-1.0,10,10,3,0,0
53.3333,-1.0,80,1,3,0,0
53.3333,53.6905,100,1,3,0,0
53.4524,-1.0,30,1,3,0,0
53.5714,-1.0,900,1,3,0,0
53.6905,-1.0,20,7,4,0,0
54.0476,-1.0,10,4,3,0,0
54.2857,-1.0,80,10,3,0,0
54.2857,54.6429,100,10,3,0,0
54.4048,-1.0,30,10,3,0,0
54.5238,-1.0,900,10,3,0,0
54.6429,-1.0,20,1,4,0,0
55.0,-1.0,10,7,3,0,0
55.2381,-1.0,82,4,3,0,0
55.2381,55.7143,110,4,3,JumpScratch,-6
55.4762,-1.0,900,4,3,0,0
55.4762,-1.0,31,4,3,0,0
55.7143,56.0714,110,1,3,JumpScratch,6
55.9524,-1.0,900,1,3,0,0
55.9524,-1.0,31,1,3,0,0
56.4286,-1.0,10,7,3,0,0
56.6667,-1.0,10,4,3,0,0
56.9048,-1.0,10,10,3,0,0
57.1429,-1.0,20,1,3,0,0
57.1429,-1.0,20,7,3,0,0
57.6190,-1.0,20,4,3,0,0
57.6190,-1.0,20,10,3,0,0
58.0952,-1.0,80,1,3,0,0
58.0952,58.4524,100,1,3,0,0
58.3333,-1.0,900,1,3,0,0
58.3333,-1.0,30,1,3,0,0
58.4524,-1.0,80,7,3,0,0
58.4524,58.8095,100,7,3,0,0
58.6905,-1.0,900,7,3,0,0
58.8095,-1.0,10,4,3,0,0
59.0476,-1.0,83,10,3,0,0
59.0476,59.4048,110,10,3,JumpScratch,-6
59.1667,-1.0,31,10,3,0,0
59.2857,-1.0,900,10,3,0,0
59.4048,60.2381,110,7,3,JumpScratch,6
59.6429,-1.0,900,7,3,0,0
59.8810,-1.0,900,7,3,0,0
60.1190,-1.0,900,7,3,0,0
60.2381,60.5952,110,10,3,0,0
60.4762,-1.0,900,10,3,0,0
60.9524,-1.0,20,1,3,0,0
60.9524,-1.0,20,7,3,0,0
61.4286,-1.0,20,4,3,0,0
61.4286,-1.0,20,10,3,0,0
61.9048,-1.0,80,1,3,0,0
61.9048,62.2619,100,1,3,0,0
62.1429,-1.0,900,1,3,0,0
62.1429,-1.0,30,1,3,0,0
62.2619,-1.0,82,7,3,0,0
62.2619,62.6190,110,7,3,0,0
62.5000,-1.0,900,7,3,0,0
63.0952,-1.0,20,4,3,0,0
63.3333,-1.0,80,10,3,0,0
63.3333,63.6905,100,10,3,0,0
63.4524,-1.0,30,10,3,0,0
63.5714,-1.0,900,10,3,0,0
63.6905,-1.0,80,1,3,0,0
63.6905,64.0476,100,1,3,0,0
63.9286,-1.0,900,1,3,0,0
64.0476,-1.0,10,7,3,0,0
64.2857,-1.0,10,4,3,0,0
64.5238,-1.0,10,10,3,0,0
64.7619,-1.0,20,4,3,0,0
65.2381,-1.0,20,1,3,0,0
65.2381,-1.0,20,7,3,0,0
65.7143,-1.0,80,10,3,0,0
65.7143,66.0714,100,10,3,0,0
65.9524,-1.0,900,10,3,0,0
65.9524,-1.0,30,10,3,0,0
66.0714,-1.0,80,4,3,0,0
66.0714,66.4286,100,4,3,0,0
66.3095,-1.0,900,4,3,0,0
66.4286,-1.0,10,7,3,0,0
66.6667,-1.0,81,1,3,0,0
66.6667,67.0238,101,1,3,0,0
66.9048,-1.0,900,1,3,0,0
66.9048,-1.0,30,1,3,0,0
67.0238,-1.0,80,7,3,0,0
67.0238,67.3810,100,7,3,0,0
67.2619,-1.0,900,7,3,0,0
67.3810,-1.0,10,4,3,0,0
67.6190,-1.0,82,10,3,0,0
67.6190,68.0952,110,10,3,0,0
67.8571,-1.0,900,10,3,0,0
68.3333,-1.0,10,4,3,0,0
68.5714,-1.0,80,10,3,0,0
68.5714,69.0476,100,10,3,0,0
68.8095,-1.0,900,10,3,0,0
69.2857,-1.0,10,1,3,0,0
69.5238,-1.0,80,7,3,0,0
69.5238,70.0,100,7,3,0,0
69.7619,-1.0,900,7,3,0,0
70.2381,-1.0,10,4,3,0,0
70.4762,-1.0,80,10,3,0,0
70.4762,70.9524,100,10,3,0,0
70.7143,-1.0,900,10,3,0,0
70.9524,-1.0,80,1,3,0,0
70.9524,71.4286,100,1,3,0,0
71.1905,-1.0,900,1,3,0,0
71.4286,-1.0,10,9,4,0,0
71.7857,-1.0,10,3,4,0,0
72.1429,-1.0,10,7,4,0,0
72.3810,-1.0,80,1,4,0,0
72.3810,73.3333,100,1,4,0,0
72.6190,-1.0,900,1,4,0,0
72.6190,-1.0,30,1,4,0,0
72.7381,-1.0,30,1,4,0,0
72.8571,-1.0,900,1,4,0,0
73.0952,-1.0,900,1,4,0,0
73.3333,-1.0,10,7,4,0,0
73.8095,-1.0,10,3,4,0,0
74.0476,-1.0,10,9,4,0,0
74.2857,-1.0,83,1,4,0,0
74.2857,74.6429,110,1,4,JumpScratch,6
74.5238,-1.0,900,1,4,0,0
74.6429,75.2381,110,3,4,JumpScratch,-6
74.8810,-1.0,900,3,4,0,0
75.1190,-1.0,900,3,4,0,0
76.1905,-1.0,10,1,3,0,0
76.6667,-1.0,10,7,3,0,0
77.1429,-1.0,82,1,3,0,0
77.1429,77.5000,110,1,3,0,0
77.2619,-1.0,31,1,3,0,0
77.3810,-1.0,900,1,3,0,0
78.0952,-1.0,80,7,3,0,0
78.0952,78.5714,100,7,3,0,0
78.3333,-1.0,900,7,3,0,0
79.0476,-1.0,80,4,3,0,0
79.0476,79.5238,100,4,3,0,0
79.2857,-1.0,900,4,3,0,0
80.0,-1.0,10,10,3,0,0
80.4762,-1.0,10,4,3,0,0
80.9524,-1.0,82,10,3,0,0
80.9524,81.3095,110,10,3,0,0
81.0714,-1.0,31,10,3,0,0
81.1905,-1.0,900,10,3,0,0
81.9048,-1.0,83,3,4,0,0
81.9048,82.3810,110,3,4,JumpScratch,-6
82.1429,-1.0,900,3,4,0,0
82.3810,82.8571,110,1,4,JumpScratch,6
82.6190,-1.0,900,1,4,0,0
82.8571,83.3333,110,3,4,JumpScratch,-6
83.0952,-1.0,900,3,4,0,0
83.8095,-1.0,10,10,3,0,0
84.2857,-1.0,10,4,3,0,0
84.7619,-1.0,83,10,3,0,0
84.7619,85.1190,110,10,3,0,0
84.8810,-1.0,31,10,3,0,0
85.0,-1.0,900,10,3,0,0
85.7143,-1.0,80,4,3,0,0
85.7143,86.1905,100,4,3,0,0
85.9524,-1.0,900,4,3,0,0
86.6667,-1.0,80,7,3,0,0
86.6667,87.1429,100,7,3,0,0
86.9048,-1.0,900,7,3,0,0
87.6190,-1.0,10,1,3,0,0
88.0952,-1.0,10,7,3,0,0
88.5714,-1.0,83,1,3,0,0
88.5714,88.9286,110,1,3,0,0
88.6905,-1.0,31,1,3,0,0
88.8095,-1.0,900,1,3,0,0
89.5238,-1.0,83,7,4,0,0
89.5238,90.0,110,7,4,JumpScratch,6
89.7619,-1.0,900,7,4,0,0
90.0,90.4762,110,9,4,JumpScratch,-6
90.2381,-1.0,900,9,4,0,0
90.4762,90.9524,110,7,4,JumpScratch,6
90.7143,-1.0,900,7,4,0,0
91.4286,-1.0,10,1,3,0,0
91.9048,-1.0,10,7,3,0,0
92.3810,-1.0,80,1,3,0,0
92.3810,92.8571,100,1,3,0,0
92.6190,-1.0,900,1,3,0,0
92.8571,-1.0,10,7,3,0,0
93.3333,-1.0,10,4,3,0,0
93.8095,-1.0,10,10,3,0,0
94.2857,-1.0,82,4,3,0,0
94.2857,94.7619,110,4,3,0,0
94.5238,-1.0,900,4,3,0,0
95.2381,-1.0,10,10,3,0,0
95.7143,-1.0,10,4,3,0,0
96.1905,-1.0,80,10,3,0,0
96.1905,96.6667,100,10,3,0,0
96.4286,-1.0,900,10,3,0,0
96.6667,-1.0,10,4,3,0,0
97.1429,-1.0,10,7,3,0,0
97.6190,-1.0,10,1,3,0,0
98.0952,-1.0,82,7,3,0,0
98.0952,98.5714,110,7,3,0,0
98.3333,-1.0,900,7,3,0,0
99.0476,-1.0,10,1,3,0,0
99.5238,-1.0,10,7,3,0,0
100.0,-1.0,82,1,3,0,0
100.0,100.4762,110,1,3,0,0
100.2381,-1.0,900,1,3,0,0
100.9524,-1.0,10,10,3,0,0
101.4286,-1.0,10,4,3,0,0
101.9048,-1.0,82,10,3,0,0
101.9048,102.3810,110,10,3,0,0
102.1429,-1.0,900,10,3,0,0
102.8571,-1.0,10,1,3,0,0
103.2143,-1.0,80,7,3,0,0
103.2143,103.8095,100,7,3,0,0
103.4524,-1.0,900,7,3,0,0
103.6905,-1.0,900,7,3,0,0
104.2857,-1.0,10,4,3,0,0
104.5238,-1.0,80,10,3,0,0
104.5238,105.2381,100,10,3,0,0
104.7619,-1.0,900,10,3,0,0
105.0,-1.0,900,10,3,0,0
105.7143,-1.0,10,4,3,0,0
105.9524,-1.0,10,7,3,0,0
106.1905,-1.0,10,4,3,0,0
106.4286,-1.0,83,10,3,0,0
106.4286,107.6190,110,10,3,0,0
106.6667,-1.0,900,10,3,0,0
106.9048,-1.0,900,10,3,0,0
107.1429,-1.0,900,10,3,0,0
107.3810,-1.0,900,10,3,0,0
108.3333,-1.0,10,1,3,0,0
108.5714,-1.0,10,7,3,0,0
108.9286,-1.0,10,4,3,0,0
109.2857,-1.0,10,10,3,0,0
109.7619,-1.0,10,4,3,0,0
110.0,-1.0,10,7,3,0,0
110.2381,-1.0,83,1,3,0,0
110.2381,111.4286,110,1,3,0,0
110.4762,-1.0,900,1,3,0,0
110.7143,-1.0,900,1,3,0,0
110.9524,-1.0,900,1,3,0,0
111.1905,-1.0,900,1,3,0,0
111.6667,-1.0,10,10,3,0,0
111.9048,-1.0,10,4,3,0,0
112.1429,-1.0,10,7,3,0,0
112.3810,-1.0,10,1,3,0,0
112.8571,-1.0,82,7,3,0,0
112.8571,113.2143,110,7,3,0,0
113.0952,-1.0,900,7,3,0,0
113.0952,-1.0,31,7,3,0,0
113.5714,-1.0,10,4,3,0,0
113.8095,-1.0,20,10,3,0,0
114.0476,-1.0,20,1,3,0,0
114.5238,-1.0,10,10,3,0,0
114.7619,-1.0,10,4,3,0,0
115.0,-1.0,10,7,3,0,0
115.2381,-1.0,80,1,3,0,0
115.2381,115.5952,100,1,3,0,0
115.4762,-1.0,900,1,3,0,0
115.5952,-1.0,80,7,3,0,0
115.5952,115.9524,100,7,3,0,0
115.8333,-1.0,900,7,3,0,0
115.9524,-1.0,10,1,3,0,0
116.4286,-1.0,10,10,3,0,0
116.6667,-1.0,80,4,3,0,0
116.6667,117.0238,100,4,3,0,0
116.9048,-1.0,900,4,3,0,0
116.9048,-1.0,30,4,3,0,0
117.0238,-1.0,80,10,3,0,0
117.0238,117.3810,100,10,3,0,0
117.2619,-1.0,900,10,3,0,0
117.8571,-1.0,10,4,3,0,0
118.0952,-1.0,83,7,3,0,0
118.0952,118.4524,110,7,3,JumpScratch,6
118.3333,-1.0,900,7,3,0,0
118.4524,118.8095,110,10,3,JumpScratch,-6
118.6905,-1.0,900,10,3,0,0
119.0476,-1.0,83,4,3,0,0
119.0476,119.4048,110,4,3,JumpScratch,-6
119.2857,-1.0,900,4,3,0,0
119.4048,119.7619,110,1,3,JumpScratch,6
119.6429,-1.0,900,1,3,0,0
120.2381,-1.0,10,7,3,0,0
120.4762,-1.0,10,4,3,0,0
120.7143,-1.0,80,10,3,0,0
120.7143,121.1905,100,10,3,0,0
120.8333,-1.0,30,10,3,0,0
120.9524,-1.0,900,10,3,0,0
121.1905,-1.0,10,4,3,0,0
121.4286,-1.0,10,10,3,0,0
121.6667,-1.0,82,4,3,0,0
121.6667,122.1429,110,4,3,JumpScratch,-6
121.9048,-1.0,900,4,3,0,0
122.1429,123.3333,110,1,3,0,0
122.3810,-1.0,900,1,3,0,0
122.6190,-1.0,900,1,3,0,0
122.8571,-1.0,900,1,3,0,0
123.0952,-1.0,900,1,3,0,0
125.7143,-1.0,10,10,3,0,0
126.1905,-1.0,10,4,3,0,0
126.6667,-1.0,82,7,3,0,0
126.6667,127.0238,110,7,3,0,0
126.7857,-1.0,31,7,3,0,0
126.9048,-1.0,900,7,3,0,0
127.6190,-1.0,83,1,4,0,0
127.6190,128.0952,110,1,4,JumpScratch,6
127.8571,-1.0,900,1,4,0,0
128.0952,128.5714,110,3,4,JumpScratch,-6
128.3333,-1.0,900,3,4,0,0
128.5714,129.0476,110,1,4,JumpScratch,6
128.8095,-1.0,900,1,4,0,0
129.5238,-1.0,10,7,3,0,0
130.0,-1.0,10,4,3,0,0
130.4762,-1.0,82,10,3,0,0
130.4762,130.8333,110,10,3,0,0
130.5952,-1.0,31,10,3,0,0
130.7143,-1.0,900,10,3,0,0
131.4286,-1.0,80,1,3,0,0
131.4286,131.9048,100,1,3,0,0
131.6667,-1.0,900,1,3,0,0
132.3810,-1.0,80,10,3,0,0
132.3810,132.8571,100,10,3,0,0
132.6190,-1.0,900,10,3,0,0
133.3333,-1.0,10,1,3,0,0
133.8095,-1.0,10,7,3,0,0
134.2857,-1.0,82,4,3,0,0
134.2857,134.6429,110,4,3,0,0
134.4048,-1.0,31,4,3,0,0
134.5238,-1.0,900,4,3,0,0
135.2381,-1.0,50,7,6,0,0
136.4286,-1.0,10,4,3,0,0
136.6667,-1.0,10,7,3,0,0
136.9048,-1.0,10,4,3,0,0
137.1429,-1.0,20,9,4,0,0
137.6190,-1.0,10,1,3,0,0
137.8571,-1.0,20,7,4,0,0
138.3333,-1.0,10,4,3,0,0
138.5714,-1.0,81,9,4,0,0
138.5714,139.0476,101,9,4,0,0
138.8095,-1.0,900,9,4,0,0
139.0476,-1.0,10,1,3,0,0
139.2857,-1.0,10,7,3,0,0
139.5238,-1.0,10,4,3,0,0
139.7619,-1.0,10,10,3,0,0
140.0,-1.0,20,1,4,0,0
140.4762,-1.0,10,10,3,0,0
140.7143,-1.0,10,4,3,0,0
140.9524,-1.0,10,7,3,0,0
141.1905,-1.0,10,1,3,0,0
141.4286,-1.0,20,9,4,0,0
142.1429,-1.0,82,4,3,0,0
142.1429,142.3810,110,4,3,JumpScratch,-6
142.3810,142.6190,110,1,3,JumpScratch,6
142.6190,142.8571,110,4,3,JumpScratch,-6
143.3333,-1.0,82,7,3,0,0
143.3333,143.5714,110,7,3,JumpScratch,6
143.4524,-1.0,31,7,3,0,0
143.5714,143.8095,110,10,3,JumpScratch,-6
143.8095,144.0476,110,7,3,JumpScratch,6
144.0476,144.2857,110,10,3,JumpScratch,-6
144.7619,-1.0,10,1,3,0,0
145.0,-1.0,10,10,3,0,0
145.2381,-1.0,10,4,3,0,0
145.4762,-1.0,10,7,3,0,0
145.7143,-1.0,82,1,3,0,0
145.7143,146.1905,110,1,3,JumpScratch,6
145.9524,-1.0,900,1,3,0,0
146.1905,146.4286,110,4,3,JumpScratch,-6
146.4286,146.9048,110,1,3,JumpScratch,6
146.6667,-1.0,900,1,3,0,0
146.9048,147.1429,110,4,3,JumpScratch,-6
147.8571,-1.0,10,7,3,0,0
148.0952,-1.0,10,4,3,0,0
148.3333,-1.0,10,7,3,0,0
148.5714,-1.0,20,1,4,0,0
149.0476,-1.0,10,10,3,0,0
149.2857,-1.0,81,3,4,0,0
149.2857,149.7619,101,3,4,0,0
149.5238,-1.0,900,3,4,0,0
149.7619,-1.0,10,7,4,0,0
150.0,-1.0,20,3,4,0,0
150.4762,-1.0,10,7,3,0,0
150.7143,-1.0,10,1,3,0,0
150.9524,-1.0,10,10,3,0,0
151.1905,-1.0,82,4,3,0,0
151.1905,151.4286,110,4,3,0,0
151.9048,-1.0,10,10,3,0,0
152.1429,-1.0,10,4,3,0,0
152.3810,-1.0,10,7,3,0,0
152.6190,-1.0,10,1,3,0,0
152.8571,-1.0,80,10,3,0,0
152.8571,153.3333,100,10,3,0,0
153.0952,-1.0,900,10,3,0,0
153.5714,-1.0,10,1,3,0,0
153.8095,-1.0,10,10,3,0,0
154.0476,-1.0,10,4,3,0,0
154.2857,-1.0,80,7,3,0,0
154.2857,154.7619,100,7,3,0,0
154.5238,-1.0,900,7,3,0,0
154.7619,-1.0,10,1,3,0,0
155.0,-1.0,80,10,3,0,0
155.0,155.4762,100,10,3,0,0
155.2381,-1.0,900,10,3,0,0
155.4762,-1.0,10,4,3,0,0
155.7143,-1.0,82,7,3,0,0
155.7143,156.1905,110,7,3,JumpScratch,6
155.9524,-1.0,900,7,3,0,0
156.1905,156.4286,110,10,3,JumpScratch,-6
156.9048,-1.0,10,4,3,0,0
157.1429,-1.0,10,7,3,0,0
157.3810,-1.0,10,1,3,0,0
157.6190,-1.0,10,7,3,0,0
157.8571,-1.0,10,4,3,0,0
158.0952,-1.0,10,10,3,0,0
158.3333,-1.0,10,4,3,0,0
158.5714,-1.0,80,7,3,0,0
158.5714,159.2857,100,7,3,0,0
158.8095,-1.0,900,7,3,0,0
159.0476,-1.0,900,7,3,0,0
159.7619,-1.0,10,4,3,0,0
160.0,-1.0,10,10,3,0,0
160.2381,-1.0,10,4,3,0,0
160.4762,-1.0,10,7,3,0,0
160.7143,-1.0,82,1,3,0,0
160.7143,161.1905,110,1,3,JumpScratch,6
160.9524,-1.0,900,1,3,0,0
161.1905,161.4286,110,4,3,JumpScratch,-6
161.4286,163.3333,110,1,3,0,0
161.6667,-1.0,900,1,3,0,0
161.9048,-1.0,900,1,3,0,0
162.1429,-1.0,900,1,3,0,0
162.3810,-1.0,900,1,3,0,0
162.6190,-1.0,900,1,3,0,0
162.8571,-1.0,900,1,3,0,0
163.0952,-1.0,900,1,3,0,0
165.2381,-1.0,80,10,3,0,0
165.2381,166.6667,100,10,3,0,0
165.4762,-1.0,900,10,3,0,0
165.7143,-1.0,900,10,3,0,0
165.9524,-1.0,900,10,3,0,0
166.1905,-1.0,900,10,3,0,0
166.4286,-1.0,900,10,3,0,0
167.1429,-1.0,80,4,3,0,0
167.1429,168.5714,100,4,3,0,0
167.3810,-1.0,900,4,3,0,0
167.6190,-1.0,900,4,3,0,0
167.8571,-1.0,900,4,3,0,0
168.0952,-1.0,900,4,3,0,0
168.3333,-1.0,900,4,3,0,0
169.0476,-1.0,80,7,3,0,0
169.0476,170.4762,100,7,3,0,0
169.2857,-1.0,900,7,3,0,0
169.5238,-1.0,900,7,3,0,0
169.7619,-1.0,900,7,3,0,0
170.0,-1.0,900,7,3,0,0
170.2381,-1.0,900,7,3,0,0
170.9524,-1.0,80,1,3,0,0
170.9524,172.3810,100,1,3,0,0
171.1905,-1.0,900,1,3,0,0
171.4286,-1.0,900,1,3,0,0
171.6667,-1.0,900,1,3,0,0
171.9048,-1.0,900,1,3,0,0
172.1429,-1.0,900,1,3,0,0
172.8571,-1.0,10,10,3,0,0
173.3333,-1.0,10,4,3,0,0
173.8095,-1.0,82,10,3,0,0
173.8095,174.2857,110,10,3,0,0
174.0476,-1.0,900,10,3,0,0
174.7619,-1.0,10,1,3,0,0
175.2381,-1.0,10,7,3,0,0
175.7143,-1.0,82,1,3,0,0
175.7143,176.1905,110,1,3,0,0
175.9524,-1.0,900,1,3,0,0
176.6667,-1.0,10,10,3,0,0
177.1429,-1.0,10,4,3,0,0
177.6190,-1.0,82,10,3,0,0
177.6190,178.0952,110,10,3,0,0
177.8571,-1.0,900,10,3,0,0
178.5714,-1.0,10,4,3,0,0
178.9286,-1.0,80,7,3,0,0
178.9286,179.5238,100,7,3,0,0
179.1667,-1.0,900,7,3,0,0
179.4048,-1.0,900,7,3,0,0
179.7619,-1.0,83,1,3,0,0
179.7619,180.1190,110,1,3,0,0
180.0,-1.0,900,1,3,0,0
180.4762,-1.0,80,10,3,0,0
180.4762,180.9524,100,10,3,0,0
180.7143,-1.0,900,10,3,0,0
180.9524,-1.0,20,1,3,0,0
181.4286,-1.0,80,4,3,0,0
181.4286,181.7857,100,4,3,0,0
181.6667,-1.0,900,4,3,0,0
181.6667,-1.0,30,4,3,0,0
181.7857,-1.0,82,10,3,0,0
181.7857,182.1429,110,10,3,0,0
182.0238,-1.0,900,10,3,0,0
182.6190,-1.0,20,4,3,0,0
182.8571,-1.0,80,7,3,0,0
182.8571,183.2143,100,7,3,0,0
182.9762,-1.0,30,7,3,0,0
183.0952,-1.0,900,7,3,0,0
183.2143,-1.0,80,1,3,0,0
183.2143,183.5714,100,1,3,0,0
183.4524,-1.0,900,1,3,0,0
183.5714,-1.0,10,7,3,0,0
183.8095,-1.0,10,4,3,0,0
184.0476,-1.0,10,10,3,0,0
184.2857,-1.0,20,4,3,0,0
184.7619,-1.0,20,1,3,0,0
184.7619,-1.0,20,7,3,0,0
185.2381,-1.0,81,10,3,0,0
185.2381,185.5952,101,10,3,0,0
185.4762,-1.0,900,10,3,0,0
185.4762,-1.0,30,10,3,0,0
185.5952,-1.0,80,4,3,0,0
185.5952,185.9524,100,4,3,0,0
185.8333,-1.0,900,4,3,0,0
185.9524,-1.0,10,7,3,0,0
186.1905,-1.0,81,1,3,0,0
186.1905,186.5476,101,1,3,0,0
186.4286,-1.0,900,1,3,0,0
186.4286,-1.0,30,1,3,0,0
186.5476,-1.0,80,10,3,0,0
186.5476,186.9048,100,10,3,0,0
186.7857,-1.0,900,10,3,0,0
186.9048,-1.0,10,4,3,0,0
187.1429,-1.0,50,10,3,0,0
187.8571,-1.0,10,1,3,0,0
188.0952,-1.0,80,7,3,0,0
188.0952,188.5714,100,7,3,0,0
188.3333,-1.0,900,7,3,0,0
188.8095,-1.0,10,4,3,0,0
189.0476,-1.0,80,10,3,0,0
189.0476,189.5238,100,10,3,0,0
189.2857,-1.0,900,10,3,0,0
189.7619,-1.0,10,1,3,0,0
190.0,-1.0,80,7,3,0,0
190.0,190.4762,100,7,3,0,0
190.2381,-1.0,900,7,3,0,0
190.4762,-1.0,80,4,3,0,0
190.4762,190.9524,100,4,3,0,0
190.7143,-1.0,900,4,3,0,0
190.9524,-1.0,50,9,4,0,0
191.3095,-1.0,10,1,4,0,0
191.6667,-1.0,10,9,4,0,0
191.9048,-1.0,80,3,4,0,0
191.9048,192.8571,100,3,4,0,0
192.1429,-1.0,900,3,4,0,0
192.1429,-1.0,30,3,4,0,0
192.2619,-1.0,30,3,4,0,0
192.3810,-1.0,900,3,4,0,0
192.6190,-1.0,900,3,4,0,0
192.8571,-1.0,10,7,4,0,0
193.3333,-1.0,10,1,4,0,0
193.5714,-1.0,10,9,4,0,0
193.8095,-1.0,83,3,4,0,0
193.8095,194.1667,110,3,4,JumpScratch,-6
194.0476,-1.0,900,3,4,0,0
194.1667,194.7619,110,1,4,JumpScratch,6
194.4048,-1.0,900,1,4,0,0
194.6429,-1.0,900,1,4,0,0
195.7143,-1.0,80,10,2,0,0
195.7143,196.6667,100,10,2,0,0
195.9524,-1.0,900,10,2,0,0
196.1905,-1.0,900,10,2,0,0
196.4286,-1.0,900,10,2,0,0
197.6190,-1.0,80,2,2,0,0
197.6190,198.5714,100,2,2,0,0
197.8571,-1.0,900,2,2,0,0
198.0952,-1.0,900,2,2,0,0
198.3333,-1.0,900,2,2,0,0
199.5238,-1.0,10,10,3,0,0
200.0,-1.0,10,4,3,0,0
200.4762,-1.0,82,10,3,0,0
200.4762,200.8333,110,10,3,0,0
200.5952,-1.0,31,10,3,0,0
200.7143,-1.0,900,10,3,0,0
201.4286,-1.0,80,4,3,0,0
201.4286,201.9048,100,4,3,0,0
201.6667,-1.0,900,4,3,0,0
202.3810,-1.0,80,7,3,0,0
202.3810,202.8571,100,7,3,0,0
202.6190,-1.0,900,7,3,0,0
203.3333,-1.0,10,1,3,0,0
203.8095,-1.0,10,7,3,0,0
204.2857,-1.0,82,1,3,0,0
204.2857,204.6429,110,1,3,0,0
204.4048,-1.0,31,1,3,0,0
204.5238,-1.0,900,1,3,0,0
205.2381,-1.0,83,7,4,0,0
205.2381,205.7143,110,7,4,JumpScratch,6
205.4762,-1.0,900,7,4,0,0
205.7143,206.1905,110,9,4,JumpScratch,-6
205.9524,-1.0,900,9,4,0,0
206.1905,206.6667,110,7,4,JumpScratch,6
206.4286,-1.0,900,7,4,0,0
207.1429,-1.0,10,1,3,0,0
207.6190,-1.0,10,7,3,0,0
208.0952,-1.0,83,1,3,0,0
208.0952,208.4524,110,1,3,0,0
208.2143,-1.0,31,1,3,0,0
208.3333,-1.0,900,1,3,0,0
209.0476,-1.0,80,7,3,0,0
209.0476,209.5238,100,7,3,0,0
209.2857,-1.0,900,7,3,0,0
210.0,-1.0,80,4,3,0,0
210.0,210.4762,100,4,3,0,0
210.2381,-1.0,900,4,3,0,0
210.9524,-1.0,10,10,3,0,0
211.4286,-1.0,10,4,3,0,0
211.9048,-1.0,83,10,3,0,0
211.9048,212.2619,110,10,3,JumpScratch,-6
212.0238,-1.0,31,10,3,0,0
212.1429,-1.0,900,10,3,0,0
212.2619,212.6190,110,7,4,JumpScratch,6
212.5000,-1.0,900,7,4,0,0
212.6190,214.6429,110,9,4,0,0
212.8571,-1.0,900,9,4,0,0
213.0952,-1.0,900,9,4,0,0
213.3333,-1.0,900,9,4,0,0
213.5714,-1.0,900,9,4,0,0
213.8095,-1.0,900,9,4,0,0
214.0476,-1.0,900,9,4,0,0
214.2857,-1.0,900,9,4,0,0
214.5238,-1.0,900,9,4,0,0