0.0,-1.0,83,7,4,0,0
0.0,1.5000,110,7,4,JumpScratch,6
42.0,65.2500,0,0,0,14,10230
0.1875,-1.0,900,7,4,0,0
119.2500,130.5000,0,0,0,14,10230
0.3750,-1.0,900,7,4,0,0
0.5625,-1.0,900,7,4,0,0
0.5625,-1.0,31,7,4,0,0
0.7500,-1.0,900,7,4,0,0
0.7500,-1.0,31,7,4,0,0
0.9375,-1.0,900,7,4,0,0
0.9375,-1.0,31,7,4,0,0
1.1250,-1.0,900,7,4,0,0
1.1250,-1.0,31,7,4,0,0
1.3125,-1.0,900,7,4,0,0
1.3125,-1.0,31,7,4,0,0
1.5000,2.2500,110,9,4,0,0
1.6875,-1.0,900,9,4,0,0
1.8750,-1.0,900,9,4,0,0
1.8750,-1.0,31,9,4,0,0
2.0625,-1.0,900,9,4,0,0
3.0,-1.0,82,3,4,0,0
3.0,4.5000,110,3,4,JumpScratch,-6
3.1875,-1.0,900,3,4,0,0
3.3750,-1.0,900,3,4,0,0
3.5625,-1.0,900,3,4,0,0
3.5625,-1.0,31,3,4,0,0
3.7500,-1.0,900,3,4,0,0
3.7500,-1.0,31,3,4,0,0
3.9375,-1.0,900,3,4,0,0
3.9375,-1.0,31,3,4,0,0
4.1250,-1.0,900,3,4,0,0
4.1250,-1.0,31,3,4,0,0
4.3125,-1.0,900,3,4,0,0
4.3125,-1.0,31,3,4,0,0
4.5000,5.2500,110,1,4,0,0
4.6875,-1.0,900,1,4,0,0
4.8750,-1.0,900,1,4,0,0
4.8750,-1.0,31,1,4,0,0
5.0625,-1.0,900,1,4,0,0
6.0,-1.0,20,9,4,0,0
6.5625,-1.0,10,1,3,0,0
6.7500,-1.0,10,7,3,0,0
6.9375,-1.0,10,4,3,0,0
7.1250,-1.0,10,10,3,0,0
7.5000,-1.0,83,1,3,0,0
7.5000,8.2500,110,1,3,0,0
7.6875,-1.0,900,1,3,0,0
7.8750,-1.0,900,1,3,0,0
7.8750,-1.0,31,1,3,0,0
8.0625,-1.0,900,1,3,0,0
9.0,-1.0,82,7,3,0,0
9.0,10.5000,110,7,3,JumpScratch,6
9.1875,-1.0,900,7,3,0,0
9.3750,-1.0,900,7,3,0,0
9.5625,-1.0,900,7,3,0,0
9.7500,-1.0,900,7,3,0,0
9.7500,-1.0,31,7,3,0,0
9.9375,-1.0,900,7,3,0,0
10.1250,-1.0,900,7,3,0,0
10.3125,-1.0,900,7,3,0,0
10.5000,10.8750,110,9,4,JumpScratch,-6
10.6875,-1.0,900,9,4,0,0
10.8750,11.2500,110,7,4,0,0
11.0625,-1.0,900,7,4,0,0
11.6250,-1.0,10,4,3,0,0
12.0,-1.0,10,10,3,0,0
12.3750,-1.0,10,4,3,0,0
12.7500,-1.0,10,10,3,0,0
12.9375,-1.0,10,4,3,0,0
13.3125,-1.0,10,7,3,0,0
13.5000,-1.0,10,1,3,0,0
13.8750,-1.0,10,7,3,0,0
14.2500,-1.0,10,1,3,0,0
14.4375,-1.0,10,7,3,0,0
14.8125,-1.0,10,4,3,0,0
15.0,-1.0,10,10,3,0,0
15.3750,-1.0,10,4,3,0,0
15.7500,-1.0,10,10,3,0,0
15.9375,-1.0,10,4,3,0,0
16.3125,-1.0,10,7,3,0,0
16.5000,-1.0,10,1,3,0,0
16.8750,-1.0,10,7,3,0,0
17.2500,-1.0,82,1,4,0,0
17.2500,17.6250,110,1,4,0,0
17.4375,-1.0,900,1,4,0,0
18.0,-1.0,10,10,3,0,0
18.3750,-1.0,10,4,3,0,0
18.7500,-1.0,10,10,3,0,0
18.9375,-1.0,10,4,3,0,0
19.3125,-1.0,10,7,3,0,0
19.5000,-1.0,10,1,3,0,0
19.8750,-1.0,10,7,3,0,0
20.2500,-1.0,10,1,3,0,0
20.4375,-1.0,10,7,3,0,0
20.8125,-1.0,10,4,3,0,0
21.0,-1.0,10,10,3,0,0
21.3750,-1.0,10,4,3,0,0
21.7500,-1.0,10,10,3,0,0
21.9375,-1.0,10,4,3,0,0
22.3125,-1.0,10,7,3,0,0
22.5000,-1.0,10,1,3,0,0
22.8750,-1.0,10,7,3,0,0
23.2500,-1.0,50,1,4,0,0
23.8125,-1.0,10,7,3,0,0
24.0,-1.0,82,3,4,0,0
24.0,24.7500,110,3,4,JumpScratch,-6
24.1875,-1.0,900,3,4,0,0
24.1875,-1.0,31,3,4,0,0
24.3750,-1.0,900,3,4,0,0
24.3750,-1.0,31,3,4,0,0
24.5625,-1.0,900,3,4,0,0
24.5625,-1.0,31,3,4,0,0
24.7500,25.5000,110,1,4,0,0
24.9375,-1.0,900,1,4,0,0
24.9375,-1.0,31,1,4,0,0
25.1250,-1.0,900,1,4,0,0
25.1250,-1.0,31,1,4,0,0
25.3125,-1.0,900,1,4,0,0
25.3125,-1.0,31,1,4,0,0
26.8125,-1.0,10,4,3,0,0
27.0,-1.0,82,7,4,0,0
27.0,27.7500,110,7,4,JumpScratch,6
27.1875,-1.0,900,7,4,0,0
27.1875,-1.0,31,7,4,0,0
27.3750,-1.0,900,7,4,0,0
27.3750,-1.0,31,7,4,0,0
27.5625,-1.0,900,7,4,0,0
27.5625,-1.0,31,7,4,0,0
27.7500,28.5000,110,9,4,0,0
27.9375,-1.0,900,9,4,0,0
27.9375,-1.0,31,9,4,0,0
28.1250,-1.0,900,9,4,0,0
28.1250,-1.0,31,9,4,0,0
28.3125,-1.0,900,9,4,0,0
28.3125,-1.0,31,9,4,0,0
29.8125,-1.0,10,7,3,0,0
30.0,-1.0,82,3,4,0,0
30.0,30.7500,110,3,4,JumpScratch,-6
30.1875,-1.0,900,3,4,0,0
30.1875,-1.0,31,3,4,0,0
30.3750,-1.0,900,3,4,0,0
30.3750,-1.0,31,3,4,0,0
30.5625,-1.0,900,3,4,0,0
30.5625,-1.0,31,3,4,0,0
30.7500,31.5000,110,1,4,JumpScratch,6
30.9375,-1.0,900,1,4,0,0
30.9375,-1.0,31,1,4,0,0
31.1250,-1.0,900,1,4,0,0
31.1250,-1.0,31,1,4,0,0
31.3125,-1.0,900,1,4,0,0
31.3125,-1.0,31,1,4,0,0
31.5000,32.2500,110,3,4,0,0
31.6875,-1.0,900,3,4,0,0
31.8750,-1.0,900,3,4,0,0
31.8750,-1.0,31,3,4,0,0
32.0625,-1.0,900,3,4,0,0
32.6250,-1.0,10,7,3,0,0
33.0,-1.0,80,4,3,0,0
33.0,33.7500,100,4,3,0,0
33.1875,-1.0,900,4,3,0,0
33.3750,-1.0,900,4,3,0,0
33.5625,-1.0,900,4,3,0,0
34.1250,-1.0,10,7,3,0,0
34.5000,-1.0,10,1,3,0,0
34.6875,-1.0,10,7,3,0,0
34.8750,-1.0,10,4,3,0,0
35.0625,-1.0,50,9,4,0,0
35.6250,-1.0,10,4,3,0,0
36.0,-1.0,10,10,3,0,0
36.1875,-1.0,10,4,3,0,0
36.3750,-1.0,10,7,3,0,0
36.5625,-1.0,50,1,4,0,0
37.1250,-1.0,10,7,3,0,0
37.5000,-1.0,10,1,3,0,0
37.6875,-1.0,10,7,3,0,0
37.8750,-1.0,10,4,3,0,0
38.0625,-1.0,50,9,4,0,0
38.6250,-1.0,10,4,3,0,0
39.0,-1.0,82,7,4,0,0
39.0,39.7500,110,7,4,JumpScratch,6
39.1875,-1.0,900,7,4,0,0
39.3750,-1.0,900,7,4,0,0
39.3750,-1.0,31,7,4,0,0
39.5625,-1.0,900,7,4,0,0
39.7500,40.5000,110,9,4,0,0
39.9375,-1.0,900,9,4,0,0
40.1250,-1.0,900,9,4,0,0
40.1250,-1.0,31,9,4,0,0
40.3125,-1.0,900,9,4,0,0
42.0,-1.0,50,10,3,0,0
42.5625,-1.0,10,1,3,0,0
42.7500,-1.0,10,7,3,0,0
42.9375,-1.0,10,4,3,0,0
43.1250,-1.0,10,10,3,0,0
43.5000,-1.0,20,4,3,0,0
43.8750,-1.0,20,7,3,0,0
44.2500,-1.0,20,4,3,0,0
44.6250,-1.0,10,7,3,0,0
44.8125,-1.0,10,1,3,0,0
45.0,-1.0,10,7,3,0,0
45.5625,-1.0,10,10,3,0,0
45.7500,-1.0,10,4,3,0,0
45.9375,-1.0,10,7,3,0,0
46.1250,-1.0,10,1,3,0,0
46.5000,-1.0,20,7,3,0,0
46.8750,-1.0,20,4,3,0,0
47.2500,-1.0,50,7,3,0,0
48.0,-1.0,50,1,3,0,0
48.5625,-1.0,10,10,3,0,0
48.7500,-1.0,10,4,3,0,0
48.9375,-1.0,10,7,3,0,0
49.1250,-1.0,10,1,3,0,0
49.5000,-1.0,20,7,3,0,0
49.8750,-1.0,20,4,3,0,0
50.2500,-1.0,20,7,3,0,0
50.6250,-1.0,10,4,3,0,0
50.8125,-1.0,10,10,3,0,0
51.0,-1.0,10,4,3,0,0
51.5625,-1.0,10,1,3,0,0
51.7500,-1.0,10,7,3,0,0
51.9375,-1.0,10,4,3,0,0
52.1250,-1.0,10,10,3,0,0
52.5000,-1.0,20,4,3,0,0
52.8750,-1.0,20,7,3,0,0
53.2500,-1.0,50,4,3,0,0
54.0,-1.0,50,10,3,0,0
54.5625,-1.0,10,4,3,0,0
54.7500,-1.0,10,10,3,0,0
54.9375,-1.0,10,1,3,0,0
55.1250,-1.0,10,7,3,0,0
55.5000,-1.0,20,4,3,0,0
55.8750,-1.0,20,7,3,0,0
56.2500,-1.0,20,4,3,0,0
56.6250,-1.0,10,7,3,0,0
56.8125,-1.0,10,1,3,0,0
57.0,-1.0,10,7,3,0,0
57.5625,-1.0,10,7,3,0,0
57.7500,-1.0,10,1,3,0,0
57.9375,-1.0,10,10,3,0,0
58.1250,-1.0,10,4,3,0,0
58.5000,-1.0,20,7,3,0,0
58.8750,-1.0,20,4,3,0,0
59.2500,-1.0,50,7,3,0,0
60.0,-1.0,50,1,3,0,0
60.5625,-1.0,10,7,3,0,0
60.7500,-1.0,10,1,3,0,0
60.9375,-1.0,10,10,3,0,0
61.1250,-1.0,10,4,3,0,0
61.5000,-1.0,20,7,3,0,0
61.8750,-1.0,20,4,3,0,0
62.2500,-1.0,20,7,3,0,0
62.6250,-1.0,10,4,3,0,0
62.8125,-1.0,10,10,3,0,0
63.0,-1.0,10,4,3,0,0
63.5625,-1.0,10,4,3,0,0
63.7500,-1.0,10,10,3,0,0
63.9375,-1.0,10,1,3,0,0
64.1250,-1.0,10,7,3,0,0
64.5000,-1.0,20,4,3,0,0
64.8750,-1.0,20,7,3,0,0
65.2500,-1.0,20,4,3,0,0
65.6250,-1.0,10,7,3,0,0
66.0,-1.0,82,4,3,0,0
66.0,67.5000,110,4,3,JumpScratch,-6
66.1875,-1.0,900,4,3,0,0
66.3750,-1.0,900,4,3,0,0
66.5625,-1.0,900,4,3,0,0
66.7500,-1.0,900,4,3,0,0
66.7500,-1.0,31,4,3,0,0
66.9375,-1.0,900,4,3,0,0
67.1250,-1.0,900,4,3,0,0
67.3125,-1.0,900,4,3,0,0
67.5000,67.8750,110,1,4,JumpScratch,6
67.6875,-1.0,900,1,4,0,0
67.8750,68.2500,110,3,4,0,0
68.0625,-1.0,900,3,4,0,0
68.8125,-1.0,10,1,3,0,0
69.0,-1.0,10,7,3,0,0
69.1875,-1.0,10,4,3,0,0
69.3750,-1.0,10,10,3,0,0
69.7500,-1.0,50,1,4,0,0
70.3125,-1.0,10,10,3,0,0
70.5000,-1.0,10,4,3,0,0
70.6875,-1.0,10,7,3,0,0
70.8750,-1.0,10,1,3,0,0
71.2500,-1.0,50,9,4,0,0
71.6250,-1.0,10,4,3,0,0
72.0,-1.0,82,9,4,0,0
72.0,72.7500,110,9,4,JumpScratch,-6
72.1875,-1.0,900,9,4,0,0
72.3750,-1.0,900,9,4,0,0
72.3750,-1.0,31,9,4,0,0
72.5625,-1.0,900,9,4,0,0
72.7500,73.5000,110,7,4,0,0
72.9375,-1.0,900,7,4,0,0
73.1250,-1.0,900,7,4,0,0
73.1250,-1.0,31,7,4,0,0
73.3125,-1.0,900,7,4,0,0
74.8125,-1.0,10,10,3,0,0
75.0,-1.0,10,4,3,0,0
75.1875,-1.0,10,7,3,0,0
75.3750,-1.0,10,1,3,0,0
75.7500,-1.0,50,9,4,0,0
76.3125,-1.0,10,1,3,0,0
76.5000,-1.0,10,7,3,0,0
76.6875,-1.0,10,4,3,0,0
76.8750,-1.0,10,10,3,0,0
77.2500,-1.0,50,1,4,0,0
77.6250,-1.0,10,7,3,0,0
78.0,-1.0,82,1,4,0,0
78.0,78.7500,110,1,4,JumpScratch,6
78.1875,-1.0,900,1,4,0,0
78.3750,-1.0,900,1,4,0,0
78.3750,-1.0,31,1,4,0,0
78.5625,-1.0,900,1,4,0,0
78.7500,79.5000,110,3,4,0,0
78.9375,-1.0,900,3,4,0,0
79.1250,-1.0,900,3,4,0,0
79.1250,-1.0,31,3,4,0,0
79.3125,-1.0,900,3,4,0,0
80.6250,-1.0,10,4,3,0,0
81.0,-1.0,82,9,4,0,0
81.0,81.7500,110,9,4,JumpScratch,-6
81.1875,-1.0,900,9,4,0,0
81.1875,-1.0,31,9,4,0,0
81.3750,-1.0,900,9,4,0,0
81.3750,-1.0,31,9,4,0,0
81.5625,-1.0,900,9,4,0,0
81.5625,-1.0,31,9,4,0,0
81.7500,82.5000,110,7,4,JumpScratch,6
81.9375,-1.0,900,7,4,0,0
81.9375,-1.0,31,7,4,0,0
82.1250,-1.0,900,7,4,0,0
82.1250,-1.0,31,7,4,0,0
82.3125,-1.0,900,7,4,0,0
82.3125,-1.0,31,7,4,0,0
82.5000,83.2500,110,9,4,0,0
82.6875,-1.0,900,9,4,0,0
82.6875,-1.0,31,9,4,0,0
82.8750,-1.0,900,9,4,0,0
82.8750,-1.0,31,9,4,0,0
83.0625,-1.0,900,9,4,0,0
83.0625,-1.0,31,9,4,0,0
83.8125,-1.0,10,7,3,0,0
84.0,-1.0,82,1,4,0,0
84.0,84.7500,110,1,4,JumpScratch,6
84.1875,-1.0,900,1,4,0,0
84.1875,-1.0,31,1,4,0,0
84.3750,-1.0,900,1,4,0,0
84.3750,-1.0,31,1,4,0,0
84.5625,-1.0,900,1,4,0,0
84.5625,-1.0,31,1,4,0,0
84.7500,85.5000,110,3,4,JumpScratch,-6
84.9375,-1.0,900,3,4,0,0
84.9375,-1.0,31,3,4,0,0
85.1250,-1.0,900,3,4,0,0
85.1250,-1.0,31,3,4,0,0
85.3125,-1.0,900,3,4,0,0
85.3125,-1.0,31,3,4,0,0
85.5000,86.2500,110,1,4,0,0
85.6875,-1.0,900,1,4,0,0
85.6875,-1.0,31,1,4,0,0
85.8750,-1.0,900,1,4,0,0
85.8750,-1.0,31,1,4,0,0
86.0625,-1.0,900,1,4,0,0
86.0625,-1.0,31,1,4,0,0
86.8125,-1.0,10,4,3,0,0
87.0,-1.0,82,9,4,0,0
87.0,87.7500,110,9,4,JumpScratch,-6
87.1875,-1.0,900,9,4,0,0
87.1875,-1.0,31,9,4,0,0
87.3750,-1.0,900,9,4,0,0
87.3750,-1.0,31,9,4,0,0
87.5625,-1.0,900,9,4,0,0
87.5625,-1.0,31,9,4,0,0
87.7500,88.5000,110,7,4,JumpScratch,6
87.9375,-1.0,900,7,4,0,0
87.9375,-1.0,31,7,4,0,0
88.1250,-1.0,900,7,4,0,0
88.1250,-1.0,31,7,4,0,0
88.3125,-1.0,900,7,4,0,0
88.3125,-1.0,31,7,4,0,0
88.5000,89.2500,110,9,4,0,0
88.6875,-1.0,900,9,4,0,0
88.6875,-1.0,31,9,4,0,0
88.8750,-1.0,900,9,4,0,0
88.8750,-1.0,31,9,4,0,0
89.0625,-1.0,900,9,4,0,0
89.0625,-1.0,31,9,4,0,0
89.8125,-1.0,10,7,3,0,0
90.0,-1.0,81,1,3,0,0
90.0,90.7500,101,1,3,0,0
90.1875,-1.0,900,1,3,0,0
90.3750,-1.0,900,1,3,0,0
90.5625,-1.0,900,1,3,0,0
90.7500,-1.0,81,7,3,0,0
90.7500,91.5000,101,7,3,0,0
90.9375,-1.0,900,7,3,0,0
91.1250,-1.0,900,7,3,0,0
91.3125,-1.0,900,7,3,0,0
91.5000,-1.0,81,4,3,0,0
91.5000,92.2500,101,4,3,0,0
91.6875,-1.0,900,4,3,0,0
91.8750,-1.0,900,4,3,0,0
92.0625,-1.0,900,4,3,0,0
92.2500,-1.0,81,10,3,0,0
92.2500,93.0,101,10,3,0,0
92.4375,-1.0,900,10,3,0,0
92.6250,-1.0,900,10,3,0,0
92.8125,-1.0,900,10,3,0,0
93.0,-1.0,83,1,3,0,0
93.0,96.0,110,1,3,0,0
93.1875,-1.0,900,1,3,0,0
93.3750,-1.0,900,1,3,0,0
93.5625,-1.0,900,1,3,0,0
93.7500,-1.0,900,1,3,0,0
93.9375,-1.0,900,1,3,0,0
94.1250,-1.0,900,1,3,0,0
94.3125,-1.0,900,1,3,0,0
94.5000,-1.0,900,1,3,0,0
94.6875,-1.0,900,1,3,0,0
94.8750,-1.0,900,1,3,0,0
95.0625,-1.0,900,1,3,0,0
95.2500,-1.0,900,1,3,0,0
95.4375,-1.0,900,1,3,0,0
95.6250,-1.0,900,1,3,0,0
95.8125,-1.0,900,1,3,0,0
99.0,-1.0,20,9,4,0,0
99.5625,-1.0,10,1,3,0,0
99.7500,-1.0,10,7,3,0,0
99.9375,-1.0,10,4,3,0,0
100.1250,-1.0,10,10,3,0,0
100.5000,-1.0,83,1,3,0,0
100.5000,101.2500,110,1,3,0,0
100.6875,-1.0,900,1,3,0,0
100.8750,-1.0,900,1,3,0,0
100.8750,-1.0,31,1,3,0,0
101.0625,-1.0,900,1,3,0,0
101.6250,-1.0,10,7,3,0,0
102.0,-1.0,82,3,4,0,0
102.0,102.7500,110,3,4,JumpScratch,-6
102.1875,-1.0,900,3,4,0,0
102.3750,-1.0,900,3,4,0,0
102.3750,-1.0,31,3,4,0,0
102.5625,-1.0,900,3,4,0,0
102.7500,103.5000,110,1,4,0,0
102.9375,-1.0,900,1,4,0,0
103.1250,-1.0,900,1,4,0,0
103.1250,-1.0,31,1,4,0,0
103.3125,-1.0,900,1,4,0,0
105.0,-1.0,10,7,3,0,0
105.7500,-1.0,10,4,3,0,0
106.5000,-1.0,82,10,3,0,0
106.5000,107.2500,110,10,3,0,0
106.6875,-1.0,900,10,3,0,0
106.8750,-1.0,900,10,3,0,0
106.8750,-1.0,31,10,3,0,0
107.0625,-1.0,900,10,3,0,0
108.0,-1.0,10,4,3,0,0
108.7500,-1.0,10,7,3,0,0
109.5000,-1.0,82,1,3,0,0
109.5000,110.2500,110,1,3,0,0
109.6875,-1.0,900,1,3,0,0
109.8750,-1.0,900,1,3,0,0
109.8750,-1.0,31,1,3,0,0
110.0625,-1.0,900,1,3,0,0
111.0,-1.0,10,7,3,0,0
111.7500,-1.0,10,4,3,0,0
112.5000,-1.0,10,7,3,0,0
112.8750,-1.0,10,4,3,0,0
113.2500,-1.0,80,7,3,0,0
113.2500,114.9375,100,7,3,0,0
113.4375,-1.0,900,7,3,0,0
113.6250,-1.0,900,7,3,0,0
113.8125,-1.0,900,7,3,0,0
114.0,-1.0,900,7,3,0,0
114.1875,-1.0,900,7,3,0,0
114.3750,-1.0,900,7,3,0,0
114.5625,-1.0,900,7,3,0,0
114.7500,-1.0,900,7,3,0,0
115.8750,-1.0,10,4,3,0,0
116.2500,-1.0,10,10,3,0,0
116.8125,-1.0,10,1,3,0,0
117.0,-1.0,10,7,3,0,0
117.1875,-1.0,10,4,3,0,0
117.3750,-1.0,10,10,3,0,0
117.7500,-1.0,10,4,3,0,0
118.1250,-1.0,10,7,3,0,0
118.5000,-1.0,50,4,3,0,0
119.2500,-1.0,50,10,3,0,0
119.8125,-1.0,10,10,3,0,0
120.0,-1.0,10,4,3,0,0
120.1875,-1.0,10,7,3,0,0
120.3750,-1.0,10,1,3,0,0
120.5625,-1.0,10,10,3,0,0
120.7500,-1.0,20,4,3,0,0
121.1250,-1.0,20,7,3,0,0
121.5000,-1.0,20,4,3,0,0
121.8750,-1.0,10,7,3,0,0
122.0625,-1.0,10,1,3,0,0
122.2500,-1.0,10,7,3,0,0
122.8125,-1.0,10,1,3,0,0
123.0,-1.0,10,7,3,0,0
123.1875,-1.0,10,4,3,0,0
123.3750,-1.0,10,10,3,0,0
123.5625,-1.0,10,1,3,0,0
123.7500,-1.0,20,7,3,0,0
124.1250,-1.0,20,4,3,0,0
124.5000,-1.0,50,7,3,0,0
125.2500,-1.0,50,1,3,0,0
125.8125,-1.0,10,1,3,0,0
126.0,-1.0,10,7,3,0,0
126.1875,-1.0,10,4,3,0,0
126.3750,-1.0,10,10,3,0,0
126.5625,-1.0,10,1,3,0,0
126.7500,-1.0,20,7,3,0,0
127.1250,-1.0,20,4,3,0,0
127.5000,-1.0,20,7,3,0,0
127.8750,-1.0,10,4,3,0,0
128.0625,-1.0,10,10,3,0,0
128.2500,-1.0,10,4,3,0,0
128.8125,-1.0,10,10,3,0,0
129.0,-1.0,10,4,3,0,0
129.1875,-1.0,10,7,3,0,0
129.3750,-1.0,10,1,3,0,0
129.5625,-1.0,10,10,3,0,0
129.7500,-1.0,20,4,3,0,0
130.1250,-1.0,20,7,3,0,0
130.5000,-1.0,50,4,3,0,0
130.8750,-1.0,10,7,3,0,0
131.2500,-1.0,82,4,3,0,0
131.2500,132.7500,110,4,3,JumpScratch,-6
131.4375,-1.0,900,4,3,0,0
131.6250,-1.0,900,4,3,0,0
131.8125,-1.0,900,4,3,0,0
132.0,-1.0,900,4,3,0,0
132.0,-1.0,31,4,3,0,0
132.1875,-1.0,900,4,3,0,0
132.3750,-1.0,900,4,3,0,0
132.5625,-1.0,900,4,3,0,0
132.7500,133.1250,110,1,4,JumpScratch,6
132.9375,-1.0,900,1,4,0,0
133.1250,133.5000,110,3,4,0,0
133.3125,-1.0,900,3,4,0,0