0.0,-1.0,50,1,4,0,0
12.0,23.6250,0,0,0,14,10230
0.0,-1.0,81,8,2,0,0
0.0,0.5625,101,8,2,0,0
68.8125,80.8125,0,0,0,14,10230
0.0,-1.0,81,11,2,0,0
0.0,0.5625,101,11,2,0,0
106.0,106.0,0,0,0,11,10230
0.1875,-1.0,900,8,2,0,0
107.5000,107.5000,0,0,0,11,10230
0.1875,-1.0,900,11,2,0,0
109.0,109.0,0,0,0,11,10230
0.3750,-1.0,900,8,2,0,0
110.5000,110.5000,0,0,0,11,10230
0.3750,-1.0,900,11,2,0,0
112.0,112.0,0,0,0,11,10230
0.5625,-1.0,10,4,3,0,0
113.5000,113.5000,0,0,0,11,10230
0.7500,-1.0,10,7,3,0,0
114.2500,114.2500,0,0,0,11,10230
0.7500,-1.0,10,10,3,0,0
117.2500,117.2500,0,0,0,11,10230
0.9375,-1.0,10,7,3,0,0
134.5000,134.5000,0,0,0,11,10230
0.9375,-1.0,10,10,3,0,0
1.1250,-1.0,10,1,3,0,0
1.3125,-1.0,10,4,3,0,0
1.5000,-1.0,82,7,2,0,0
1.5000,1.8750,110,7,2,JumpScratch,-4
1.5000,-1.0,82,11,2,0,0
1.5000,1.8750,110,11,2,JumpScratch,-4
1.6875,-1.0,900,7,2,0,0
1.6875,-1.0,900,11,2,0,0
1.8750,2.2500,110,5,2,JumpScratch,4
1.8750,2.2500,110,9,2,JumpScratch,4
2.0625,-1.0,900,5,2,0,0
2.0625,-1.0,900,9,2,0,0
2.6250,-1.0,10,1,3,0,0
2.6250,-1.0,10,10,3,0,0
2.8125,-1.0,10,7,3,0,0
2.9063,-1.0,10,4,3,0,0
3.0,-1.0,10,1,3,0,0
3.0,-1.0,50,9,4,0,0
3.5625,-1.0,10,7,3,0,0
3.7500,-1.0,10,1,3,0,0
3.7500,-1.0,10,4,3,0,0
3.9375,-1.0,10,1,3,0,0
3.9375,-1.0,10,4,3,0,0
4.1250,-1.0,10,10,3,0,0
4.3125,-1.0,10,7,3,0,0
4.5000,-1.0,82,1,2,0,0
4.5000,4.8750,110,1,2,JumpScratch,4
4.5000,-1.0,82,5,2,0,0
4.5000,4.8750,110,5,2,JumpScratch,4
4.6875,-1.0,900,1,2,0,0
4.6875,-1.0,900,5,2,0,0
5.0625,-1.0,10,10,3,0,0
5.1563,-1.0,10,4,3,0,0
5.2500,-1.0,10,7,3,0,0
5.2500,-1.0,10,10,3,0,0
5.5313,-1.0,10,3,3,0,0
5.5313,-1.0,10,8,3,0,0
5.8125,-1.0,10,1,3,0,0
5.8125,-1.0,10,4,3,0,0
6.0,-1.0,10,1,2,0,0
6.0938,-1.0,10,4,2,0,0
6.1875,-1.0,10,7,2,0,0
6.2813,-1.0,10,10,2,0,0
6.3750,-1.0,10,4,3,0,0
6.4688,-1.0,10,7,3,0,0
6.5625,-1.0,10,4,3,0,0
6.6563,-1.0,10,7,3,0,0
6.7500,-1.0,10,11,2,0,0
6.8438,-1.0,10,8,2,0,0
6.9375,-1.0,10,5,2,0,0
7.0313,-1.0,10,2,2,0,0
7.1250,-1.0,10,7,3,0,0
7.2188,-1.0,10,4,3,0,0
7.3125,-1.0,10,7,3,0,0
7.4063,-1.0,10,4,3,0,0
7.5000,-1.0,82,1,3,0,0
7.5000,7.8750,110,1,3,0,0
7.5000,-1.0,82,10,3,0,0
7.5000,7.8750,110,10,3,0,0
7.6875,-1.0,900,1,3,0,0
7.6875,-1.0,900,10,3,0,0
8.2500,-1.0,20,2,5,0,0
8.2500,-1.0,20,7,5,0,0
8.4375,-1.0,20,2,5,0,0
8.4375,-1.0,20,7,5,0,0
8.6250,-1.0,20,2,5,0,0
8.6250,-1.0,20,7,5,0,0
8.8125,-1.0,20,2,5,0,0
8.8125,-1.0,20,7,5,0,0
9.0,-1.0,80,6,2,0,0
9.0,10.1250,100,6,2,0,0
9.1875,-1.0,900,6,2,0,0
9.3750,-1.0,900,6,2,0,0
9.5625,-1.0,900,6,2,0,0
9.5625,-1.0,30,6,2,0,0
9.7500,-1.0,900,6,2,0,0
9.7500,-1.0,30,6,2,0,0
9.9375,-1.0,900,6,2,0,0
9.9375,-1.0,30,6,2,0,0
10.5000,-1.0,10,10,3,0,0
10.5938,-1.0,10,7,3,0,0
10.6875,-1.0,10,4,3,0,0
10.8750,-1.0,10,10,3,0,0
10.9688,-1.0,10,4,3,0,0
11.0625,-1.0,10,7,3,0,0
11.1563,-1.0,10,1,3,0,0
11.2500,-1.0,10,7,3,0,0
11.3438,-1.0,10,4,3,0,0
11.4375,-1.0,10,7,3,0,0
11.5313,-1.0,10,4,3,0,0
11.6250,-1.0,50,7,3,0,0
12.0,-1.0,10,1,3,0,0
12.0,-1.0,10,10,3,0,0
12.1875,-1.0,10,4,3,0,0
12.3750,-1.0,10,1,3,0,0
12.3750,-1.0,10,7,3,0,0
12.3750,-1.0,10,10,3,0,0
12.5625,-1.0,10,10,3,0,0
12.7500,-1.0,10,1,3,0,0
12.7500,-1.0,82,7,3,0,0
12.7500,12.9375,110,7,3,0,0
13.1250,-1.0,10,1,3,0,0
13.1250,-1.0,10,10,3,0,0
13.3125,-1.0,10,4,3,0,0
13.5000,-1.0,10,1,3,0,0
13.5000,-1.0,10,7,3,0,0
13.6875,-1.0,10,10,3,0,0
13.8750,-1.0,10,1,3,0,0
13.8750,-1.0,10,7,3,0,0
13.8750,-1.0,10,10,3,0,0
14.0625,-1.0,10,4,3,0,0
14.2500,-1.0,10,1,3,0,0
14.2500,-1.0,82,7,3,0,0
14.2500,14.4375,110,7,3,0,0
14.6250,-1.0,10,1,3,0,0
14.6250,-1.0,10,10,3,0,0
14.8125,-1.0,10,4,3,0,0
15.0,-1.0,10,1,3,0,0
15.0,-1.0,10,10,3,0,0
15.1875,-1.0,10,4,3,0,0
15.3750,-1.0,10,1,3,0,0
15.3750,-1.0,10,7,3,0,0
15.3750,-1.0,10,10,3,0,0
15.5625,-1.0,10,10,3,0,0
15.7500,-1.0,10,1,3,0,0
15.7500,-1.0,82,7,3,0,0
15.7500,15.9375,110,7,3,0,0
16.1250,-1.0,10,1,3,0,0
16.1250,-1.0,10,10,3,0,0
16.3125,-1.0,10,4,3,0,0
16.5000,-1.0,10,7,3,0,0
16.5000,-1.0,10,10,3,0,0
16.6875,-1.0,10,7,3,0,0
16.8750,-1.0,10,1,3,0,0
16.8750,-1.0,10,4,3,0,0
17.0625,-1.0,10,4,3,0,0
17.2500,-1.0,10,7,3,0,0
17.3438,-1.0,10,4,3,0,0
17.6250,-1.0,50,4,3,0,0
17.6250,-1.0,50,7,3,0,0
18.0,-1.0,10,1,3,0,0
18.0,-1.0,10,10,3,0,0
18.1875,-1.0,10,7,3,0,0
18.3750,-1.0,10,1,3,0,0
18.3750,-1.0,10,4,3,0,0
18.3750,-1.0,10,10,3,0,0
18.5625,-1.0,10,1,3,0,0
18.7500,-1.0,82,4,3,0,0
18.7500,18.9375,110,4,3,0,0
18.7500,-1.0,10,10,3,0,0
19.1250,-1.0,10,1,3,0,0
19.1250,-1.0,10,10,3,0,0
19.3125,-1.0,10,7,3,0,0
19.5000,-1.0,10,4,3,0,0
19.5000,-1.0,10,10,3,0,0
19.6875,-1.0,10,1,3,0,0
19.8750,-1.0,10,1,3,0,0
19.8750,-1.0,10,4,3,0,0
19.8750,-1.0,10,10,3,0,0
20.0625,-1.0,10,7,3,0,0
20.2500,-1.0,82,4,3,0,0
20.2500,20.4375,110,4,3,0,0
20.2500,-1.0,10,10,3,0,0
20.6250,-1.0,10,1,3,0,0
20.6250,-1.0,10,10,3,0,0
20.8125,-1.0,10,7,3,0,0
21.0,-1.0,10,1,3,0,0
21.0,-1.0,10,10,3,0,0
21.1875,-1.0,10,7,3,0,0
21.3750,-1.0,10,1,3,0,0
21.3750,-1.0,10,4,3,0,0
21.3750,-1.0,10,10,3,0,0
21.5625,-1.0,10,1,3,0,0
21.7500,-1.0,82,4,3,0,0
21.7500,21.9375,110,4,3,0,0
21.7500,-1.0,10,10,3,0,0
22.1250,-1.0,10,1,3,0,0
22.1250,-1.0,10,10,3,0,0
22.3125,-1.0,10,7,3,0,0
22.5000,-1.0,10,1,3,0,0
22.5000,-1.0,10,4,3,0,0
22.6875,-1.0,10,4,3,0,0
22.8750,-1.0,10,7,3,0,0
22.8750,-1.0,10,10,3,0,0
23.0625,-1.0,10,7,3,0,0
23.2500,-1.0,82,4,3,0,0
23.2500,23.6250,110,4,3,0,0
23.2500,-1.0,82,7,3,0,0
23.2500,23.6250,110,7,3,0,0
23.3125,-1.0,31,4,3,0,0
23.3750,-1.0,31,7,3,0,0
23.4375,-1.0,900,4,3,0,0
23.4375,-1.0,31,4,3,0,0
23.4375,-1.0,900,7,3,0,0
23.5000,-1.0,31,7,3,0,0
23.5625,-1.0,31,4,3,0,0
24.0,-1.0,82,1,2,0,0
24.0,24.3750,110,1,2,JumpScratch,5
24.0,-1.0,10,10,3,0,0
24.1875,-1.0,900,1,2,0,0
24.1875,-1.0,10,10,3,0,0
24.3750,24.5625,110,4,2,JumpScratch,-5
24.3750,-1.0,10,7,3,0,0
24.5625,25.1250,110,1,2,JumpScratch,5
24.5625,-1.0,10,7,3,0,0
24.7500,-1.0,900,1,2,0,0
24.7500,-1.0,10,6,3,0,0
24.9375,-1.0,900,1,2,0,0
24.9375,-1.0,10,8,3,0,0
25.1250,25.8750,110,4,2,JumpScratch,-5
25.1250,-1.0,10,10,3,0,0
25.3125,-1.0,900,4,2,0,0
25.3125,-1.0,10,8,3,0,0
25.5000,-1.0,900,4,2,0,0
25.5000,-1.0,10,10,3,0,0
25.6875,-1.0,900,4,2,0,0
25.6875,-1.0,10,7,3,0,0
25.8750,26.0625,110,1,2,JumpScratch,5
25.8750,-1.0,10,7,3,0,0
26.0625,26.6250,110,4,2,JumpScratch,-5
26.0625,-1.0,10,10,3,0,0
26.1563,-1.0,10,7,2,0,0
26.2500,-1.0,900,4,2,0,0
26.2500,-1.0,10,10,3,0,0
26.4375,-1.0,900,4,2,0,0
26.4375,-1.0,10,7,3,0,0
26.6250,-1.0,10,7,3,0,0
27.0,-1.0,10,1,3,0,0
27.0,-1.0,82,11,2,0,0
27.0,27.3750,110,11,2,JumpScratch,-5
27.1875,-1.0,10,1,3,0,0
27.1875,-1.0,900,11,2,0,0
27.3750,-1.0,10,4,3,0,0
27.3750,27.5625,110,8,2,JumpScratch,5
27.5625,-1.0,10,4,3,0,0
27.5625,28.1250,110,11,2,JumpScratch,-5
27.7500,-1.0,10,5,3,0,0
27.7500,-1.0,900,11,2,0,0
27.9375,-1.0,10,3,3,0,0
27.9375,-1.0,900,11,2,0,0
28.1250,-1.0,10,1,3,0,0
28.1250,28.8750,110,8,2,JumpScratch,5
28.3125,-1.0,10,3,3,0,0
28.3125,-1.0,900,8,2,0,0
28.5000,-1.0,10,1,3,0,0
28.5000,-1.0,900,8,2,0,0
28.6875,-1.0,10,1,3,0,0
28.6875,-1.0,900,8,2,0,0
28.8750,-1.0,10,5,2,0,0
28.8750,29.0625,110,11,2,JumpScratch,-5
29.0625,-1.0,10,5,2,0,0
29.0625,29.6250,110,8,2,JumpScratch,5
29.2500,-1.0,10,1,3,0,0
29.2500,-1.0,900,8,2,0,0
29.4375,-1.0,10,1,3,0,0
29.4375,-1.0,900,8,2,0,0
29.6250,-1.0,10,5,2,0,0
29.8125,-1.0,10,5,2,0,0
30.0,-1.0,82,1,2,0,0
30.0,30.3750,110,1,2,JumpScratch,5
30.0,-1.0,10,10,3,0,0
30.1875,-1.0,900,1,2,0,0
30.1875,-1.0,10,10,3,0,0
30.3750,30.5625,110,4,2,JumpScratch,-5
30.3750,-1.0,10,7,3,0,0
30.5625,31.1250,110,1,2,JumpScratch,5
30.5625,-1.0,10,7,3,0,0
30.7500,-1.0,900,1,2,0,0
30.7500,-1.0,10,6,3,0,0
30.9375,-1.0,900,1,2,0,0
30.9375,-1.0,10,8,3,0,0
31.1250,-1.0,10,10,3,0,0
31.3125,-1.0,10,8,3,0,0
31.5000,-1.0,82,1,3,0,0
31.5000,31.8750,110,1,3,JumpScratch,6
31.5000,-1.0,82,10,3,0,0
31.5000,31.8750,110,10,3,JumpScratch,-6
31.6875,-1.0,900,1,3,0,0
31.6875,-1.0,900,10,3,0,0
31.8750,32.2500,110,4,3,0,0
31.8750,32.2500,110,7,3,0,0
32.0625,-1.0,900,4,3,0,0
32.0625,-1.0,900,7,3,0,0
32.6250,-1.0,82,6,2,0,0
32.6250,32.7188,110,6,2,JumpScratch,4
32.7188,32.8125,110,8,2,JumpScratch,-6
32.8125,32.9063,110,4,2,JumpScratch,7
32.9063,33.0,110,9,2,JumpScratch,-5
33.0,33.7500,110,6,2,0,0
33.1875,-1.0,900,6,2,0,0
33.3750,-1.0,900,6,2,0,0
33.5625,-1.0,900,6,2,0,0
34.1250,-1.0,10,1,3,0,0
34.1250,-1.0,10,10,3,0,0
34.3125,-1.0,10,5,4,0,0
34.5000,-1.0,50,1,6,0,0
34.8750,-1.0,10,4,3,0,0
34.8750,-1.0,10,10,3,0,0
35.1563,-1.0,10,8,2,0,0
35.2500,-1.0,10,1,3,0,0
35.2500,-1.0,10,5,2,0,0
35.4375,-1.0,10,6,2,0,0
35.6250,-1.0,10,7,2,0,0
35.6250,-1.0,10,10,3,0,0
35.8125,-1.0,10,1,2,0,0
35.9063,-1.0,10,4,2,0,0
36.0,-1.0,50,7,6,0,0
36.3750,-1.0,10,1,3,0,0
36.3750,-1.0,10,4,3,0,0
36.3750,-1.0,50,7,5,0,0
36.5625,-1.0,10,1,3,0,0
36.5625,-1.0,10,4,3,0,0
36.7500,-1.0,10,1,3,0,0
36.7500,-1.0,10,4,3,0,0
36.7500,-1.0,50,7,4,0,0
36.9375,-1.0,10,1,3,0,0
36.9375,-1.0,10,4,3,0,0
37.1250,-1.0,10,1,3,0,0
37.1250,-1.0,10,4,3,0,0
37.1250,-1.0,50,7,3,0,0
37.3125,-1.0,10,1,3,0,0
37.3125,-1.0,10,4,3,0,0
37.5000,-1.0,50,1,6,0,0
37.5000,-1.0,10,7,3,0,0
37.5000,-1.0,10,10,3,0,0
37.6875,-1.0,10,7,3,0,0
37.6875,-1.0,10,10,3,0,0
37.8750,-1.0,50,2,5,0,0
37.8750,-1.0,10,7,3,0,0
37.8750,-1.0,10,10,3,0,0
38.0625,-1.0,10,7,3,0,0
38.0625,-1.0,10,10,3,0,0
38.2500,-1.0,50,3,4,0,0
38.2500,-1.0,10,7,3,0,0
38.2500,-1.0,10,10,3,0,0
38.4375,-1.0,10,7,3,0,0
38.4375,-1.0,10,10,3,0,0
38.6250,-1.0,50,4,3,0,0
38.6250,-1.0,10,7,3,0,0
38.6250,-1.0,10,10,3,0,0
38.8125,-1.0,10,7,3,0,0
38.8125,-1.0,10,10,3,0,0
39.0,-1.0,80,1,3,0,0
39.0,40.1250,100,1,3,0,0
39.1875,-1.0,900,1,3,0,0
39.3750,-1.0,900,1,3,0,0
39.3750,-1.0,80,4,3,0,0
39.3750,40.1250,100,4,3,0,0
39.5625,-1.0,900,1,3,0,0
39.5625,-1.0,900,4,3,0,0
39.7500,-1.0,900,1,3,0,0
39.7500,-1.0,900,4,3,0,0
39.7500,-1.0,82,7,3,0,0
39.7500,40.1250,110,7,3,0,0
39.9375,-1.0,900,1,3,0,0
39.9375,-1.0,900,4,3,0,0
39.9375,-1.0,900,7,3,0,0
40.5000,-1.0,50,1,4,0,0
40.5000,-1.0,50,9,4,0,0
40.7813,-1.0,10,4,3,0,0
40.8750,-1.0,10,7,3,0,0
41.0625,-1.0,10,7,3,0,0
41.2500,-1.0,10,1,3,0,0
41.3438,-1.0,10,4,3,0,0
41.4375,-1.0,10,7,3,0,0
41.5313,-1.0,10,10,3,0,0
41.6250,-1.0,50,5,4,0,0
42.0,-1.0,50,1,4,0,0
42.0,-1.0,50,9,4,0,0
42.3750,-1.0,10,4,3,0,0
42.5625,-1.0,10,7,3,0,0
42.6563,-1.0,10,4,3,0,0
42.7500,-1.0,10,1,3,0,0
42.7500,-1.0,10,7,3,0,0
42.9375,-1.0,10,4,3,0,0
42.9375,-1.0,10,7,3,0,0
43.1250,-1.0,10,4,3,0,0
43.1250,-1.0,10,10,3,0,0
43.3125,-1.0,10,4,3,0,0
43.3125,-1.0,10,7,3,0,0
43.5000,-1.0,50,3,4,0,0
43.5000,-1.0,81,8,2,0,0
43.5000,43.6875,101,8,2,0,0
43.5000,-1.0,81,11,2,0,0
43.5000,43.6875,101,11,2,0,0
43.8750,-1.0,50,2,4,0,0
43.8750,-1.0,81,7,2,0,0
43.8750,44.0625,101,7,2,0,0
43.8750,-1.0,81,10,2,0,0
43.8750,44.0625,101,10,2,0,0
44.2500,-1.0,50,1,4,0,0
44.2500,-1.0,81,6,2,0,0
44.2500,44.4375,101,6,2,0,0
44.2500,-1.0,81,9,2,0,0
44.2500,44.4375,101,9,2,0,0
44.6250,-1.0,10,1,3,0,0
44.6250,-1.0,10,5,2,0,0
44.8125,-1.0,10,7,2,0,0
44.8125,-1.0,10,10,3,0,0
45.0,-1.0,50,3,3,0,0
45.0,-1.0,50,7,2,0,0
45.3750,-1.0,10,7,3,0,0
45.5625,-1.0,10,4,3,0,0
45.6563,-1.0,10,7,3,0,0
45.7500,-1.0,10,4,3,0,0
45.7500,-1.0,10,10,3,0,0
45.9375,-1.0,10,4,3,0,0
45.9375,-1.0,10,7,3,0,0
46.1250,-1.0,10,1,3,0,0
46.1250,-1.0,10,7,3,0,0
46.3125,-1.0,10,4,3,0,0
46.3125,-1.0,10,7,3,0,0
46.5000,-1.0,81,1,2,0,0
46.5000,46.6875,101,1,2,0,0
46.5000,-1.0,81,4,2,0,0
46.5000,46.6875,101,4,2,0,0
46.5000,-1.0,50,7,4,0,0
46.8750,-1.0,81,2,2,0,0
46.8750,47.0625,101,2,2,0,0
46.8750,-1.0,81,5,2,0,0
46.8750,47.0625,101,5,2,0,0
46.8750,-1.0,50,8,4,0,0
47.2500,-1.0,83,3,2,0,0
47.2500,47.6250,110,3,2,0,0
47.2500,-1.0,83,6,2,0,0
47.2500,47.6250,110,6,2,0,0
47.2500,-1.0,50,9,4,0,0
47.4375,-1.0,900,3,2,0,0
47.4375,-1.0,900,6,2,0,0
48.0,-1.0,50,1,4,0,0
48.0,-1.0,50,9,4,0,0
48.3750,-1.0,10,4,3,0,0
48.5625,-1.0,10,7,3,0,0
48.6563,-1.0,10,4,3,0,0
48.7500,-1.0,10,1,3,0,0
48.7500,-1.0,10,7,3,0,0
48.9375,-1.0,10,3,3,0,0
48.9375,-1.0,10,6,3,0,0
49.1250,-1.0,10,4,3,0,0
49.1250,-1.0,10,10,3,0,0
49.3125,-1.0,10,5,3,0,0
49.3125,-1.0,10,8,3,0,0
49.5000,-1.0,81,3,2,0,0
49.5000,49.6875,101,3,2,0,0
49.5000,-1.0,81,6,2,0,0
49.5000,49.6875,101,6,2,0,0
49.5000,-1.0,50,9,4,0,0
49.8750,-1.0,81,2,2,0,0
49.8750,50.0625,101,2,2,0,0
49.8750,-1.0,81,5,2,0,0
49.8750,50.0625,101,5,2,0,0
49.8750,-1.0,50,8,4,0,0
50.2500,-1.0,81,1,2,0,0
50.2500,50.4375,101,1,2,0,0
50.2500,-1.0,81,4,2,0,0
50.2500,50.4375,101,4,2,0,0
50.2500,-1.0,50,7,4,0,0
50.6250,-1.0,10,7,2,0,0
50.6250,-1.0,10,10,3,0,0
50.8125,-1.0,10,1,3,0,0
50.8125,-1.0,10,5,2,0,0
51.0,-1.0,50,5,2,0,0
51.0,-1.0,50,8,3,0,0
51.3750,-1.0,10,7,3,0,0
51.5625,-1.0,10,4,3,0,0
51.6563,-1.0,10,7,3,0,0
51.7500,-1.0,10,4,3,0,0
51.7500,-1.0,10,10,3,0,0
51.9375,-1.0,10,5,3,0,0
51.9375,-1.0,10,8,3,0,0
52.1250,-1.0,10,1,3,0,0
52.1250,-1.0,10,7,3,0,0
52.3125,-1.0,10,3,3,0,0
52.3125,-1.0,10,6,3,0,0
52.5000,-1.0,50,1,4,0,0
52.5000,-1.0,81,6,2,0,0
52.5000,52.6875,101,6,2,0,0
52.5000,-1.0,81,9,2,0,0
52.5000,52.6875,101,9,2,0,0
52.8750,-1.0,50,2,4,0,0
52.8750,-1.0,81,7,2,0,0
52.8750,53.0625,101,7,2,0,0
52.8750,-1.0,81,10,2,0,0
52.8750,53.0625,101,10,2,0,0
53.2500,-1.0,50,3,4,0,0
53.2500,-1.0,81,8,2,0,0
53.2500,53.6250,101,8,2,0,0
53.2500,-1.0,81,11,2,0,0
53.2500,53.6250,101,11,2,0,0
53.4375,-1.0,900,8,2,0,0
53.4375,-1.0,900,11,2,0,0
53.6250,-1.0,10,4,3,0,0
53.7188,-1.0,10,7,3,0,0
53.8125,-1.0,10,4,3,0,0
53.9063,-1.0,10,7,3,0,0
54.0,-1.0,50,1,4,0,0
54.0,-1.0,50,9,4,0,0
54.3750,-1.0,10,1,3,0,0
54.3750,-1.0,10,10,3,0,0
54.5625,-1.0,10,7,3,0,0
54.6563,-1.0,10,4,3,0,0
54.7500,-1.0,10,1,3,0,0
54.9375,-1.0,10,10,3,0,0
55.0313,-1.0,10,7,3,0,0
55.1250,-1.0,10,4,3,0,0
55.3125,-1.0,10,5,4,0,0
55.5000,-1.0,50,3,4,0,0
55.5000,-1.0,81,8,2,0,0
55.5000,55.6875,101,8,2,0,0
55.5000,-1.0,81,11,2,0,0
55.5000,55.6875,101,11,2,0,0
55.8750,-1.0,81,2,2,0,0
55.8750,56.0625,101,2,2,0,0
55.8750,-1.0,81,5,2,0,0
55.8750,56.0625,101,5,2,0,0
55.8750,-1.0,50,8,4,0,0
56.2500,-1.0,50,1,4,0,0
56.2500,-1.0,81,6,2,0,0
56.2500,56.4375,101,6,2,0,0
56.2500,-1.0,81,9,2,0,0
56.2500,56.4375,101,9,2,0,0
56.6250,-1.0,10,1,3,0,0
56.6250,-1.0,10,5,2,0,0
56.8125,-1.0,10,7,2,0,0
56.8125,-1.0,10,10,3,0,0
57.0,-1.0,50,3,3,0,0
57.0,-1.0,50,7,2,0,0
57.3750,-1.0,10,1,3,0,0
57.3750,-1.0,10,10,3,0,0
57.5625,-1.0,10,4,3,0,0
57.6563,-1.0,10,7,3,0,0
57.7500,-1.0,10,10,3,0,0
57.9375,-1.0,10,1,3,0,0
58.0313,-1.0,10,4,3,0,0
58.1250,-1.0,10,7,3,0,0
58.3125,-1.0,10,5,4,0,0
58.5000,-1.0,81,1,2,0,0
58.5000,58.6875,101,1,2,0,0
58.5000,-1.0,81,4,2,0,0
58.5000,58.6875,101,4,2,0,0
58.5000,-1.0,50,7,4,0,0
58.8750,-1.0,50,2,4,0,0
58.8750,-1.0,81,7,2,0,0
58.8750,59.0625,101,7,2,0,0
58.8750,-1.0,81,10,2,0,0
58.8750,59.0625,101,10,2,0,0
59.2500,-1.0,81,3,2,0,0
59.2500,59.6250,101,3,2,0,0
59.2500,-1.0,81,6,2,0,0
59.2500,59.6250,101,6,2,0,0
59.2500,-1.0,50,9,4,0,0
59.4375,-1.0,900,3,2,0,0
59.4375,-1.0,900,6,2,0,0
59.6250,-1.0,10,8,3,0,0
59.7188,-1.0,10,4,3,0,0
59.8125,-1.0,10,8,3,0,0
59.9063,-1.0,10,4,3,0,0
60.0,-1.0,50,1,4,0,0
60.0,-1.0,50,9,4,0,0
60.3750,-1.0,10,1,3,0,0
60.3750,-1.0,10,10,3,0,0
60.5625,-1.0,10,7,3,0,0
60.6563,-1.0,10,4,3,0,0
60.7500,-1.0,10,1,3,0,0
60.9375,-1.0,10,4,3,0,0
61.0313,-1.0,10,7,3,0,0
61.1250,-1.0,10,10,3,0,0
61.3125,-1.0,10,5,4,0,0
61.5000,-1.0,81,3,2,0,0
61.5000,61.6875,101,3,2,0,0
61.5000,-1.0,81,6,2,0,0
61.5000,61.6875,101,6,2,0,0
61.5000,-1.0,50,9,4,0,0
61.8750,-1.0,50,2,4,0,0
61.8750,-1.0,81,7,2,0,0
61.8750,62.0625,101,7,2,0,0
61.8750,-1.0,81,10,2,0,0
61.8750,62.0625,101,10,2,0,0
62.2500,-1.0,81,1,2,0,0
62.2500,62.4375,101,1,2,0,0
62.2500,-1.0,81,4,2,0,0
62.2500,62.4375,101,4,2,0,0
62.2500,-1.0,50,7,4,0,0
62.6250,-1.0,10,7,2,0,0
62.6250,-1.0,10,10,3,0,0
62.8125,-1.0,10,1,3,0,0
62.8125,-1.0,10,5,2,0,0
63.0,-1.0,50,5,2,0,0
63.0,-1.0,50,8,3,0,0
63.3750,-1.0,10,1,3,0,0
63.3750,-1.0,10,10,3,0,0
63.5625,-1.0,10,4,3,0,0
63.6563,-1.0,10,7,3,0,0
63.7500,-1.0,10,10,3,0,0
63.9375,-1.0,10,7,3,0,0
64.0313,-1.0,10,4,3,0,0
64.1250,-1.0,10,1,3,0,0
64.3125,-1.0,10,4,3,0,0
64.4063,-1.0,10,7,3,0,0
64.5000,-1.0,10,1,3,0,0
64.5000,-1.0,10,10,3,0,0
64.6875,-1.0,10,9,2,0,0
64.7813,-1.0,10,4,3,0,0
64.8750,-1.0,10,7,2,0,0
65.0625,-1.0,10,1,3,0,0
65.0625,-1.0,10,10,3,0,0
65.2500,-1.0,82,8,3,0,0
65.2500,65.3125,110,8,3,JumpScratch,-4
65.3125,65.3750,110,7,3,JumpScratch,-4
65.3750,65.4375,110,6,3,JumpScratch,-4
65.4375,65.5000,110,5,3,JumpScratch,-4
65.5000,65.5625,110,4,3,JumpScratch,-4
65.5625,65.6250,110,3,3,JumpScratch,8
66.0,-1.0,10,1,2,0,0
66.7500,-1.0,10,11,2,0,0
67.5000,-1.0,10,4,2,0,0
67.8750,-1.0,10,7,2,0,0
68.2500,-1.0,50,10,3,0,0
68.8125,-1.0,10,4,3,0,0
69.0,-1.0,10,1,3,0,0
69.0,-1.0,10,7,3,0,0
69.1875,-1.0,10,4,3,0,0
69.3750,-1.0,10,7,3,0,0
69.3750,-1.0,20,10,3,0,0
69.5625,-1.0,10,4,3,0,0
69.5625,-1.0,20,10,3,0,0
69.7500,-1.0,80,1,3,0,0
69.7500,70.1250,100,1,3,0,0
69.9375,-1.0,900,1,3,0,0
70.1250,-1.0,20,10,3,0,0
70.3125,-1.0,10,4,3,0,0
70.5000,-1.0,10,1,3,0,0
70.5000,-1.0,10,7,3,0,0
70.6875,-1.0,10,4,3,0,0
70.8750,-1.0,10,1,3,0,0
70.8750,-1.0,20,10,3,0,0
71.0625,-1.0,10,4,3,0,0
71.0625,-1.0,20,10,3,0,0
71.2500,-1.0,80,7,3,0,0
71.2500,71.6250,100,7,3,0,0
71.4375,-1.0,900,7,3,0,0
71.6250,-1.0,10,1,3,0,0
71.6250,-1.0,20,10,3,0,0
71.8125,-1.0,10,7,3,0,0
72.0,-1.0,10,1,3,0,0
72.0,-1.0,10,4,3,0,0
72.1875,-1.0,10,7,3,0,0
72.3750,-1.0,10,4,3,0,0
72.3750,-1.0,20,10,3,0,0
72.5625,-1.0,10,1,3,0,0
72.5625,-1.0,20,10,3,0,0
72.7500,-1.0,10,4,3,0,0
72.7500,-1.0,10,7,3,0,0
72.9375,-1.0,10,1,3,0,0
73.1250,-1.0,10,4,3,0,0
73.1250,-1.0,20,10,3,0,0
73.3125,-1.0,10,7,3,0,0
73.5000,-1.0,10,1,3,0,0
73.5000,-1.0,10,4,3,0,0
73.8750,-1.0,10,4,3,0,0
73.8750,-1.0,20,10,3,0,0
74.0625,-1.0,20,10,3,0,0
74.4375,-1.0,10,1,3,0,0
74.6250,-1.0,10,4,3,0,0
74.6250,-1.0,20,10,3,0,0
74.8125,-1.0,10,7,3,0,0
75.0,-1.0,10,4,3,0,0
75.0,-1.0,10,10,3,0,0
75.1875,-1.0,10,7,3,0,0
75.3750,-1.0,20,1,3,0,0
75.3750,-1.0,10,4,3,0,0
75.5625,-1.0,20,1,3,0,0
75.5625,-1.0,10,7,3,0,0
75.7500,-1.0,80,10,3,0,0
75.7500,76.1250,100,10,3,0,0
75.9375,-1.0,900,10,3,0,0
76.1250,-1.0,20,1,3,0,0
76.3125,-1.0,10,7,3,0,0
76.5000,-1.0,10,4,3,0,0
76.5000,-1.0,10,10,3,0,0
76.6875,-1.0,10,7,3,0,0
76.8750,-1.0,20,1,3,0,0
76.8750,-1.0,10,10,3,0,0
77.0625,-1.0,20,1,3,0,0
77.0625,-1.0,10,7,3,0,0
77.2500,-1.0,80,4,3,0,0
77.2500,77.6250,100,4,3,0,0
77.4375,-1.0,900,4,3,0,0
77.6250,-1.0,20,1,3,0,0
77.6250,-1.0,10,10,3,0,0
78.0,-1.0,10,7,3,0,0
78.0,-1.0,10,10,3,0,0
78.1875,-1.0,10,4,3,0,0
78.3750,-1.0,20,1,3,0,0
78.3750,-1.0,10,7,3,0,0
78.5625,-1.0,20,1,3,0,0
78.5625,-1.0,10,10,3,0,0
78.7500,-1.0,10,4,3,0,0
78.7500,-1.0,10,7,3,0,0
78.9375,-1.0,10,10,3,0,0
79.1250,-1.0,20,1,3,0,0
79.1250,-1.0,10,7,3,0,0
79.3125,-1.0,10,4,3,0,0
79.5000,-1.0,10,7,3,0,0
79.5000,-1.0,10,10,3,0,0
79.8750,-1.0,20,1,3,0,0
79.8750,-1.0,10,7,3,0,0
80.0625,-1.0,20,1,3,0,0
80.4375,-1.0,10,10,3,0,0
80.6250,-1.0,20,1,3,0,0
80.6250,-1.0,10,7,3,0,0
80.8125,-1.0,10,10,3,0,0
81.0,-1.0,10,4,3,0,0
81.1875,-1.0,10,4,3,0,0
81.5625,-1.0,10,11,2,0,0
81.6563,-1.0,10,8,2,0,0
81.7500,-1.0,10,5,2,0,0
81.9375,-1.0,10,8,2,0,0
82.1250,-1.0,10,1,2,0,0
82.3125,-1.0,10,4,2,0,0
82.5000,-1.0,10,9,2,0,0
82.6875,-1.0,10,7,2,0,0
82.8750,-1.0,10,2,2,0,0
82.8750,-1.0,10,5,2,0,0
83.0625,-1.0,10,7,2,0,0
83.2500,-1.0,10,10,2,0,0
83.4375,-1.0,10,7,2,0,0
83.6250,-1.0,10,1,2,0,0
83.6250,-1.0,10,4,2,0,0
83.8125,-1.0,10,7,2,0,0
84.0,-1.0,80,1,2,0,0
84.0,84.3750,100,1,2,0,0
84.1875,-1.0,900,1,2,0,0
84.1875,-1.0,10,5,3,0,0
84.3750,-1.0,80,4,2,0,0
84.3750,84.7500,100,4,2,0,0
84.5625,-1.0,900,4,2,0,0
84.5625,-1.0,10,8,3,0,0
84.7500,-1.0,80,7,2,0,0
84.7500,85.1250,100,7,2,0,0
84.9375,-1.0,10,2,3,0,0
84.9375,-1.0,900,7,2,0,0
85.1250,-1.0,80,10,2,0,0
85.1250,85.5000,100,10,2,0,0
85.3125,-1.0,10,5,3,0,0
85.3125,-1.0,900,10,2,0,0
85.5000,-1.0,80,2,2,0,0
85.5000,85.8750,100,2,2,0,0
85.6875,-1.0,900,2,2,0,0
85.6875,-1.0,10,6,3,0,0
85.8750,-1.0,80,5,2,0,0
85.8750,86.2500,100,5,2,0,0
86.0625,-1.0,900,5,2,0,0
86.0625,-1.0,10,9,3,0,0
86.2500,-1.0,80,8,2,0,0
86.2500,86.6250,100,8,2,0,0
86.4375,-1.0,10,3,3,0,0
86.4375,-1.0,900,8,2,0,0
86.6250,-1.0,80,11,2,0,0
86.6250,87.0,100,11,2,0,0
86.8125,-1.0,10,6,3,0,0
86.8125,-1.0,900,11,2,0,0
87.0,-1.0,10,1,2,0,0
87.1250,-1.0,10,4,2,0,0
87.2500,-1.0,10,7,2,0,0
87.3750,-1.0,10,5,2,0,0
87.5000,-1.0,10,8,2,0,0
87.6250,-1.0,10,11,2,0,0
87.7500,-1.0,10,1,2,0,0
87.8750,-1.0,10,4,2,0,0
88.0,-1.0,10,7,2,0,0
88.1250,-1.0,10,5,2,0,0
88.2500,-1.0,10,8,2,0,0
88.3750,-1.0,10,11,2,0,0
88.5000,-1.0,10,1,2,0,0
88.7500,-1.0,10,4,2,0,0
88.7500,-1.0,10,8,2,0,0
89.0,-1.0,10,11,2,0,0
89.2500,-1.0,50,3,3,0,0
89.2500,-1.0,50,8,3,0,0
89.8125,-1.0,10,6,2,0,0
90.0,-1.0,10,1,2,0,0
90.0,-1.0,10,5,3,0,0
90.0,-1.0,10,9,3,0,0
90.1875,-1.0,10,1,2,0,0
90.3750,-1.0,10,1,2,0,0
90.3750,-1.0,10,5,3,0,0
90.3750,-1.0,10,9,3,0,0
90.5625,-1.0,10,1,2,0,0
90.7500,-1.0,10,2,3,0,0
90.7500,-1.0,10,6,3,0,0
90.7500,-1.0,10,11,2,0,0
90.9375,-1.0,10,11,2,0,0
91.1250,-1.0,10,2,3,0,0
91.1250,-1.0,10,6,3,0,0
91.1250,-1.0,10,11,2,0,0
91.3125,-1.0,10,11,2,0,0
91.5000,-1.0,50,2,4,0,0
91.5000,-1.0,50,8,4,0,0
91.6875,-1.0,10,10,3,0,0
91.7813,-1.0,10,1,3,0,0
91.8750,-1.0,10,10,3,0,0
91.9688,-1.0,10,7,3,0,0
92.0625,-1.0,10,4,3,0,0
92.1563,-1.0,10,1,3,0,0
92.2500,-1.0,10,7,3,0,0
92.3438,-1.0,10,4,3,0,0
92.6250,-1.0,10,1,3,0,0
92.6250,-1.0,10,10,3,0,0
92.8125,-1.0,10,4,3,0,0
92.9063,-1.0,10,7,3,0,0
93.0,-1.0,81,1,2,0,0
93.0,96.0,101,1,2,0,0
93.0,-1.0,81,11,2,0,0
93.0,96.0,101,11,2,0,0
93.1875,-1.0,900,1,2,0,0
93.1875,-1.0,900,11,2,0,0
93.3750,-1.0,900,1,2,0,0
93.3750,-1.0,900,11,2,0,0
93.5625,-1.0,900,1,2,0,0
93.5625,-1.0,900,11,2,0,0
93.7500,-1.0,900,1,2,0,0
93.7500,-1.0,900,11,2,0,0
93.9375,-1.0,900,1,2,0,0
93.9375,-1.0,900,11,2,0,0
94.1250,-1.0,900,1,2,0,0
94.1250,-1.0,900,11,2,0,0
94.3125,-1.0,900,1,2,0,0
94.3125,-1.0,900,11,2,0,0
94.5000,-1.0,900,1,2,0,0
94.5000,-1.0,900,11,2,0,0
94.6875,-1.0,900,1,2,0,0
94.6875,-1.0,900,11,2,0,0
94.8750,-1.0,900,1,2,0,0
94.8750,-1.0,900,11,2,0,0
95.0625,-1.0,900,1,2,0,0
95.0625,-1.0,900,11,2,0,0
95.2500,-1.0,900,1,2,0,0
95.2500,-1.0,900,11,2,0,0
95.4375,-1.0,900,1,2,0,0
95.4375,-1.0,900,11,2,0,0
95.6250,-1.0,900,1,2,0,0
95.6250,-1.0,900,11,2,0,0
95.8125,-1.0,900,1,2,0,0
95.8125,-1.0,900,11,2,0,0
96.3750,-1.0,10,6,2,0,0
96.5625,-1.0,10,11,2,0,0
96.9375,-1.0,10,6,2,0,0
97.3125,-1.0,10,1,2,0,0
97.6875,-1.0,10,4,2,0,0
97.8750,-1.0,10,7,2,0,0
98.0625,-1.0,10,10,2,0,0
98.2500,-1.0,10,8,2,0,0
98.3125,-1.0,10,5,2,0,0
98.3750,-1.0,10,8,2,0,0
98.4375,-1.0,10,5,2,0,0
98.5000,-1.0,10,8,2,0,0
98.5625,-1.0,10,5,2,0,0
98.6250,-1.0,10,8,2,0,0
98.6875,-1.0,10,5,2,0,0
98.7500,-1.0,10,8,2,0,0
98.8125,-1.0,10,5,2,0,0
98.8750,-1.0,10,8,2,0,0
98.9375,-1.0,10,5,2,0,0
99.0,-1.0,50,8,3,0,0
99.3750,-1.0,10,1,2,0,0
99.5625,-1.0,10,6,2,0,0
99.7500,-1.0,10,1,2,0,0
99.7500,-1.0,10,9,2,0,0
99.9375,-1.0,10,9,2,0,0
100.1250,-1.0,10,1,2,0,0
100.1250,-1.0,10,6,2,0,0
100.3125,-1.0,10,8,2,0,0
100.5000,-1.0,80,1,2,0,0
100.5000,100.8750,100,1,2,0,0
100.5000,-1.0,10,11,2,0,0
100.6875,-1.0,900,1,2,0,0
100.8750,-1.0,80,4,2,0,0
100.8750,101.2500,100,4,2,0,0
100.8750,-1.0,10,11,2,0,0
101.0625,-1.0,900,4,2,0,0
101.2500,-1.0,80,8,2,0,0
101.2500,101.6250,100,8,2,0,0
101.2500,-1.0,10,11,2,0,0
101.4375,-1.0,900,8,2,0,0
101.6250,-1.0,10,4,2,0,0
101.6250,-1.0,10,11,2,0,0
101.8125,-1.0,10,7,2,0,0
102.0,-1.0,10,1,2,0,0
102.0,-1.0,80,11,2,0,0
102.0,102.3750,100,11,2,0,0
102.1875,-1.0,900,11,2,0,0
102.3750,-1.0,10,1,2,0,0
102.3750,-1.0,80,8,2,0,0
102.3750,102.7500,100,8,2,0,0
102.5625,-1.0,900,8,2,0,0
102.7500,-1.0,10,1,2,0,0
102.7500,-1.0,80,4,2,0,0
102.7500,103.1250,100,4,2,0,0
102.9375,-1.0,900,4,2,0,0
103.1250,-1.0,10,1,2,0,0
103.1250,-1.0,80,8,2,0,0
103.1250,103.5000,100,8,2,0,0
103.3125,-1.0,900,8,2,0,0
103.5000,-1.0,82,1,2,0,0
103.5000,104.6250,110,1,2,0,0
103.5000,-1.0,82,11,2,0,0
103.5000,104.6250,110,11,2,0,0
103.6875,-1.0,900,1,2,0,0
103.6875,-1.0,900,11,2,0,0
103.8750,-1.0,900,1,2,0,0
103.8750,-1.0,900,11,2,0,0
104.0625,-1.0,900,1,2,0,0
104.0625,-1.0,900,11,2,0,0
104.2500,-1.0,900,1,2,0,0
104.2500,-1.0,900,11,2,0,0
104.4375,-1.0,900,1,2,0,0
104.4375,-1.0,900,11,2,0,0
105.0,-1.0,50,3,3,0,0
105.0,-1.0,80,7,2,0,0
105.0,106.1250,100,7,2,0,0
105.1875,-1.0,900,7,2,0,0
105.3750,-1.0,900,7,2,0,0
105.5625,-1.0,900,7,2,0,0
105.7500,-1.0,900,7,2,0,0
105.9375,-1.0,900,7,2,0,0
106.5000,-1.0,50,7,3,0,0
106.5000,-1.0,80,11,2,0,0
106.5000,107.6250,100,11,2,0,0
106.6875,-1.0,900,11,2,0,0
106.8750,-1.0,900,11,2,0,0
107.0625,-1.0,900,11,2,0,0
107.2500,-1.0,900,11,2,0,0
107.4375,-1.0,900,11,2,0,0
108.0,-1.0,80,5,2,0,0
108.0,109.1250,100,5,2,0,0
108.0,-1.0,50,8,3,0,0
108.1875,-1.0,900,5,2,0,0
108.3750,-1.0,900,5,2,0,0
108.5625,-1.0,900,5,2,0,0
108.7500,-1.0,900,5,2,0,0
108.9375,-1.0,900,5,2,0,0
109.5000,-1.0,80,1,2,0,0
109.5000,110.6250,100,1,2,0,0
109.5000,-1.0,50,4,3,0,0
109.6875,-1.0,900,1,2,0,0
109.8750,-1.0,900,1,2,0,0
110.0625,-1.0,900,1,2,0,0
110.2500,-1.0,900,1,2,0,0
110.4375,-1.0,900,1,2,0,0
111.0,-1.0,50,3,3,0,0
111.0,-1.0,80,7,2,0,0
111.0,112.1250,100,7,2,0,0
111.1875,-1.0,900,7,2,0,0
111.3750,-1.0,900,7,2,0,0
111.5625,-1.0,900,7,2,0,0
111.7500,-1.0,900,7,2,0,0
111.9375,-1.0,900,7,2,0,0
112.5000,-1.0,50,7,3,0,0
112.5000,-1.0,80,11,2,0,0
112.5000,115.1250,100,11,2,0,0
112.6875,-1.0,900,11,2,0,0
112.8750,-1.0,900,11,2,0,0
113.0625,-1.0,900,11,2,0,0
113.2500,-1.0,80,1,2,0,0
113.2500,115.1250,100,1,2,0,0
113.2500,-1.0,900,11,2,0,0
113.4375,-1.0,900,1,2,0,0
113.4375,-1.0,900,11,2,0,0
113.6250,-1.0,900,1,2,0,0
113.6250,-1.0,900,11,2,0,0
113.8125,-1.0,900,1,2,0,0
113.8125,-1.0,900,11,2,0,0
114.0,-1.0,900,1,2,0,0
114.0,-1.0,900,11,2,0,0
114.1875,-1.0,900,1,2,0,0
114.1875,-1.0,900,11,2,0,0
114.3750,-1.0,900,1,2,0,0
114.3750,-1.0,900,11,2,0,0
114.5625,-1.0,900,1,2,0,0
114.5625,-1.0,900,11,2,0,0
114.7500,-1.0,900,1,2,0,0
114.7500,-1.0,900,11,2,0,0
114.9375,-1.0,900,1,2,0,0
114.9375,-1.0,900,11,2,0,0
116.2500,-1.0,80,6,2,0,0
116.2500,116.6250,100,6,2,0,0
116.2500,-1.0,10,10,3,0,0
116.4375,-1.0,900,6,2,0,0
117.0,-1.0,10,1,3,0,0
117.0,-1.0,80,6,2,0,0
117.0,117.3750,100,6,2,0,0
117.1875,-1.0,900,6,2,0,0
117.7500,-1.0,10,3,2,0,0
118.1250,-1.0,10,6,2,0,0
118.5000,-1.0,50,9,2,0,0
119.2500,-1.0,50,1,4,0,0
119.2500,-1.0,50,9,4,0,0
119.4375,-1.0,10,7,3,0,0
119.6250,-1.0,10,4,3,0,0
119.6250,-1.0,10,10,3,0,0
119.8125,-1.0,10,7,3,0,0
119.9063,-1.0,10,1,3,0,0
120.0,-1.0,10,7,3,0,0
120.0,-1.0,10,10,3,0,0
120.1875,-1.0,10,5,4,0,0
120.3750,-1.0,10,1,3,0,0
120.3750,-1.0,10,4,3,0,0
120.5625,-1.0,10,5,4,0,0
120.7500,-1.0,50,4,4,0,0
120.7500,-1.0,81,11,2,0,0
120.7500,120.9375,101,11,2,0,0
120.9375,-1.0,10,7,3,0,0
121.1250,-1.0,81,2,2,0,0
121.1250,121.3125,101,2,2,0,0
121.1250,-1.0,50,7,4,0,0
121.3125,-1.0,10,5,3,0,0
121.5000,-1.0,50,2,4,0,0
121.5000,-1.0,81,9,2,0,0
121.5000,121.6875,101,9,2,0,0
121.6875,-1.0,10,5,3,0,0
121.8750,-1.0,10,1,3,0,0
121.8750,-1.0,10,5,2,0,0
122.0625,-1.0,10,7,2,0,0
122.0625,-1.0,10,10,3,0,0
122.2500,-1.0,50,3,3,0,0
122.2500,-1.0,50,7,2,0,0
122.4375,-1.0,10,4,3,0,0
122.6250,-1.0,10,1,3,0,0
122.6250,-1.0,10,7,3,0,0
122.8125,-1.0,10,4,3,0,0
122.9063,-1.0,10,10,3,0,0
123.0,-1.0,10,1,3,0,0
123.0,-1.0,10,4,3,0,0
123.1875,-1.0,10,5,4,0,0
123.3750,-1.0,10,7,3,0,0
123.3750,-1.0,10,10,3,0,0
123.5625,-1.0,10,5,4,0,0
123.7500,-1.0,81,1,2,0,0
123.7500,123.9375,101,1,2,0,0
123.7500,-1.0,50,6,4,0,0
123.9375,-1.0,10,4,3,0,0
124.1250,-1.0,50,3,4,0,0
124.1250,-1.0,81,10,2,0,0
124.1250,124.3125,101,10,2,0,0
124.3125,-1.0,10,6,3,0,0
124.5000,-1.0,81,3,2,0,0
124.5000,124.8750,101,3,2,0,0
124.5000,-1.0,50,8,4,0,0
124.6875,-1.0,900,3,2,0,0
124.8750,-1.0,10,7,4,0,0
124.9688,-1.0,10,3,4,0,0
125.0625,-1.0,10,7,4,0,0
125.1563,-1.0,10,3,4,0,0
125.2500,-1.0,50,1,4,0,0
125.2500,-1.0,50,9,4,0,0
125.4375,-1.0,10,7,3,0,0
125.6250,-1.0,10,4,3,0,0
125.6250,-1.0,10,10,3,0,0
125.8125,-1.0,10,7,3,0,0
125.9063,-1.0,10,1,3,0,0
126.0,-1.0,10,7,3,0,0
126.0,-1.0,10,10,3,0,0
126.1875,-1.0,10,4,3,0,0
126.2813,-1.0,10,7,3,0,0
126.3750,-1.0,10,1,3,0,0
126.3750,-1.0,10,4,3,0,0
126.5625,-1.0,10,5,4,0,0
126.7500,-1.0,81,6,2,0,0
126.7500,126.9375,101,6,2,0,0
126.7500,-1.0,50,9,4,0,0
126.9375,-1.0,10,2,3,0,0
127.1250,-1.0,50,2,4,0,0
127.1250,-1.0,81,7,2,0,0
127.1250,127.3125,101,7,2,0,0
127.3125,-1.0,10,10,3,0,0
127.5000,-1.0,81,4,2,0,0
127.5000,127.6875,101,4,2,0,0
127.5000,-1.0,50,7,4,0,0
127.6875,-1.0,10,1,2,0,0
127.8750,-1.0,10,7,2,0,0
127.8750,-1.0,10,10,3,0,0
128.0625,-1.0,10,1,3,0,0
128.0625,-1.0,10,5,2,0,0
128.2500,-1.0,50,5,2,0,0
128.2500,-1.0,50,8,3,0,0
128.4375,-1.0,10,4,3,0,0
128.6250,-1.0,10,1,3,0,0
128.6250,-1.0,10,7,3,0,0
128.8125,-1.0,10,4,3,0,0
128.9063,-1.0,10,10,3,0,0
129.0,-1.0,10,1,3,0,0
129.0,-1.0,10,4,3,0,0
129.1875,-1.0,10,7,3,0,0
129.2813,-1.0,10,4,3,0,0
129.3750,-1.0,10,7,3,0,0
129.3750,-1.0,10,10,3,0,0
129.5625,-1.0,10,4,3,0,0
129.6563,-1.0,10,7,3,0,0
129.7500,-1.0,10,1,3,0,0
129.7500,-1.0,10,10,3,0,0
129.9375,-1.0,10,7,2,0,0
130.0313,-1.0,10,4,3,0,0
130.1250,-1.0,10,9,2,0,0
130.3125,-1.0,10,1,3,0,0
130.3125,-1.0,10,10,3,0,0
130.5000,-1.0,82,8,3,0,0
130.5000,130.5625,110,8,3,JumpScratch,-4
130.5625,130.6250,110,7,3,JumpScratch,-4
130.6250,130.6875,110,6,3,JumpScratch,-4
130.6875,130.7500,110,5,3,JumpScratch,-4
130.7500,130.8125,110,4,3,JumpScratch,-4
130.8125,130.8750,110,3,3,JumpScratch,8
131.2500,-1.0,10,1,2,0,0
132.0,-1.0,10,11,2,0,0
132.7500,-1.0,10,4,2,0,0
133.1250,-1.0,10,7,2,0,0
133.5000,-1.0,50,10,3,0,0