8.2759,-1.0,10,7,3,0,0
1.0,1.0,0,0,0,35,11392
8.7931,-1.0,80,4,3,0,0
8.7931,9.1810,100,4,3,0,0
2.2931,2.2931,0,0,0,34,11392
9.0517,-1.0,900,4,3,0,0
3.8448,3.8448,0,0,0,33,11392
9.1810,-1.0,10,10,3,0,0
4.8793,4.8793,0,0,0,32,11392
9.8276,-1.0,80,1,3,0,0
9.8276,10.2155,100,1,3,0,0
6.4310,6.4310,0,0,0,11,11392
10.0862,-1.0,900,1,3,0,0
53.7931,77.9741,0,0,0,14,11391
10.2155,-1.0,10,7,3,0,0
108.5862,108.5862,0,0,0,31,11390
10.8621,-1.0,80,4,3,0,0
10.8621,11.2500,100,4,3,0,0
11.1207,-1.0,900,4,3,0,0
11.2500,-1.0,10,10,3,0,0
11.5086,-1.0,82,7,3,0,0
11.5086,11.8966,110,7,3,0,0
11.7672,-1.0,900,7,3,0,0
11.7672,-1.0,31,7,3,0,0
12.4138,-1.0,10,4,3,0,0
12.9310,-1.0,80,7,3,0,0
12.9310,13.3190,100,7,3,0,0
13.1897,-1.0,900,7,3,0,0
13.3190,-1.0,10,1,3,0,0
13.9655,-1.0,80,10,3,0,0
13.9655,14.3534,100,10,3,0,0
14.2241,-1.0,900,10,3,0,0
14.3534,-1.0,10,4,3,0,0
15.0,-1.0,82,7,3,0,0
15.0,15.3879,110,7,3,JumpScratch,6
15.2586,-1.0,900,7,3,0,0
15.3879,16.0345,110,10,3,0,0
15.6466,-1.0,900,10,3,0,0
15.9052,-1.0,900,10,3,0,0
16.8103,-1.0,10,1,3,0,0
17.0690,-1.0,10,7,3,0,0
17.4569,-1.0,80,4,3,0,0
17.4569,17.8448,100,4,3,0,0
17.7155,-1.0,900,4,3,0,0
18.1034,-1.0,10,10,3,0,0
18.4914,-1.0,82,1,3,0,0
18.4914,19.6552,110,1,3,0,0
18.7500,-1.0,900,1,3,0,0
19.0086,-1.0,900,1,3,0,0
19.2672,-1.0,900,1,3,0,0
19.5259,-1.0,900,1,3,0,0
20.1724,-1.0,10,7,3,0,0
20.5603,-1.0,80,4,3,0,0
20.5603,20.9483,100,4,3,0,0
20.8190,-1.0,900,4,3,0,0
21.2069,-1.0,10,10,3,0,0
21.5948,-1.0,80,1,3,0,0
21.5948,21.9828,100,1,3,0,0
21.8534,-1.0,900,1,3,0,0
22.2414,-1.0,10,7,3,0,0
22.7586,-1.0,82,3,3,0,0
22.7586,23.1466,110,3,3,JumpScratch,-5
23.0172,-1.0,900,3,3,0,0
23.0172,-1.0,31,3,3,0,0
23.1466,23.7931,110,1,3,0,0
23.4052,-1.0,900,1,3,0,0
23.6638,-1.0,900,1,3,0,0
24.3103,-1.0,10,7,3,0,0
24.6983,-1.0,80,4,3,0,0
24.6983,25.0862,100,4,3,0,0
24.9569,-1.0,900,4,3,0,0
25.3448,-1.0,10,10,3,0,0
25.7328,-1.0,80,1,3,0,0
25.7328,26.1207,100,1,3,0,0
25.9914,-1.0,900,1,3,0,0
26.3793,-1.0,10,7,3,0,0
26.8966,-1.0,81,4,3,0,0
26.8966,27.1552,101,4,3,0,0
27.4138,-1.0,82,10,3,0,0
27.4138,27.8017,110,10,3,JumpScratch,-5
27.6724,-1.0,900,10,3,0,0
27.8017,28.4483,110,8,3,0,0
28.0603,-1.0,900,8,3,0,0
28.3190,-1.0,900,8,3,0,0
28.9655,-1.0,81,1,3,0,0
28.9655,29.2241,101,1,3,0,0
29.4828,-1.0,82,8,3,0,0
29.4828,29.8707,110,8,3,JumpScratch,5
29.7414,-1.0,900,8,3,0,0
29.8707,30.5172,110,10,3,JumpScratch,-5
30.1293,-1.0,900,10,3,0,0
30.3879,-1.0,900,10,3,0,0
30.9052,-1.0,81,4,3,0,0
30.9052,32.0690,101,4,3,0,0
31.1638,-1.0,900,4,3,0,0
31.4224,-1.0,900,4,3,0,0
31.6810,-1.0,900,4,3,0,0
31.9397,-1.0,900,4,3,0,0
33.3621,-1.0,10,10,3,0,0
33.6207,-1.0,10,4,3,0,0
34.0086,-1.0,80,7,3,0,0
34.0086,34.3966,100,7,3,0,0
34.2672,-1.0,900,7,3,0,0
34.6552,-1.0,10,1,3,0,0
35.0431,-1.0,82,10,3,0,0
35.0431,35.5603,110,10,3,JumpScratch,-5
35.3017,-1.0,900,10,3,0,0
35.4310,-1.0,31,10,3,0,0
35.5603,36.2069,110,8,3,0,0
35.8190,-1.0,900,8,3,0,0
36.0776,-1.0,900,8,3,0,0
36.7241,-1.0,10,4,3,0,0
37.1121,-1.0,80,7,3,0,0
37.1121,37.5000,100,7,3,0,0
37.3707,-1.0,900,7,3,0,0
37.7586,-1.0,10,1,3,0,0
38.1466,-1.0,80,10,3,0,0
38.1466,38.5345,100,10,3,0,0
38.4052,-1.0,900,10,3,0,0
38.7931,-1.0,10,4,3,0,0
39.3103,-1.0,82,8,3,0,0
39.3103,39.6983,110,8,3,JumpScratch,5
39.5690,-1.0,900,8,3,0,0
39.5690,-1.0,31,8,3,0,0
39.6983,40.2155,110,10,3,0,0
39.9569,-1.0,900,10,3,0,0
40.6034,-1.0,10,1,3,0,0
40.8621,-1.0,10,7,3,0,0
41.3793,-1.0,81,1,3,0,0
41.3793,41.7672,101,1,3,0,0
41.6379,-1.0,900,1,3,0,0
42.4138,-1.0,81,10,3,0,0
42.4138,42.8017,101,10,3,0,0
42.6724,-1.0,900,10,3,0,0
43.4483,-1.0,82,4,3,0,0
43.4483,43.8362,110,4,3,JumpScratch,-6
43.7069,-1.0,900,4,3,0,0
43.8362,44.2241,110,1,3,JumpScratch,6
44.0948,-1.0,900,1,3,0,0
44.7414,-1.0,10,7,4,0,0
45.0,-1.0,50,3,4,0,0
45.5172,-1.0,82,7,3,0,0
45.5172,45.9052,110,7,3,0,0
45.7759,-1.0,900,7,3,0,0
45.7759,-1.0,31,7,3,0,0
46.5517,-1.0,82,4,3,0,0
46.5517,46.9397,110,4,3,0,0
46.8103,-1.0,900,4,3,0,0
46.8103,-1.0,31,4,3,0,0
47.5862,-1.0,81,10,3,0,0
47.5862,48.1034,101,10,3,0,0
47.8448,-1.0,900,10,3,0,0
48.1034,-1.0,20,4,3,0,0
48.6207,-1.0,81,7,3,0,0
48.6207,49.1379,101,7,3,0,0
48.8793,-1.0,900,7,3,0,0
49.1379,-1.0,20,1,3,0,0
49.6552,-1.0,83,9,4,0,0
49.6552,50.0431,110,9,4,JumpScratch,-6
49.9138,-1.0,900,9,4,0,0
49.9138,-1.0,31,9,4,0,0
50.0431,51.7241,110,7,4,0,0
50.3017,-1.0,900,7,4,0,0
50.5603,-1.0,900,7,4,0,0
50.8190,-1.0,900,7,4,0,0
51.0776,-1.0,900,7,4,0,0
51.3362,-1.0,900,7,4,0,0
51.5948,-1.0,900,7,4,0,0
53.7931,-1.0,81,10,3,0,0
53.7931,54.3103,101,10,3,0,0
54.0517,-1.0,900,10,3,0,0
54.3103,-1.0,80,4,3,0,0
54.3103,54.8276,100,4,3,0,0
54.5690,-1.0,900,4,3,0,0
54.8276,-1.0,10,7,3,0,0
55.2155,-1.0,50,1,3,0,0
55.6034,-1.0,83,10,3,0,0
55.6034,56.8966,110,10,3,0,0
55.8621,-1.0,900,10,3,0,0
56.1207,-1.0,900,10,3,0,0
56.3793,-1.0,900,10,3,0,0
56.6379,-1.0,900,10,3,0,0
57.9310,-1.0,81,1,3,0,0
57.9310,58.4483,101,1,3,0,0
58.1897,-1.0,900,1,3,0,0
58.4483,-1.0,80,7,3,0,0
58.4483,58.9655,100,7,3,0,0
58.7069,-1.0,900,7,3,0,0
58.9655,-1.0,82,4,3,0,0
58.9655,59.3534,110,4,3,0,0
59.2241,-1.0,900,4,3,0,0
59.7414,-1.0,20,1,3,0,0
59.7414,-1.0,20,10,3,0,0
60.2586,-1.0,10,7,3,0,0
60.5172,-1.0,10,4,3,0,0
61.0345,-1.0,82,10,3,0,0
61.0345,61.4224,110,10,3,0,0
61.2931,-1.0,900,10,3,0,0
61.2931,-1.0,31,10,3,0,0
61.8103,-1.0,80,1,3,0,0
61.8103,62.5862,100,1,3,0,0
62.0690,-1.0,900,1,3,0,0
62.3276,-1.0,900,1,3,0,0
62.8448,-1.0,83,7,3,0,0
62.8448,63.6207,110,7,3,0,0
63.1034,-1.0,900,7,3,0,0
63.3621,-1.0,900,7,3,0,0
63.8793,-1.0,80,4,3,0,0
63.8793,64.6552,100,4,3,0,0
64.1379,-1.0,900,4,3,0,0
64.3966,-1.0,900,4,3,0,0
64.9138,-1.0,20,10,3,0,0
65.4310,-1.0,10,1,3,0,0
65.6897,-1.0,10,7,3,0,0
65.9483,-1.0,80,1,3,0,0
65.9483,66.4655,100,1,3,0,0
66.2069,-1.0,900,1,3,0,0
66.4655,-1.0,10,7,3,0,0
66.7241,-1.0,50,1,3,0,0
67.2414,-1.0,10,10,3,0,0
67.6293,-1.0,10,4,3,0,0
68.0172,-1.0,80,7,3,0,0
68.0172,68.7931,100,7,3,0,0
68.2759,-1.0,900,7,3,0,0
68.5345,-1.0,900,7,3,0,0
69.0517,-1.0,83,4,3,0,0
69.0517,69.8276,110,4,3,0,0
69.3103,-1.0,900,4,3,0,0
69.5690,-1.0,900,4,3,0,0
70.3448,-1.0,81,7,3,0,0
70.3448,70.8621,101,7,3,0,0
70.6034,-1.0,900,7,3,0,0
70.8621,-1.0,80,4,3,0,0
70.8621,71.3793,100,4,3,0,0
71.1207,-1.0,900,4,3,0,0
71.3793,-1.0,10,10,3,0,0
71.7672,-1.0,50,1,3,0,0
72.1552,-1.0,83,7,3,0,0
72.1552,73.4483,110,7,3,0,0
72.4138,-1.0,900,7,3,0,0
72.6724,-1.0,900,7,3,0,0
72.9310,-1.0,900,7,3,0,0
73.1897,-1.0,900,7,3,0,0
74.4828,-1.0,81,4,3,0,0
74.4828,75.0,101,4,3,0,0
74.7414,-1.0,900,4,3,0,0
75.0,-1.0,80,7,3,0,0
75.0,75.5172,100,7,3,0,0
75.2586,-1.0,900,7,3,0,0
75.5172,-1.0,82,1,3,0,0
75.5172,75.9052,110,1,3,0,0
75.7759,-1.0,900,1,3,0,0
76.2931,-1.0,20,1,3,0,0
76.2931,-1.0,20,10,3,0,0
76.8103,-1.0,10,4,3,0,0
77.0690,-1.0,10,7,3,0,0
77.5862,-1.0,82,1,3,0,0
77.5862,77.9741,110,1,3,0,0
77.8448,-1.0,900,1,3,0,0
77.8448,-1.0,31,1,3,0,0
78.6207,-1.0,82,10,3,0,0
78.6207,79.0086,110,10,3,JumpScratch,-6
78.8793,-1.0,900,10,3,0,0
79.0086,79.3966,110,7,3,JumpScratch,6
79.2672,-1.0,900,7,3,0,0
79.6552,-1.0,82,4,3,0,0
79.6552,80.0431,110,4,3,JumpScratch,-6
79.9138,-1.0,900,4,3,0,0
80.0431,80.4310,110,1,3,JumpScratch,6
80.3017,-1.0,900,1,3,0,0
80.6897,-1.0,82,7,3,0,0
80.6897,81.0776,110,7,3,JumpScratch,6
80.9483,-1.0,900,7,3,0,0
81.0776,81.4655,110,10,3,JumpScratch,-6
81.3362,-1.0,900,10,3,0,0
81.7241,-1.0,83,1,3,0,0
81.7241,82.1121,110,1,3,0,0
81.9828,-1.0,900,1,3,0,0
81.9828,-1.0,31,1,3,0,0
82.5000,-1.0,10,10,3,0,0
82.7586,-1.0,10,1,4,0,0
83.0172,-1.0,10,7,4,0,0
83.2759,-1.0,10,3,4,0,0
83.5345,-1.0,10,9,4,0,0
83.7931,-1.0,82,1,4,0,0
83.7931,84.1810,110,1,4,JumpScratch,6
84.0517,-1.0,900,1,4,0,0
84.0517,-1.0,31,1,4,0,0
84.1810,84.5690,110,3,4,JumpScratch,-6
84.4397,-1.0,900,3,4,0,0
84.8276,-1.0,10,9,4,0,0
85.0862,-1.0,10,3,4,0,0
85.3448,-1.0,10,7,4,0,0
85.6034,-1.0,10,1,4,0,0
85.8621,-1.0,82,9,4,0,0
85.8621,86.2500,110,9,4,JumpScratch,-6
86.1207,-1.0,900,9,4,0,0
86.1207,-1.0,31,9,4,0,0
86.2500,86.6379,110,7,4,JumpScratch,6
86.5086,-1.0,900,7,4,0,0
86.8966,-1.0,82,4,3,0,0
86.8966,87.2845,110,4,3,JumpScratch,-6
87.1552,-1.0,900,4,3,0,0
87.1552,-1.0,31,4,3,0,0
87.2845,87.5431,110,1,3,JumpScratch,6
87.9310,-1.0,82,7,3,0,0
87.9310,88.3190,110,7,3,JumpScratch,6
88.1897,-1.0,900,7,3,0,0
88.1897,-1.0,31,7,3,0,0
88.3190,88.5776,110,10,3,JumpScratch,-6
89.0948,-1.0,83,5,4,0,0
89.0948,90.0,110,5,4,0,0
89.2241,-1.0,31,5,4,0,0
89.3534,-1.0,900,5,4,0,0
89.3534,-1.0,31,5,4,0,0
89.4828,-1.0,31,5,4,0,0
89.6121,-1.0,900,5,4,0,0
89.7414,-1.0,31,5,4,0,0
89.8707,-1.0,900,5,4,0,0
90.3879,-1.0,82,9,4,0,0
90.3879,90.6466,110,9,4,JumpScratch,-6
90.6466,91.2931,110,7,4,JumpScratch,6
90.9052,-1.0,900,7,4,0,0
91.1638,-1.0,900,7,4,0,0
91.2931,94.1379,110,9,4,0,0
91.5517,-1.0,900,9,4,0,0
91.8103,-1.0,900,9,4,0,0
92.0690,-1.0,900,9,4,0,0
92.3276,-1.0,900,9,4,0,0
92.5862,-1.0,900,9,4,0,0
92.8448,-1.0,900,9,4,0,0
93.1034,-1.0,900,9,4,0,0
93.3621,-1.0,900,9,4,0,0
93.6207,-1.0,900,9,4,0,0
93.8793,-1.0,900,9,4,0,0
95.4310,-1.0,10,10,3,0,0
95.6897,-1.0,82,4,3,0,0
95.6897,96.0776,110,4,3,0,0
95.9483,-1.0,900,4,3,0,0
95.9483,-1.0,31,4,3,0,0
96.4655,-1.0,10,7,3,0,0
96.7241,-1.0,82,1,3,0,0
96.7241,97.1121,110,1,3,0,0
96.9828,-1.0,900,1,3,0,0
96.9828,-1.0,31,1,3,0,0
97.7586,-1.0,80,10,3,0,0
97.7586,98.2759,100,10,3,0,0
98.0172,-1.0,900,10,3,0,0
98.2759,-1.0,80,4,3,0,0
98.2759,98.7931,100,4,3,0,0
98.5345,-1.0,900,4,3,0,0
98.7931,-1.0,10,7,3,0,0
99.1810,-1.0,83,1,4,0,0
99.1810,102.4138,110,1,4,0,0
99.4397,-1.0,900,1,4,0,0
99.6983,-1.0,900,1,4,0,0
99.9569,-1.0,900,1,4,0,0
100.2155,-1.0,900,1,4,0,0
100.4741,-1.0,900,1,4,0,0
100.7328,-1.0,900,1,4,0,0
100.9914,-1.0,900,1,4,0,0
101.2500,-1.0,900,1,4,0,0
101.5086,-1.0,900,1,4,0,0
101.7672,-1.0,900,1,4,0,0
102.0259,-1.0,900,1,4,0,0
102.2845,-1.0,900,1,4,0,0
103.7069,-1.0,10,1,3,0,0
103.9655,-1.0,82,7,3,0,0
103.9655,104.3534,110,7,3,0,0
104.2241,-1.0,900,7,3,0,0
104.2241,-1.0,31,7,3,0,0
104.7414,-1.0,10,4,3,0,0
105.0,-1.0,82,10,3,0,0
105.0,105.3879,110,10,3,0,0
105.2586,-1.0,900,10,3,0,0
105.2586,-1.0,31,10,3,0,0
106.0345,-1.0,80,1,3,0,0
106.0345,106.5517,100,1,3,0,0
106.2931,-1.0,900,1,3,0,0
106.5517,-1.0,80,7,3,0,0
106.5517,107.0690,100,7,3,0,0
106.8103,-1.0,900,7,3,0,0
107.0690,-1.0,10,4,3,0,0
107.5862,-1.0,81,10,3,0,0
107.5862,111.7241,101,10,3,0,0
107.8448,-1.0,900,10,3,0,0
108.1034,-1.0,900,10,3,0,0
108.3621,-1.0,900,10,3,0,0
108.6207,-1.0,900,10,3,0,0
108.8793,-1.0,900,10,3,0,0
109.1379,-1.0,900,10,3,0,0
109.3966,-1.0,900,10,3,0,0
109.6552,-1.0,900,10,3,0,0
109.9138,-1.0,900,10,3,0,0
110.1724,-1.0,900,10,3,0,0
110.4310,-1.0,900,10,3,0,0
110.6897,-1.0,900,10,3,0,0
110.9483,-1.0,900,10,3,0,0
111.2069,-1.0,900,10,3,0,0
111.4655,-1.0,900,10,3,0,0