0.2500,-1.0,20,9,4,0,0
46.2500,61.2500,0,0,0,14,10690
2.2500,-1.0,81,1,4,0,0
2.2500,3.7500,101,1,4,0,0
75.2500,75.2500,0,0,0,32,10691
2.5000,-1.0,900,1,4,0,0
77.2500,77.2500,0,0,0,32,10692
2.7500,-1.0,900,1,4,0,0
79.2500,79.2500,0,0,0,32,10693
2.7500,-1.0,30,1,4,0,0
81.2500,81.2500,0,0,0,32,10690
82.2500,89.2500,0,0,0,14,10690
3.0,-1.0,900,1,4,0,0
107.0,107.0,0,0,0,11,10690
3.2500,-1.0,900,1,4,0,0
3.2500,-1.0,30,1,4,0,0
3.5000,-1.0,900,1,4,0,0
4.2500,-1.0,10,9,4,0,0
5.2500,-1.0,10,3,4,0,0
6.2500,-1.0,10,9,4,0,0
7.2500,-1.0,10,3,4,0,0
8.2500,-1.0,10,7,4,0,0
9.2500,-1.0,10,1,4,0,0
10.2500,-1.0,80,7,4,0,0
10.2500,11.2500,100,7,4,0,0
10.5000,-1.0,900,7,4,0,0
10.7500,-1.0,900,7,4,0,0
10.7500,-1.0,30,7,4,0,0
11.0,-1.0,900,7,4,0,0
12.2500,-1.0,10,3,4,0,0
13.2500,-1.0,10,9,4,0,0
14.2500,-1.0,80,3,4,0,0
14.2500,15.2500,100,3,4,0,0
14.5000,-1.0,900,3,4,0,0
14.7500,-1.0,900,3,4,0,0
14.7500,-1.0,30,3,4,0,0
15.0,-1.0,900,3,4,0,0
16.2500,-1.0,10,7,4,0,0
17.2500,-1.0,10,1,4,0,0
18.2500,-1.0,80,7,4,0,0
18.2500,19.2500,100,7,4,0,0
18.5000,-1.0,900,7,4,0,0
18.7500,-1.0,900,7,4,0,0
18.7500,-1.0,30,7,4,0,0
19.0,-1.0,900,7,4,0,0
20.2500,-1.0,10,1,4,0,0
21.2500,-1.0,10,7,4,0,0
22.2500,-1.0,80,1,4,0,0
22.2500,23.2500,100,1,4,0,0
22.5000,-1.0,900,1,4,0,0
22.7500,-1.0,900,1,4,0,0
22.7500,-1.0,30,1,4,0,0
23.0,-1.0,900,1,4,0,0
24.2500,-1.0,10,9,4,0,0
25.2500,-1.0,10,3,4,0,0
26.2500,-1.0,80,7,4,0,0
26.2500,27.7500,100,7,4,0,0
26.5000,-1.0,900,7,4,0,0
26.7500,-1.0,900,7,4,0,0
26.7500,-1.0,30,7,4,0,0
27.0,-1.0,900,7,4,0,0
27.2500,-1.0,900,7,4,0,0
27.2500,-1.0,30,7,4,0,0
27.5000,-1.0,900,7,4,0,0
28.2500,-1.0,10,1,4,0,0
29.2500,-1.0,10,9,4,0,0
30.2500,-1.0,10,1,4,0,0
31.2500,-1.0,80,9,4,0,0
31.2500,31.7500,100,9,4,0,0
31.5000,-1.0,900,9,4,0,0
32.2500,-1.0,10,3,4,0,0
33.2500,-1.0,10,7,4,0,0
34.2500,-1.0,10,3,4,0,0
35.2500,-1.0,80,7,4,0,0
35.2500,35.7500,100,7,4,0,0
35.5000,-1.0,900,7,4,0,0
36.2500,-1.0,10,1,4,0,0
36.7500,-1.0,10,7,4,0,0
37.2500,-1.0,10,1,4,0,0
38.2500,-1.0,10,9,4,0,0
38.7500,-1.0,10,3,4,0,0
39.2500,-1.0,10,9,4,0,0
40.2500,-1.0,80,1,4,0,0
40.2500,41.2500,100,1,4,0,0
40.5000,-1.0,900,1,4,0,0
40.7500,-1.0,900,1,4,0,0
40.7500,-1.0,30,1,4,0,0
41.0,-1.0,900,1,4,0,0
42.2500,-1.0,80,9,4,0,0
42.2500,44.0,100,9,4,0,0
42.5000,-1.0,900,9,4,0,0
42.7500,-1.0,900,9,4,0,0
42.7500,-1.0,30,9,4,0,0
43.0,-1.0,900,9,4,0,0
43.2500,-1.0,900,9,4,0,0
43.2500,-1.0,30,9,4,0,0
43.5000,-1.0,900,9,4,0,0
43.5000,-1.0,30,9,4,0,0
43.7500,-1.0,900,9,4,0,0
43.7500,-1.0,30,9,4,0,0
44.7500,-1.0,81,1,3,0,0
44.7500,45.7500,101,1,3,0,0
45.0,-1.0,900,1,3,0,0
45.2500,-1.0,900,1,3,0,0
45.2500,-1.0,30,1,3,0,0
45.5000,-1.0,900,1,3,0,0
46.2500,-1.0,20,10,3,0,0
46.7500,-1.0,10,4,3,0,0
47.2500,-1.0,10,7,3,0,0
48.2500,-1.0,20,1,3,0,0
48.7500,-1.0,10,7,3,0,0
49.2500,-1.0,10,4,3,0,0
50.2500,-1.0,81,10,3,0,0
50.2500,51.2500,101,10,3,0,0
50.5000,-1.0,900,10,3,0,0
50.7500,-1.0,900,10,3,0,0
50.7500,-1.0,30,10,3,0,0
51.0,-1.0,900,10,3,0,0
52.2500,-1.0,81,1,3,0,0
52.2500,53.2500,101,1,3,0,0
52.5000,-1.0,900,1,3,0,0
52.7500,-1.0,900,1,3,0,0
52.7500,-1.0,30,1,3,0,0
53.0,-1.0,900,1,3,0,0
54.2500,-1.0,20,1,3,0,0
54.7500,-1.0,10,7,3,0,0
55.2500,-1.0,10,4,3,0,0
56.2500,-1.0,20,10,3,0,0
56.7500,-1.0,10,4,3,0,0
57.2500,-1.0,10,7,3,0,0
58.2500,-1.0,81,1,3,0,0
58.2500,59.2500,101,1,3,0,0
58.5000,-1.0,900,1,3,0,0
58.7500,-1.0,900,1,3,0,0
58.7500,-1.0,30,1,3,0,0
59.0,-1.0,900,1,3,0,0
60.2500,-1.0,81,10,3,0,0
60.2500,61.2500,101,10,3,0,0
60.5000,-1.0,900,10,3,0,0
60.7500,-1.0,900,10,3,0,0
60.7500,-1.0,30,10,3,0,0
61.0,-1.0,900,10,3,0,0
62.2500,-1.0,10,1,4,0,0
63.2500,-1.0,10,7,4,0,0
64.2500,-1.0,10,3,4,0,0
65.2500,-1.0,81,9,4,0,0
65.2500,65.7500,101,9,4,0,0
65.5000,-1.0,900,9,4,0,0
66.2500,-1.0,10,3,4,0,0
67.2500,-1.0,10,9,4,0,0
68.2500,-1.0,10,1,4,0,0
69.2500,-1.0,10,7,4,0,0
70.2500,-1.0,81,3,4,0,0
70.2500,71.2500,101,3,4,0,0
70.5000,-1.0,900,3,4,0,0
70.7500,-1.0,900,3,4,0,0
71.0,-1.0,900,3,4,0,0
72.2500,-1.0,81,7,6,0,0
72.2500,73.2500,101,7,6,0,0
72.5000,-1.0,900,7,6,0,0
72.7500,-1.0,900,7,6,0,0
72.7500,-1.0,30,7,6,0,0
73.0,-1.0,900,7,6,0,0
82.2500,-1.0,20,1,3,0,0
82.7500,-1.0,10,7,3,0,0
83.2500,-1.0,10,4,3,0,0
84.2500,-1.0,20,10,3,0,0
84.7500,-1.0,10,4,3,0,0
85.2500,-1.0,10,7,3,0,0
86.2500,-1.0,81,1,3,0,0
86.2500,87.2500,101,1,3,0,0
86.5000,-1.0,900,1,3,0,0
86.7500,-1.0,900,1,3,0,0
86.7500,-1.0,30,1,3,0,0
87.0,-1.0,900,1,3,0,0
88.2500,-1.0,81,10,3,0,0
88.2500,89.2500,101,10,3,0,0
88.5000,-1.0,900,10,3,0,0
88.7500,-1.0,900,10,3,0,0
88.7500,-1.0,30,10,3,0,0
89.0,-1.0,900,10,3,0,0
90.2500,-1.0,10,1,4,0,0
91.2500,-1.0,10,7,4,0,0
92.2500,-1.0,10,3,4,0,0
93.2500,-1.0,81,9,4,0,0
93.2500,93.7500,101,9,4,0,0
93.5000,-1.0,900,9,4,0,0
94.2500,-1.0,10,3,4,0,0
95.2500,-1.0,10,9,4,0,0
96.2500,-1.0,10,1,4,0,0
97.2500,-1.0,10,7,4,0,0
98.2500,-1.0,81,1,6,0,0
98.2500,100.2500,101,1,6,0,0
98.5000,-1.0,900,1,6,0,0
98.7500,-1.0,900,1,6,0,0
99.0,-1.0,900,1,6,0,0
99.2500,-1.0,900,1,6,0,0
99.5000,-1.0,900,1,6,0,0
99.7500,-1.0,900,1,6,0,0
100.0,-1.0,900,1,6,0,0
102.2500,-1.0,10,7,4,0,0
102.7500,-1.0,10,3,4,0,0
103.2500,-1.0,10,7,4,0,0
104.2500,-1.0,10,1,4,0,0
105.2500,-1.0,80,9,4,0,0
105.2500,106.0,100,9,4,0,0
105.5000,-1.0,900,9,4,0,0
105.7500,-1.0,900,9,4,0,0