0.0,-1.0,10,11,2,0,0
41.6000,41.6000,0,0,0,14,10350
0.2000,-1.0,10,9,2,0,0
42.0,42.0,0,0,0,12,10350
0.4000,-1.0,10,7,2,0,0
57.6000,60.6000,0,0,0,13,10350
0.6000,-1.0,10,5,2,0,0
102.4000,105.4000,0,0,0,13,10350
0.8000,-1.0,10,3,2,0,0
116.2000,116.2000,0,0,0,12,10350
1.0,-1.0,10,1,2,0,0
117.8000,117.8000,0,0,0,13,10350
1.2000,-1.0,10,9,2,0,0
119.4000,119.4000,0,0,0,14,10350
1.3000,-1.0,10,7,2,0,0
121.0,121.0,0,0,0,15,10350
1.4000,-1.0,10,5,2,0,0
1.5000,-1.0,10,3,2,0,0
1.6000,-1.0,82,1,12,0,0
1.6000,1.6500,110,1,12,JumpScratch,12
1.6500,1.7000,110,7,6,JumpScratch,-10
1.7000,1.7500,110,3,4,JumpScratch,9
1.7500,1.8000,110,8,4,JumpScratch,-8
1.8000,1.8500,110,4,3,JumpScratch,6
1.8500,1.9000,110,6,4,JumpScratch,-7
1.9000,1.9500,110,3,2,JumpScratch,9
1.9500,2.0,110,7,5,JumpScratch,-11
2.0,2.0500,110,1,3,JumpScratch,9
2.0500,2.1000,110,7,3,JumpScratch,-7
2.1000,2.1500,110,3,3,JumpScratch,9
2.1500,2.2000,110,9,3,JumpScratch,-5
2.2000,2.2500,110,7,3,JumpScratch,-5
2.2500,2.3000,110,5,3,JumpScratch,-5
2.3000,2.3500,110,3,3,JumpScratch,-5
2.3500,2.4000,110,1,3,JumpScratch,12
2.4000,2.8000,110,1,12,0,0
2.4500,-1.0,31,1,12,0,0
2.5000,-1.0,31,1,12,0,0
2.5500,-1.0,31,1,12,0,0
2.6000,-1.0,900,1,12,0,0
2.6000,-1.0,31,1,12,0,0
2.6500,-1.0,31,1,12,0,0
2.7000,-1.0,31,1,12,0,0
2.7500,-1.0,31,1,12,0,0
3.0,-1.0,10,5,4,0,0
3.2000,-1.0,83,1,4,0,0
3.2000,3.6000,110,1,4,0,0
3.2000,-1.0,83,9,4,0,0
3.2000,3.6000,110,9,4,0,0
3.4000,-1.0,900,1,4,0,0
3.4000,-1.0,900,9,4,0,0
4.4000,-1.0,20,6,2,0,0
5.2000,-1.0,20,6,2,0,0
6.0,-1.0,20,6,2,0,0
6.4000,-1.0,83,1,4,0,0
6.4000,6.8000,110,1,4,0,0
6.4000,-1.0,83,9,4,0,0
6.4000,6.8000,110,9,4,0,0
6.6000,-1.0,900,1,4,0,0
6.6000,-1.0,900,9,4,0,0
7.6000,-1.0,20,6,2,0,0
7.8000,-1.0,83,1,4,0,0
7.8000,8.2000,110,1,4,0,0
7.8000,-1.0,83,9,4,0,0
7.8000,8.2000,110,9,4,0,0
8.0,-1.0,900,1,4,0,0
8.0,-1.0,900,9,4,0,0
8.4000,-1.0,20,6,2,0,0
8.6000,-1.0,50,1,12,0,0
9.2000,-1.0,50,1,3,0,0
9.2000,-1.0,50,10,3,0,0
9.6000,-1.0,50,1,3,0,0
9.6000,-1.0,10,10,3,0,0
9.7000,-1.0,10,7,3,0,0
9.8000,-1.0,10,4,3,0,0
10.0,-1.0,10,4,3,0,0
10.0,-1.0,50,10,3,0,0
10.1000,-1.0,10,4,3,0,0
10.3000,-1.0,10,7,3,0,0
10.4000,-1.0,50,1,3,0,0
10.5000,-1.0,10,7,3,0,0
10.7000,-1.0,10,4,3,0,0
10.8000,-1.0,10,4,3,0,0
10.8000,-1.0,50,10,3,0,0
11.0,-1.0,10,1,3,0,0
11.0,-1.0,10,10,3,0,0
11.2000,-1.0,10,1,3,0,0
11.2000,-1.0,50,10,3,0,0
11.3000,-1.0,10,4,3,0,0
11.4000,-1.0,10,7,3,0,0
11.6000,-1.0,50,1,3,0,0
11.6000,-1.0,10,7,3,0,0
11.7000,-1.0,10,7,3,0,0
11.9000,-1.0,10,4,3,0,0
12.0,-1.0,50,10,3,0,0
12.1000,-1.0,10,4,3,0,0
12.3000,-1.0,10,7,3,0,0
12.4000,-1.0,50,1,3,0,0
12.4000,-1.0,10,7,3,0,0
12.6000,-1.0,10,1,3,0,0
12.6000,-1.0,10,10,3,0,0
12.8000,-1.0,10,1,4,0,0
12.8000,-1.0,10,9,4,0,0
13.0,-1.0,10,5,4,0,0
13.1000,-1.0,10,5,4,0,0
13.2000,-1.0,10,5,4,0,0
13.4000,-1.0,10,1,4,0,0
13.4000,-1.0,10,9,4,0,0
13.6000,-1.0,50,4,3,0,0
13.6000,-1.0,10,7,3,0,0
13.8000,-1.0,50,1,3,0,0
13.8000,-1.0,10,7,3,0,0
14.0,-1.0,10,4,3,0,0
14.0,-1.0,50,7,3,0,0
14.2000,-1.0,10,4,3,0,0
14.2000,-1.0,50,10,3,0,0
14.4000,-1.0,50,1,9,0,0
14.4000,-1.0,20,10,3,0,0
14.6000,-1.0,10,7,3,0,0
14.8000,-1.0,10,4,3,0,0
15.0,-1.0,20,1,3,0,0
15.0,-1.0,50,4,9,0,0
15.2000,-1.0,10,10,3,0,0
15.2665,-1.0,10,6,3,0,0
15.3330,-1.0,10,8,3,0,0
15.4000,-1.0,10,4,3,0,0
15.4665,-1.0,10,6,3,0,0
15.5330,-1.0,10,2,3,0,0
15.6000,-1.0,10,4,3,0,0
15.7000,-1.0,10,1,2,0,0
16.0,-1.0,50,10,3,0,0
16.2000,-1.0,10,7,2,0,0
16.3000,-1.0,10,4,2,0,0
16.4000,-1.0,10,1,2,0,0
16.6000,-1.0,10,4,2,0,0
16.6000,-1.0,50,10,3,0,0
16.7000,-1.0,82,6,2,0,0
16.7000,17.0,110,6,2,JumpScratch,-4
16.9000,-1.0,900,6,2,0,0
17.0,17.2000,110,4,2,JumpScratch,4
17.2000,17.4000,110,6,2,0,0
17.4000,-1.0,50,10,3,0,0
17.6000,-1.0,50,1,3,0,0
17.8000,-1.0,10,5,2,0,0
17.9000,-1.0,10,8,2,0,0
18.0,-1.0,10,11,2,0,0
18.2000,-1.0,50,1,3,0,0
18.2000,-1.0,10,8,2,0,0
18.3000,-1.0,83,6,2,0,0
18.3000,18.6000,110,6,2,JumpScratch,4
18.5000,-1.0,900,6,2,0,0
18.6000,18.8000,110,8,2,JumpScratch,-4
18.8000,19.0,110,6,2,0,0
19.0,-1.0,50,1,3,0,0
19.2000,-1.0,50,10,3,0,0
19.4000,-1.0,10,7,2,0,0
19.5000,-1.0,10,4,2,0,0
19.6000,-1.0,10,1,2,0,0
19.8000,-1.0,10,3,2,0,0
19.8000,-1.0,50,10,3,0,0
19.9000,-1.0,10,6,2,0,0
20.0,-1.0,82,9,2,0,0
20.0,20.2000,110,9,2,0,0
20.2000,-1.0,83,2,4,0,0
20.2000,20.4000,110,2,4,0,0
20.4000,-1.0,83,7,6,0,0
20.4000,20.6000,110,7,6,0,0
20.6000,-1.0,20,1,6,0,0
20.8000,-1.0,20,5,4,0,0
21.0,-1.0,10,6,2,0,0
21.0,-1.0,50,10,3,0,0
21.2000,-1.0,20,5,4,0,0
21.4000,-1.0,50,1,3,0,0
21.4000,-1.0,10,6,2,0,0
21.8000,-1.0,10,8,2,0,0
22.0,-1.0,10,6,2,0,0
22.2000,-1.0,10,4,2,0,0
22.4000,-1.0,50,1,3,0,0
22.6000,-1.0,10,5,2,0,0
22.7000,-1.0,10,8,2,0,0
22.8000,-1.0,10,11,2,0,0
23.0,-1.0,50,1,3,0,0
23.0,-1.0,10,8,2,0,0
23.1000,-1.0,82,6,2,0,0
23.1000,23.3000,110,6,2,JumpScratch,4
23.3000,23.5000,110,8,2,JumpScratch,-4
23.5000,23.6000,110,6,2,JumpScratch,4
23.6000,23.8000,110,8,2,0,0
23.8000,-1.0,50,1,3,0,0
24.0,-1.0,50,10,3,0,0
24.2000,-1.0,10,7,2,0,0
24.3000,-1.0,10,4,2,0,0
24.4000,-1.0,10,1,2,0,0
24.6000,-1.0,10,4,2,0,0
24.6000,-1.0,50,10,3,0,0
24.7000,-1.0,82,6,2,0,0
24.7000,24.9000,110,6,2,JumpScratch,-4
24.9000,25.1000,110,4,2,JumpScratch,4
25.1000,25.2000,110,6,2,JumpScratch,-4
25.2000,25.4000,110,4,2,0,0
25.4000,-1.0,50,10,3,0,0
25.6000,-1.0,50,1,3,0,0
25.6000,-1.0,10,10,3,0,0
25.8000,-1.0,10,7,3,0,0
25.9000,-1.0,10,5,3,0,0
26.0,-1.0,10,5,3,0,0
26.2000,-1.0,10,4,3,0,0
26.3000,-1.0,10,6,3,0,0
26.4000,-1.0,50,1,3,0,0
26.4000,-1.0,10,6,3,0,0
26.6000,-1.0,10,4,3,0,0
26.6000,-1.0,50,10,3,0,0
26.7000,-1.0,10,4,3,0,0
26.8000,-1.0,10,6,3,0,0
27.0,-1.0,50,1,3,0,0
27.0,-1.0,83,10,3,0,0
27.0,27.4000,110,10,3,JumpScratch,-7
27.2000,-1.0,900,10,3,0,0
27.4000,-1.0,50,1,5,0,0
27.4000,27.8000,110,6,2,0,0
27.6000,-1.0,900,6,2,0,0
28.2000,-1.0,82,1,2,0,0
28.2000,28.4000,110,1,2,JumpScratch,4
28.2000,-1.0,82,7,2,0,0
28.2000,28.4000,110,7,2,JumpScratch,4
28.4000,28.6000,110,3,2,JumpScratch,4
28.4000,28.6000,110,9,2,JumpScratch,4
28.6000,28.8000,110,11,2,JumpScratch,-12
28.8000,29.2000,110,1,12,0,0
28.8500,-1.0,31,1,12,0,0
28.9000,-1.0,31,1,12,0,0
28.9500,-1.0,31,1,12,0,0
29.0,-1.0,900,1,12,0,0
29.0,-1.0,31,1,12,0,0
29.0500,-1.0,31,1,12,0,0
29.1000,-1.0,31,1,12,0,0
29.1500,-1.0,31,1,12,0,0
29.4000,-1.0,50,7,6,0,0
29.5000,-1.0,50,1,6,0,0
29.8000,-1.0,82,5,2,0,0
29.8000,30.0,110,5,2,JumpScratch,-4
29.8000,-1.0,82,11,2,0,0
29.8000,30.0,110,11,2,JumpScratch,-4
30.0,30.2000,110,3,2,JumpScratch,-4
30.0,30.2000,110,9,2,JumpScratch,-4
30.2000,30.4000,110,1,2,JumpScratch,12
30.4000,30.8000,110,1,12,0,0
30.4500,-1.0,31,1,12,0,0
30.5000,-1.0,31,1,12,0,0
30.5500,-1.0,31,1,12,0,0
30.6000,-1.0,900,1,12,0,0
30.6000,-1.0,31,1,12,0,0
30.6500,-1.0,31,1,12,0,0
30.7000,-1.0,31,1,12,0,0
30.7500,-1.0,31,1,12,0,0
31.0,-1.0,50,1,6,0,0
31.1000,-1.0,50,7,6,0,0
31.4000,-1.0,10,2,3,0,0
31.5000,-1.0,10,5,3,0,0
31.6000,-1.0,10,4,3,0,0
31.7000,-1.0,10,7,3,0,0
31.8000,-1.0,10,6,3,0,0
31.9000,-1.0,10,9,3,0,0
32.0,-1.0,50,1,3,0,0
32.0,-1.0,10,5,4,0,0
32.2000,-1.0,10,3,4,0,0
32.3000,-1.0,10,7,3,0,0
32.4000,-1.0,10,5,4,0,0
32.4000,-1.0,50,10,3,0,0
32.6000,-1.0,10,7,4,0,0
32.7000,-1.0,10,4,3,0,0
32.8000,-1.0,50,1,3,0,0
32.8000,-1.0,82,5,4,0,0
32.8000,33.0,110,5,4,0,0
33.2000,-1.0,83,1,12,0,0
33.2000,33.6000,110,1,12,0,0
33.2500,-1.0,31,1,12,0,0
33.3000,-1.0,31,1,12,0,0
33.3500,-1.0,31,1,12,0,0
33.4000,-1.0,900,1,12,0,0
33.4000,-1.0,31,1,12,0,0
33.4500,-1.0,31,1,12,0,0
33.5000,-1.0,31,1,12,0,0
33.5500,-1.0,31,1,12,0,0
33.8000,-1.0,10,7,3,0,0
33.9000,-1.0,10,4,3,0,0
34.0,-1.0,10,1,3,0,0
34.0,-1.0,10,10,3,0,0
34.2000,-1.0,10,1,3,0,0
34.2000,-1.0,10,10,3,0,0
34.3000,-1.0,10,4,6,0,0
34.6000,-1.0,50,1,2,0,0
34.6000,-1.0,82,6,3,0,0
34.6000,34.8000,110,6,3,JumpScratch,5
34.8000,-1.0,50,3,2,0,0
34.8000,35.0,110,8,3,JumpScratch,5
35.0,-1.0,50,5,2,0,0
35.0,35.2000,110,10,3,0,0
35.2000,-1.0,50,1,6,0,0
35.4000,-1.0,10,8,3,0,0
35.5000,-1.0,10,8,3,0,0
35.6000,-1.0,50,1,6,0,0
35.7000,-1.0,10,9,3,0,0
35.8000,-1.0,10,9,3,0,0
36.0,-1.0,50,1,6,0,0
36.0,-1.0,10,10,3,0,0
36.4000,-1.0,82,3,3,0,0
36.4000,36.6000,110,3,3,JumpScratch,-5
36.4000,-1.0,50,9,2,0,0
36.6000,36.8000,110,1,3,0,0
36.6000,-1.0,50,7,2,0,0
36.8000,-1.0,50,7,6,0,0
37.0,-1.0,10,4,3,0,0
37.1000,-1.0,10,4,3,0,0
37.2000,-1.0,50,7,6,0,0
37.3000,-1.0,10,2,3,0,0
37.4000,-1.0,10,2,3,0,0
37.6000,-1.0,10,1,3,0,0
37.6000,-1.0,50,7,6,0,0
38.0,-1.0,50,6,2,0,0
38.4000,-1.0,20,1,3,0,0
38.4000,-1.0,20,10,3,0,0
38.7000,-1.0,10,6,3,0,0
38.8000,-1.0,50,10,3,0,0
39.0,-1.0,10,5,3,0,0
39.2000,-1.0,10,1,3,0,0
39.2000,-1.0,50,10,3,0,0
39.3000,-1.0,10,4,3,0,0
39.4000,-1.0,10,7,3,0,0
39.5000,-1.0,10,10,3,0,0
39.6000,-1.0,10,4,3,0,0
39.8000,-1.0,10,1,3,0,0
39.9000,-1.0,10,5,3,0,0
40.2000,-1.0,81,1,3,0,0
40.2000,40.6000,101,1,3,0,0
40.2000,-1.0,81,10,3,0,0
40.2000,41.0,101,10,3,0,0
40.4000,-1.0,900,1,3,0,0
40.4000,-1.0,900,10,3,0,0
40.6000,-1.0,900,10,3,0,0
40.8000,-1.0,900,10,3,0,0
42.0,-1.0,10,5,2,0,0
42.2000,-1.0,10,7,2,0,0
42.8000,-1.0,10,1,2,0,0
42.8000,-1.0,10,6,2,0,0
43.0,-1.0,10,6,2,0,0
43.0,-1.0,10,11,2,0,0
43.2000,-1.0,10,1,2,0,0
43.4000,-1.0,10,3,2,0,0
43.6000,-1.0,10,5,2,0,0
43.8000,-1.0,10,7,2,0,0
44.0,-1.0,83,8,2,0,0
44.0,44.0665,110,8,2,JumpScratch,3
44.0665,44.1330,110,9,2,JumpScratch,3
44.1330,44.2000,110,10,2,JumpScratch,3
44.4000,-1.0,50,1,12,0,0
44.8000,-1.0,50,1,3,0,0
45.0,-1.0,20,4,3,0,0
45.1000,-1.0,10,7,3,0,0
45.2000,-1.0,50,1,3,0,0
45.2000,-1.0,10,10,3,0,0
45.4000,-1.0,20,4,3,0,0
45.5000,-1.0,10,7,3,0,0
45.6000,-1.0,50,1,3,0,0
45.6000,-1.0,10,10,3,0,0
45.8000,-1.0,20,4,3,0,0
46.0,-1.0,50,1,12,0,0
46.2000,-1.0,20,4,3,0,0
46.4000,-1.0,50,10,3,0,0
46.6000,-1.0,20,7,3,0,0
46.7000,-1.0,10,4,3,0,0
46.8000,-1.0,10,1,3,0,0
46.8000,-1.0,50,10,3,0,0
47.0,-1.0,20,7,3,0,0
47.1000,-1.0,10,4,3,0,0
47.2000,-1.0,10,1,3,0,0
47.2000,-1.0,50,10,3,0,0
47.4000,-1.0,20,7,3,0,0
47.6000,-1.0,50,1,12,0,0
47.8000,-1.0,10,7,3,0,0
47.9000,-1.0,10,4,3,0,0
48.0,-1.0,82,5,4,0,0
48.0,48.2000,110,5,4,JumpScratch,-8
48.0,-1.0,50,9,4,0,0
48.2000,-1.0,50,9,4,0,0
48.4000,-1.0,50,1,4,0,0
48.4000,-1.0,82,5,4,0,0
48.4000,48.6000,110,5,4,JumpScratch,8
48.6000,-1.0,50,1,4,0,0
48.8000,-1.0,82,5,4,0,0
48.8000,49.0,110,5,4,JumpScratch,-8
48.8000,-1.0,50,9,4,0,0
49.0,-1.0,50,9,4,0,0
49.2000,-1.0,50,1,4,0,0
49.2000,-1.0,82,5,4,0,0
49.2000,49.4000,110,5,4,JumpScratch,8
49.4000,-1.0,50,1,4,0,0
49.6000,-1.0,82,5,4,0,0
49.6000,49.8000,110,5,4,0,0
49.6000,-1.0,50,9,4,0,0
50.0,-1.0,10,1,3,0,0
50.0,-1.0,10,10,3,0,0
50.2000,-1.0,50,1,4,0,0
50.2000,-1.0,82,5,4,0,0
50.2000,50.4000,110,5,4,0,0
50.6000,-1.0,50,1,4,0,0
50.6000,-1.0,50,9,4,0,0
50.8000,-1.0,10,3,2,0,0
50.9000,-1.0,10,7,2,0,0
51.0,-1.0,10,5,2,0,0
51.1000,-1.0,10,9,2,0,0
51.2000,-1.0,83,1,3,0,0
51.2000,51.2665,110,1,3,JumpScratch,5
51.2665,51.3330,110,3,3,JumpScratch,5
51.3330,51.4000,110,5,3,JumpScratch,5
51.4000,-1.0,82,10,3,0,0
51.4000,51.8000,110,10,3,0,0
51.6000,-1.0,20,1,9,0,0
51.6000,-1.0,900,10,3,0,0
51.8000,-1.0,10,4,4,0,0
51.9000,-1.0,10,4,4,0,0
52.0,-1.0,83,10,3,0,0
52.0,52.0665,110,10,3,JumpScratch,-5
52.0665,52.1330,110,8,3,JumpScratch,-5
52.1330,52.2000,110,6,3,JumpScratch,-5
52.2000,-1.0,82,1,3,0,0
52.2000,52.6000,110,1,3,0,0
52.4000,-1.0,900,1,3,0,0
52.4000,-1.0,20,4,9,0,0
52.6000,-1.0,10,6,4,0,0
52.7000,-1.0,10,6,4,0,0
52.8000,-1.0,83,1,3,0,0
52.8000,52.8665,110,1,3,JumpScratch,5
52.8665,52.9330,110,3,3,JumpScratch,5
52.9330,53.0,110,5,3,JumpScratch,5
53.0,-1.0,82,10,3,0,0
53.0,53.4000,110,10,3,0,0
53.2000,-1.0,20,1,9,0,0
53.2000,-1.0,900,10,3,0,0
53.4000,-1.0,10,4,4,0,0
53.5000,-1.0,10,4,4,0,0
53.6000,-1.0,83,10,3,0,0
53.6000,53.6665,110,10,3,JumpScratch,-5
53.6665,53.7330,110,8,3,JumpScratch,-5
53.7330,53.8000,110,6,3,JumpScratch,-5
53.8000,-1.0,82,1,3,0,0
53.8000,54.2000,110,1,3,0,0
54.0,-1.0,900,1,3,0,0
54.0,-1.0,20,4,9,0,0
54.2000,-1.0,10,6,4,0,0
54.3000,-1.0,10,6,4,0,0
54.4000,-1.0,50,1,6,0,0
54.5000,-1.0,10,8,3,0,0
54.6000,-1.0,10,4,4,0,0
54.7000,-1.0,10,8,3,0,0
54.8000,-1.0,50,1,9,0,0
54.9000,-1.0,10,10,3,0,0
55.0,-1.0,10,5,4,0,0
55.1000,-1.0,10,10,3,0,0
55.2000,-1.0,50,1,12,0,0
55.4000,-1.0,10,9,4,0,0
55.5000,-1.0,10,5,4,0,0
55.6000,-1.0,50,3,8,0,0
55.8000,-1.0,10,1,3,0,0
55.8000,-1.0,10,10,3,0,0
56.0,-1.0,50,7,6,0,0
56.1000,-1.0,10,3,3,0,0
56.2000,-1.0,10,7,4,0,0
56.3000,-1.0,10,3,3,0,0
56.4000,-1.0,50,4,9,0,0
56.5000,-1.0,10,1,3,0,0
56.6000,-1.0,10,5,4,0,0
56.7000,-1.0,10,1,3,0,0
56.8000,-1.0,50,1,12,0,0
57.2000,-1.0,20,1,4,0,0
57.2000,-1.0,20,9,4,0,0
57.6000,-1.0,50,1,4,0,0
57.6000,-1.0,10,9,4,0,0
57.7000,-1.0,10,5,4,0,0
57.8000,-1.0,10,1,4,0,0
58.0,-1.0,10,5,4,0,0
58.0,-1.0,50,9,4,0,0
58.1000,-1.0,10,5,4,0,0
58.3000,-1.0,10,9,4,0,0
58.4000,-1.0,50,1,4,0,0
58.5000,-1.0,10,5,4,0,0
58.7000,-1.0,10,1,4,0,0
58.8000,-1.0,10,5,4,0,0
58.8000,-1.0,50,9,4,0,0
59.0,-1.0,10,1,4,0,0
59.2000,-1.0,10,1,4,0,0
59.2000,-1.0,50,9,4,0,0
59.3000,-1.0,10,5,4,0,0
59.4000,-1.0,10,9,4,0,0
59.6000,-1.0,50,1,4,0,0
59.6000,-1.0,10,5,4,0,0
59.7000,-1.0,10,5,4,0,0
59.9000,-1.0,10,1,4,0,0
60.0,-1.0,50,9,4,0,0
60.1000,-1.0,10,5,4,0,0
60.3000,-1.0,10,9,4,0,0
60.4000,-1.0,50,1,4,0,0
60.4000,-1.0,10,5,4,0,0
60.6000,-1.0,10,9,4,0,0
60.8000,-1.0,10,6,2,0,0
61.0,-1.0,10,5,3,0,0
61.0,-1.0,50,10,3,0,0
61.2000,-1.0,10,3,3,0,0
61.4000,-1.0,50,1,3,0,0
61.4000,-1.0,10,6,3,0,0
61.6000,-1.0,10,8,3,0,0
61.8000,-1.0,10,5,3,0,0
61.8000,-1.0,50,10,3,0,0
62.0,-1.0,10,3,3,0,0
62.2000,-1.0,50,1,3,0,0
62.2000,-1.0,10,6,3,0,0
62.4000,-1.0,50,9,4,0,0
62.6000,-1.0,10,5,4,0,0
62.7000,-1.0,10,9,4,0,0
62.8000,-1.0,50,1,4,0,0
63.0,-1.0,10,5,4,0,0
63.1000,-1.0,10,1,4,0,0
63.2000,-1.0,50,9,4,0,0
63.4000,-1.0,50,5,4,0,0
63.5000,-1.0,50,4,6,0,0
63.6000,-1.0,50,5,4,0,0
63.8000,-1.0,50,1,3,0,0
63.8000,-1.0,50,10,3,0,0
64.0,-1.0,50,1,4,0,0
64.2000,-1.0,20,6,4,0,0
64.3000,-1.0,10,4,3,0,0
64.4000,-1.0,50,1,4,0,0
64.4000,-1.0,10,10,3,0,0
64.6000,-1.0,20,4,4,0,0
64.7000,-1.0,10,7,3,0,0
64.8000,-1.0,50,1,4,0,0
64.8000,-1.0,10,10,3,0,0
65.0,-1.0,20,6,4,0,0
65.2000,-1.0,50,1,12,0,0
65.4000,-1.0,20,4,4,0,0
65.6000,-1.0,50,9,4,0,0
65.8000,-1.0,20,4,4,0,0
65.9000,-1.0,10,7,3,0,0
66.0,-1.0,10,1,3,0,0
66.0,-1.0,50,9,4,0,0
66.2000,-1.0,20,6,4,0,0
66.3000,-1.0,10,4,3,0,0
66.4000,-1.0,10,1,3,0,0
66.4000,-1.0,50,9,4,0,0
66.6000,-1.0,20,4,4,0,0
66.8000,-1.0,50,1,12,0,0
67.0,-1.0,10,7,3,0,0
67.1000,-1.0,10,4,3,0,0
67.2000,-1.0,20,1,12,0,0
67.4000,-1.0,10,4,2,0,0
67.6000,-1.0,10,6,2,0,0
67.8000,-1.0,10,8,2,0,0
68.0,-1.0,20,1,12,0,0
68.2000,-1.0,10,8,2,0,0
68.4000,-1.0,20,1,12,0,0
68.6000,-1.0,10,4,2,0,0
68.8000,-1.0,50,1,7,0,0
69.0,-1.0,20,6,2,0,0
69.2000,-1.0,50,6,7,0,0
69.4000,-1.0,20,6,2,0,0
69.6000,-1.0,50,1,6,0,0
69.6000,-1.0,50,7,6,0,0
70.0,-1.0,10,9,2,0,0
70.1000,-1.0,10,5,2,0,0
70.2000,-1.0,10,7,2,0,0
70.3000,-1.0,10,3,2,0,0
70.4000,-1.0,20,7,6,0,0
70.6000,-1.0,20,7,6,0,0
71.0,-1.0,10,6,2,0,0
71.0,-1.0,10,11,2,0,0
71.2000,-1.0,10,8,2,0,0
71.4000,-1.0,10,10,2,0,0
71.6000,-1.0,10,8,2,0,0
71.8000,-1.0,10,1,2,0,0
71.8000,-1.0,10,6,2,0,0
72.0,-1.0,10,4,2,0,0
72.2000,-1.0,10,2,2,0,0
72.2000,-1.0,10,6,2,0,0
72.4000,-1.0,83,1,12,0,0
72.4000,72.8000,110,1,12,0,0
72.4500,-1.0,31,1,12,0,0
72.5000,-1.0,31,1,12,0,0
72.5500,-1.0,31,1,12,0,0
72.6000,-1.0,900,1,12,0,0
72.6000,-1.0,31,1,12,0,0
72.6500,-1.0,31,1,12,0,0
72.7000,-1.0,31,1,12,0,0
72.7500,-1.0,31,1,12,0,0
73.2000,-1.0,10,7,2,0,0
73.3000,-1.0,10,5,2,0,0
73.4000,-1.0,10,7,2,0,0
73.6000,-1.0,20,1,6,0,0
73.8000,-1.0,20,1,6,0,0
74.2000,-1.0,10,1,2,0,0
74.2000,-1.0,10,6,2,0,0
74.4000,-1.0,10,4,2,0,0
74.6000,-1.0,10,2,2,0,0
74.8000,-1.0,10,4,2,0,0
75.0,-1.0,10,6,2,0,0
75.0,-1.0,10,11,2,0,0
75.2000,-1.0,10,8,2,0,0
75.4000,-1.0,10,6,2,0,0
75.4000,-1.0,10,10,2,0,0
75.6000,-1.0,83,1,12,0,0
75.6000,76.0,110,1,12,JumpScratch,12
75.6500,-1.0,31,1,12,0,0
75.7000,-1.0,31,1,12,0,0
75.7500,-1.0,31,1,12,0,0
75.8000,-1.0,900,1,12,0,0
75.8000,-1.0,31,1,12,0,0
75.8500,-1.0,31,1,12,0,0
75.9000,-1.0,31,1,12,0,0
75.9500,-1.0,31,1,12,0,0
76.0,76.4000,110,11,2,JumpScratch,-4
76.2000,-1.0,900,11,2,0,0
76.4000,76.5000,110,9,2,JumpScratch,-4
76.5000,76.6000,110,7,2,JumpScratch,-4
76.6000,76.7000,110,5,2,JumpScratch,-4
76.7000,76.8000,110,3,2,JumpScratch,10
76.8000,77.2000,110,9,4,JumpScratch,-6
77.0,-1.0,900,9,4,0,0
77.0,-1.0,40,9,4,0,0
77.2000,77.4000,110,7,2,JumpScratch,4
77.4000,77.6000,110,9,2,JumpScratch,4
77.6000,77.8000,110,11,2,JumpScratch,-4
77.8000,77.9000,110,9,2,JumpScratch,4
77.9000,78.1000,110,11,2,JumpScratch,-4
78.1000,78.2000,110,9,2,JumpScratch,-6
78.2000,78.4000,110,5,4,JumpScratch,-8
78.4000,78.8000,110,1,4,JumpScratch,6
78.6000,-1.0,900,1,4,0,0
78.6000,-1.0,40,1,4,0,0
78.8000,79.0,110,5,2,JumpScratch,-4
79.0,79.2000,110,3,2,JumpScratch,-4
79.2000,79.4000,110,1,2,JumpScratch,4
79.4000,79.5000,110,3,2,JumpScratch,-4
79.5000,79.8000,110,1,2,JumpScratch,8
79.7000,-1.0,900,1,2,0,0
80.0,-1.0,10,5,4,0,0
80.0,-1.0,50,9,4,0,0
80.2000,-1.0,10,5,4,0,0
80.2000,-1.0,50,9,4,0,0
80.6000,-1.0,10,5,4,0,0
80.8000,-1.0,50,1,4,0,0
80.8000,-1.0,10,5,4,0,0
81.0,-1.0,50,1,4,0,0
81.0,-1.0,10,5,4,0,0
81.4000,-1.0,82,1,2,0,0
81.4000,81.6000,110,1,2,JumpScratch,4
81.4000,-1.0,82,11,2,0,0
81.4000,81.6000,110,11,2,JumpScratch,-4
81.6000,81.8000,110,3,2,JumpScratch,4
81.6000,81.8000,110,9,2,JumpScratch,-4
81.8000,82.0,110,5,2,JumpScratch,2
81.8000,82.0,110,7,2,JumpScratch,-2
82.2000,-1.0,10,1,3,0,0
82.2000,-1.0,10,10,3,0,0
82.4000,-1.0,10,3,3,0,0
82.4000,-1.0,10,8,3,0,0
82.6000,-1.0,10,6,2,0,0
82.8000,-1.0,10,3,3,0,0
82.8000,-1.0,10,8,3,0,0
83.0,-1.0,50,7,6,0,0
83.2000,-1.0,80,7,2,0,0
83.2000,83.4000,100,7,2,0,0
83.3000,-1.0,30,7,2,0,0
83.4000,-1.0,50,1,6,0,0
83.6000,-1.0,80,4,3,0,0
83.6000,83.8000,100,4,3,0,0
83.7000,-1.0,30,4,3,0,0
83.8000,-1.0,50,7,6,0,0
84.0,-1.0,80,7,4,0,0
84.0,84.2000,100,7,4,0,0
84.1000,-1.0,30,7,4,0,0
84.2000,-1.0,50,1,6,0,0
84.4000,-1.0,80,2,5,0,0
84.4000,84.6000,100,2,5,0,0
84.5000,-1.0,30,2,5,0,0
84.6000,-1.0,50,7,6,0,0
84.8000,-1.0,10,1,2,0,0
85.0,-1.0,10,2,2,0,0
85.2000,-1.0,10,3,2,0,0
85.4000,-1.0,10,4,2,0,0
85.6000,-1.0,83,5,2,0,0
85.6000,85.6665,110,5,2,JumpScratch,3
85.6665,85.7330,110,6,2,JumpScratch,3
85.7330,85.8000,110,7,2,JumpScratch,3
86.4000,-1.0,10,4,2,0,0
86.6000,-1.0,20,1,4,0,0
86.6000,-1.0,10,5,2,0,0
86.8000,-1.0,10,6,2,0,0
87.0,-1.0,10,7,2,0,0
87.2000,-1.0,20,1,4,0,0
87.2000,-1.0,83,8,2,0,0
87.2000,87.2665,110,8,2,JumpScratch,3
87.2665,87.3330,110,9,2,JumpScratch,3
87.3330,87.4000,110,10,2,JumpScratch,3
87.6000,-1.0,10,1,3,0,0
87.8000,-1.0,10,4,3,0,0
88.0,-1.0,10,1,3,0,0
88.0,-1.0,10,7,3,0,0
88.2000,-1.0,10,4,2,0,0
88.3000,-1.0,10,8,2,0,0
88.4000,-1.0,10,5,2,0,0
88.5000,-1.0,10,9,2,0,0
88.6000,-1.0,10,6,2,0,0
88.8000,-1.0,10,4,3,0,0
88.8000,-1.0,10,10,3,0,0
89.0,-1.0,10,8,2,0,0
89.1000,-1.0,10,4,2,0,0
89.2000,-1.0,10,5,4,0,0
89.3000,-1.0,10,5,4,0,0
89.4000,-1.0,10,5,4,0,0
89.5000,-1.0,10,5,4,0,0
89.6000,-1.0,20,1,3,0,0
89.6000,-1.0,20,10,3,0,0
89.8000,-1.0,10,6,2,0,0
90.2000,-1.0,10,6,2,0,0
90.6000,-1.0,10,6,2,0,0
91.0,-1.0,10,6,2,0,0
91.2000,-1.0,20,1,3,0,0
91.2000,-1.0,20,10,3,0,0
91.4000,-1.0,20,1,3,0,0
91.4000,-1.0,20,10,3,0,0
91.6000,-1.0,10,6,2,0,0
91.8000,-1.0,20,1,3,0,0
91.8000,-1.0,20,10,3,0,0
92.2000,-1.0,20,1,3,0,0
92.2000,-1.0,20,10,3,0,0
92.4000,-1.0,10,7,3,0,0
92.5000,-1.0,10,4,3,0,0
92.6000,-1.0,10,7,3,0,0
92.7000,-1.0,10,4,3,0,0
92.8000,-1.0,82,5,4,0,0
92.8000,93.0,110,5,4,JumpScratch,-8
92.8000,-1.0,50,9,4,0,0
93.0,-1.0,50,9,4,0,0
93.2000,-1.0,50,1,4,0,0
93.2000,-1.0,82,5,4,0,0
93.2000,93.4000,110,5,4,JumpScratch,8
93.4000,-1.0,50,1,4,0,0
93.6000,-1.0,82,5,4,0,0
93.6000,93.8000,110,5,4,JumpScratch,-8
93.6000,-1.0,50,9,4,0,0
93.8000,-1.0,50,9,4,0,0
94.0,-1.0,50,1,4,0,0
94.0,-1.0,82,5,4,0,0
94.0,94.2000,110,5,4,JumpScratch,8
94.2000,-1.0,50,1,4,0,0
94.4000,-1.0,20,1,3,0,0
94.4000,-1.0,20,10,3,0,0
94.6000,-1.0,20,1,3,0,0
94.6000,-1.0,20,10,3,0,0
95.0,-1.0,20,1,3,0,0
95.0,-1.0,20,10,3,0,0
95.4000,-1.0,20,1,3,0,0
95.4000,-1.0,20,10,3,0,0
95.6000,-1.0,10,3,2,0,0
95.7000,-1.0,10,7,2,0,0
95.8000,-1.0,10,5,2,0,0
95.9000,-1.0,10,9,2,0,0
96.0,-1.0,83,1,3,0,0
96.0,96.0665,110,1,3,JumpScratch,5
96.0665,96.1330,110,3,3,JumpScratch,5
96.1330,96.2000,110,5,3,JumpScratch,5
96.2000,-1.0,82,10,3,0,0
96.2000,96.6000,110,10,3,0,0
96.4000,-1.0,20,1,9,0,0
96.4000,-1.0,900,10,3,0,0
96.6000,-1.0,10,1,4,0,0
96.7000,-1.0,10,5,4,0,0
96.8000,-1.0,83,10,3,0,0
96.8000,96.8665,110,10,3,JumpScratch,-5
96.8665,96.9330,110,8,3,JumpScratch,-5
96.9330,97.0,110,6,3,JumpScratch,-5
97.0,-1.0,82,1,3,0,0
97.0,97.4000,110,1,3,0,0
97.2000,-1.0,900,1,3,0,0
97.2000,-1.0,20,4,9,0,0
97.4000,-1.0,10,9,4,0,0
97.5000,-1.0,10,5,4,0,0
97.6000,-1.0,83,1,3,0,0
97.6000,97.6665,110,1,3,JumpScratch,5
97.6665,97.7330,110,3,3,JumpScratch,5
97.7330,97.8000,110,5,3,JumpScratch,5
97.8000,-1.0,82,10,3,0,0
97.8000,98.2000,110,10,3,0,0
98.0,-1.0,20,1,9,0,0
98.0,-1.0,900,10,3,0,0
98.2000,-1.0,10,1,4,0,0
98.3000,-1.0,10,5,4,0,0
98.4000,-1.0,83,10,3,0,0
98.4000,98.4665,110,10,3,JumpScratch,-5
98.4665,98.5330,110,8,3,JumpScratch,-5
98.5330,98.6000,110,6,3,JumpScratch,-5
98.6000,-1.0,82,1,3,0,0
98.6000,99.0,110,1,3,0,0
98.8000,-1.0,900,1,3,0,0
98.8000,-1.0,20,4,9,0,0
99.0,-1.0,10,9,4,0,0
99.1000,-1.0,10,5,4,0,0
99.2000,-1.0,50,1,8,0,0
99.3000,-1.0,10,7,3,0,0
99.4000,-1.0,10,3,4,0,0
99.5000,-1.0,10,8,3,0,0
99.6000,-1.0,50,1,10,0,0
99.7000,-1.0,10,9,3,0,0
99.8000,-1.0,10,5,4,0,0
99.9000,-1.0,10,10,3,0,0
100.0,-1.0,50,1,12,0,0
100.2000,-1.0,10,7,4,0,0
100.3000,-1.0,10,5,4,0,0
100.4000,-1.0,50,3,8,0,0
100.6000,-1.0,10,1,3,0,0
100.6000,-1.0,10,10,3,0,0
100.8000,-1.0,50,5,8,0,0
100.9000,-1.0,10,4,3,0,0
101.0,-1.0,10,7,4,0,0
101.1000,-1.0,10,3,3,0,0
101.2000,-1.0,50,3,10,0,0
101.3000,-1.0,10,2,3,0,0
101.4000,-1.0,10,5,4,0,0
101.5000,-1.0,10,1,3,0,0
101.6000,-1.0,50,1,12,0,0
102.0,-1.0,20,1,4,0,0
102.0,-1.0,20,9,4,0,0
102.4000,-1.0,50,1,4,0,0
102.4000,-1.0,10,9,4,0,0
102.5000,-1.0,10,5,4,0,0
102.6000,-1.0,10,1,4,0,0
102.8000,-1.0,10,5,4,0,0
102.8000,-1.0,50,9,4,0,0
102.9000,-1.0,10,5,4,0,0
103.1000,-1.0,10,9,4,0,0
103.2000,-1.0,50,1,4,0,0
103.3000,-1.0,10,5,4,0,0
103.5000,-1.0,10,5,4,0,0
103.6000,-1.0,83,1,4,0,0
103.6000,103.8000,110,1,4,0,0
103.6000,-1.0,83,9,4,0,0
103.6000,103.8000,110,9,4,0,0
104.0,-1.0,10,1,4,0,0
104.0,-1.0,50,9,4,0,0
104.1000,-1.0,10,5,4,0,0
104.2000,-1.0,10,9,4,0,0
104.4000,-1.0,50,1,4,0,0
104.4000,-1.0,10,5,4,0,0
104.5000,-1.0,10,5,4,0,0
104.7000,-1.0,10,1,4,0,0
104.8000,-1.0,50,9,4,0,0
104.9000,-1.0,10,5,4,0,0
105.1000,-1.0,10,5,4,0,0
105.2000,-1.0,83,1,4,0,0
105.2000,105.4000,110,1,4,0,0
105.2000,-1.0,83,9,4,0,0
105.2000,105.4000,110,9,4,0,0
105.6000,-1.0,10,6,2,0,0
105.8000,-1.0,10,4,3,0,0
105.8000,-1.0,50,10,3,0,0
106.0,-1.0,10,6,2,0,0
106.2000,-1.0,50,1,3,0,0
106.2000,-1.0,10,7,3,0,0
106.4000,-1.0,10,6,2,0,0
106.6000,-1.0,10,4,3,0,0
106.6000,-1.0,50,10,3,0,0
106.8000,-1.0,10,6,2,0,0
107.0,-1.0,50,1,3,0,0
107.0,-1.0,10,7,3,0,0
107.2000,-1.0,50,1,4,0,0
107.4000,-1.0,10,5,4,0,0
107.5000,-1.0,10,1,4,0,0
107.6000,-1.0,50,9,4,0,0
107.8000,-1.0,10,5,4,0,0
107.9000,-1.0,10,9,4,0,0
108.0,-1.0,50,1,4,0,0
108.2000,-1.0,50,5,4,0,0
108.3000,-1.0,50,4,6,0,0
108.4000,-1.0,50,5,4,0,0
108.6000,-1.0,50,1,3,0,0
108.6000,-1.0,50,10,3,0,0
108.8000,-1.0,50,1,6,0,0
108.9000,-1.0,10,9,3,0,0
109.0,-1.0,20,6,4,0,0
109.1000,-1.0,10,4,3,0,0
109.2000,-1.0,50,1,6,0,0
109.2000,-1.0,10,10,3,0,0
109.4000,-1.0,20,4,4,0,0
109.5000,-1.0,10,7,3,0,0
109.6000,-1.0,50,1,6,0,0
109.6000,-1.0,10,10,3,0,0
109.8000,-1.0,20,6,4,0,0
110.0,-1.0,50,1,12,0,0
110.2000,-1.0,20,4,4,0,0
110.4000,-1.0,50,7,6,0,0
110.5000,-1.0,10,2,3,0,0
110.6000,-1.0,20,4,4,0,0
110.7000,-1.0,10,7,3,0,0
110.8000,-1.0,10,1,3,0,0
110.8000,-1.0,50,7,6,0,0
111.0,-1.0,20,6,4,0,0
111.1000,-1.0,10,4,3,0,0
111.2000,-1.0,10,1,3,0,0
111.2000,-1.0,50,7,6,0,0
111.4000,-1.0,20,4,4,0,0
111.6000,-1.0,50,1,12,0,0
111.8000,-1.0,10,7,3,0,0
111.9000,-1.0,10,4,3,0,0
112.0,-1.0,20,1,12,0,0
112.2000,-1.0,10,4,2,0,0
112.4000,-1.0,10,6,2,0,0
112.6000,-1.0,10,8,2,0,0
112.8000,-1.0,20,1,12,0,0
113.0,-1.0,10,8,2,0,0
113.2000,-1.0,20,1,12,0,0
113.4000,-1.0,10,4,2,0,0
113.6000,-1.0,50,1,7,0,0
113.8000,-1.0,20,6,2,0,0
114.0,-1.0,50,6,7,0,0
114.2000,-1.0,20,6,2,0,0
114.4000,-1.0,50,1,6,0,0
114.4000,-1.0,50,7,6,0,0
114.8000,-1.0,10,6,2,0,0
115.2000,-1.0,20,1,6,0,0
115.2000,-1.0,20,7,6,0,0
115.4000,-1.0,10,6,2,0,0
115.8000,-1.0,10,6,2,0,0
116.2000,-1.0,10,6,2,0,0
116.4000,-1.0,83,5,4,0,0
116.4000,116.6000,110,5,4,0,0
116.8000,-1.0,20,1,4,0,0
116.8000,-1.0,20,9,4,0,0
117.0,-1.0,10,6,2,0,0
117.4000,-1.0,10,6,2,0,0
117.8000,-1.0,10,6,2,0,0
118.0,-1.0,83,5,4,0,0
118.0,118.2000,110,5,4,0,0
118.4000,-1.0,20,1,3,0,0
118.4000,-1.0,20,10,3,0,0
118.6000,-1.0,10,6,2,0,0
119.0,-1.0,10,6,2,0,0
119.4000,-1.0,10,6,2,0,0
119.6000,-1.0,83,5,4,0,0
119.6000,119.8000,110,5,4,0,0
120.0,-1.0,20,1,3,0,0
120.0,-1.0,20,10,3,0,0
120.2000,-1.0,20,1,3,0,0
120.2000,-1.0,20,10,3,0,0
120.6000,-1.0,50,1,3,0,0
120.6000,-1.0,50,10,3,0,0
121.2000,-1.0,10,9,2,0,0
121.3000,-1.0,10,5,2,0,0
121.4000,-1.0,10,7,2,0,0
121.5000,-1.0,10,3,2,0,0
121.6000,-1.0,82,7,2,0,0
121.6000,121.7000,110,7,2,JumpScratch,-4
121.7000,121.8000,110,5,2,JumpScratch,4
121.8000,122.0,110,7,2,JumpScratch,-4
122.0,122.1000,110,5,2,JumpScratch,4
122.1000,122.3000,110,7,2,JumpScratch,-5
122.3000,122.5000,110,4,2,JumpScratch,6
122.5000,122.7000,110,8,2,JumpScratch,-6
122.7000,122.8000,110,4,2,JumpScratch,6
122.8000,123.0,110,8,2,JumpScratch,-6
123.0,123.2000,110,4,2,JumpScratch,7
123.2000,123.3000,110,9,2,JumpScratch,-8
123.3000,123.4000,110,3,2,JumpScratch,8
123.4000,123.6000,110,9,2,JumpScratch,-8
123.6000,123.7000,110,3,2,JumpScratch,8
123.7000,123.9000,110,9,2,JumpScratch,-9
123.9000,124.1000,110,2,2,JumpScratch,10
124.1000,124.3000,110,10,2,JumpScratch,-10
124.3000,124.4000,110,2,2,JumpScratch,11
124.4000,124.6000,110,11,2,JumpScratch,-12
125.0,-1.0,10,7,2,0,0
125.1000,-1.0,10,5,2,0,0
125.2000,-1.0,10,7,2,0,0
125.4000,-1.0,10,1,2,0,0
125.6000,-1.0,10,3,2,0,0
125.8000,-1.0,10,5,2,0,0
126.0,-1.0,10,7,2,0,0
126.2000,-1.0,10,9,2,0,0
126.4000,-1.0,50,1,2,0,0
126.4000,-1.0,10,11,2,0,0
126.6000,-1.0,10,8,2,0,0
126.8000,-1.0,10,4,2,0,0
127.0,-1.0,10,1,2,0,0
127.0,-1.0,50,11,2,0,0
127.4000,-1.0,20,5,2,0,0
127.5000,-1.0,20,8,2,0,0
127.6000,-1.0,20,11,2,0,0