0.0,-1.0,82,3,2,0,0
0.0,0.3333,110,3,2,0,0
1.3333,4.6667,0,0,0,13,6
0.0,-1.0,82,9,2,0,0
0.0,0.3333,110,9,2,0,0
6.6667,9.3333,0,0,0,13,6
0.1667,-1.0,900,3,2,0,0
51.6667,51.6667,0,0,0,11,4
0.1667,-1.0,900,9,2,0,0
53.0,53.0,0,0,0,11,4
0.6667,-1.0,50,2,4,0,0
54.3333,54.3333,0,0,0,11,4
0.6667,-1.0,50,8,4,0,0
55.6667,55.6667,0,0,0,11,4
5.3333,-1.0,82,3,2,0,0
5.3333,5.6667,110,3,2,0,0
57.0,57.0,0,0,0,11,4
5.3333,-1.0,82,9,2,0,0
5.3333,5.6667,110,9,2,0,0
58.3333,58.3333,0,0,0,11,4
5.5000,-1.0,900,3,2,0,0
62.0,62.0,0,0,0,11,4
5.5000,-1.0,900,9,2,0,0
63.3333,63.3333,0,0,0,11,4
6.0,-1.0,50,2,4,0,0
64.6667,64.6667,0,0,0,11,4
6.0,-1.0,50,8,4,0,0
66.0,66.0,0,0,0,11,4
7.3333,-1.0,50,2,4,0,0
67.3333,67.3333,0,0,0,11,4
7.3333,-1.0,50,8,4,0,0
68.6667,68.6667,0,0,0,11,4
8.6667,-1.0,50,2,4,0,0
73.0,73.0,0,0,0,13,6
8.6667,-1.0,50,8,4,0,0
74.3333,74.3333,0,0,0,13,6
9.3333,-1.0,50,2,4,0,0
75.6667,75.6667,0,0,0,13,6
9.3333,-1.0,50,8,4,0,0
77.6667,77.6667,0,0,0,13,6
10.0,-1.0,83,7,6,0,0
10.0,10.0417,110,7,6,0,0
79.0,79.0,0,0,0,13,6
10.2222,-1.0,83,1,6,0,0
10.2222,10.2639,110,1,6,0,0
80.3333,80.3333,0,0,0,13,6
10.4444,-1.0,83,9,4,0,0
10.4444,10.4861,110,9,4,0,0
83.0,83.0,0,0,0,13,6
10.6667,-1.0,83,1,4,0,0
10.6667,10.7083,110,1,4,0,0
84.3333,84.3333,0,0,0,13,6
10.8889,-1.0,83,10,3,0,0
10.8889,10.9306,110,10,3,0,0
85.6667,85.6667,0,0,0,13,6
11.1111,-1.0,83,1,3,0,0
11.1111,11.1528,110,1,3,0,0
88.3333,88.3333,0,0,0,13,6
11.3333,-1.0,20,4,6,0,0
89.6667,89.6667,0,0,0,13,6
11.5833,-1.0,80,4,6,0,0
11.5833,11.6250,100,4,6,0,0
105.6667,105.6667,0,0,0,11,6
11.6250,11.6667,100,5,4,0,0
106.3333,106.3333,0,0,0,11,6
11.6667,13.0,100,6,2,0,0
107.0,107.0,0,0,0,11,6
11.8333,-1.0,900,6,2,0,0
107.6667,107.6667,0,0,0,11,6
12.0,-1.0,900,6,2,0,0
108.3333,108.3333,0,0,0,11,6
12.1667,-1.0,900,6,2,0,0
109.0,109.0,0,0,0,11,6
12.3333,-1.0,900,6,2,0,0
109.6667,109.6667,0,0,0,11,6
12.5000,-1.0,900,6,2,0,0
110.3333,110.3333,0,0,0,11,6
12.6667,-1.0,900,6,2,0,0
111.0,111.0,0,0,0,11,6
12.8333,-1.0,900,6,2,0,0
111.6667,111.6667,0,0,0,11,6
13.3333,-1.0,10,8,1,0,0
112.6667,112.6667,0,0,0,11,6
13.4167,-1.0,10,5,1,0,0
113.0,113.0,0,0,0,11,6
13.5000,-1.0,10,11,1,0,0
113.6667,113.6667,0,0,0,11,6
13.5833,-1.0,10,2,1,0,0
114.3333,114.3333,0,0,0,11,6
13.6667,-1.0,10,7,2,0,0
115.0,115.0,0,0,0,11,6
13.7500,-1.0,10,5,2,0,0
116.3333,116.3333,0,0,0,11,6
13.8333,-1.0,10,10,2,0,0
117.0,117.0,0,0,0,11,6
13.9167,-1.0,10,2,2,0,0
117.6667,117.6667,0,0,0,11,6
14.0,-1.0,20,10,3,0,0
118.3333,118.3333,0,0,0,11,6
14.0833,-1.0,10,4,3,0,0
119.0,119.0,0,0,0,11,6
14.1667,-1.0,10,7,3,0,0
119.6667,119.6667,0,0,0,11,6
14.2500,-1.0,10,4,3,0,0
120.3333,120.3333,0,0,0,11,6
14.3333,-1.0,80,1,3,0,0
14.3333,14.6667,100,1,3,0,0
121.0,121.0,0,0,0,11,6
14.4167,-1.0,10,4,3,0,0
121.6667,121.6667,0,0,0,11,6
14.5000,-1.0,900,1,3,0,0
122.3333,122.3333,0,0,0,11,6
14.5000,-1.0,10,7,3,0,0
123.0,123.0,0,0,0,11,6
14.5833,-1.0,10,4,3,0,0
123.6667,123.6667,0,0,0,11,6
14.6667,-1.0,80,10,3,0,0
14.6667,15.0,100,10,3,0,0
124.3333,124.3333,0,0,0,11,6
14.7500,-1.0,10,4,3,0,0
125.0,125.0,0,0,0,11,6
14.8333,-1.0,10,7,3,0,0
125.6667,125.6667,0,0,0,11,6
14.8333,-1.0,900,10,3,0,0
126.3333,126.3333,0,0,0,11,6
14.9167,-1.0,10,4,3,0,0
126.0,130.0,0,0,0,11,6
15.0,-1.0,80,1,3,0,0
15.0,15.3333,100,1,3,0,0
15.0833,-1.0,10,4,3,0,0
15.1667,-1.0,900,1,3,0,0
15.1667,-1.0,10,7,3,0,0
15.2500,-1.0,10,4,3,0,0
15.3333,-1.0,80,10,3,0,0
15.3333,15.6667,100,10,3,0,0
15.4167,-1.0,10,3,3,0,0
15.5000,-1.0,10,6,3,0,0
15.5000,-1.0,900,10,3,0,0
15.5833,-1.0,10,3,3,0,0
15.6667,-1.0,80,1,3,0,0
15.6667,16.0,100,1,3,0,0
15.7500,-1.0,10,5,3,0,0
15.8333,-1.0,900,1,3,0,0
15.8333,-1.0,10,8,3,0,0
15.9167,-1.0,10,5,3,0,0
16.0,-1.0,80,10,3,0,0
16.0,16.3333,100,10,3,0,0
16.0833,-1.0,10,3,3,0,0
16.1667,-1.0,10,6,3,0,0
16.1667,-1.0,900,10,3,0,0
16.2500,-1.0,10,3,3,0,0
16.3333,-1.0,80,1,3,0,0
16.3333,16.6667,100,1,3,0,0
16.4167,-1.0,10,4,3,0,0
16.5000,-1.0,900,1,3,0,0
16.5000,-1.0,10,7,3,0,0
16.5833,-1.0,10,4,3,0,0
16.6667,-1.0,80,10,3,0,0
16.6667,17.0,100,10,3,0,0
16.7500,-1.0,10,4,3,0,0
16.8333,-1.0,10,7,3,0,0
16.8333,-1.0,900,10,3,0,0
16.9167,-1.0,10,4,3,0,0
17.0,-1.0,80,1,3,0,0
17.0,17.3333,100,1,3,0,0
17.0833,-1.0,10,4,3,0,0
17.1667,-1.0,900,1,3,0,0
17.1667,-1.0,10,7,3,0,0
17.2500,-1.0,10,4,3,0,0
17.3333,-1.0,80,10,3,0,0
17.3333,17.6667,100,10,3,0,0
17.4167,-1.0,10,4,3,0,0
17.5000,-1.0,10,7,3,0,0
17.5000,-1.0,900,10,3,0,0
17.5833,-1.0,10,4,3,0,0
17.6667,-1.0,80,1,3,0,0
17.6667,18.0,100,1,3,0,0
17.7500,-1.0,10,4,3,0,0
17.8333,-1.0,900,1,3,0,0
17.8333,-1.0,10,7,3,0,0
17.9167,-1.0,10,4,3,0,0
18.0,-1.0,80,10,3,0,0
18.0,18.3333,100,10,3,0,0
18.0833,-1.0,10,5,3,0,0
18.1667,-1.0,10,8,3,0,0
18.2500,-1.0,10,5,3,0,0
18.3333,-1.0,80,1,3,0,0
18.3333,18.6667,100,1,3,0,0
18.4167,-1.0,10,3,3,0,0
18.5000,-1.0,900,1,3,0,0
18.5000,-1.0,10,6,3,0,0
18.5833,-1.0,10,3,3,0,0
18.6667,-1.0,80,10,3,0,0
18.6667,19.0,100,10,3,0,0
18.7500,-1.0,10,5,3,0,0
18.8333,-1.0,10,8,3,0,0
18.9167,-1.0,10,5,3,0,0
19.0,-1.0,80,1,3,0,0
19.0,19.3333,100,1,3,0,0
19.0833,-1.0,10,3,3,0,0
19.1667,-1.0,900,1,3,0,0
19.1667,-1.0,10,6,3,0,0
19.2500,-1.0,10,3,3,0,0
19.3333,-1.0,20,7,3,0,0
19.4167,-1.0,10,10,3,0,0
19.5000,-1.0,10,1,3,0,0
19.5833,-1.0,10,10,3,0,0
19.6667,-1.0,80,7,3,0,0
19.6667,20.0,100,7,3,0,0
19.7500,-1.0,10,10,3,0,0
19.8333,-1.0,10,1,3,0,0
19.8333,-1.0,900,7,3,0,0
19.9167,-1.0,10,10,3,0,0
20.0,-1.0,80,4,3,0,0
20.0,20.3333,100,4,3,0,0
20.0833,-1.0,10,10,3,0,0
20.1667,-1.0,10,1,3,0,0
20.1667,-1.0,900,4,3,0,0
20.2500,-1.0,10,10,3,0,0
20.3333,-1.0,80,7,3,0,0
20.3333,20.6667,100,7,3,0,0
20.4167,-1.0,10,10,3,0,0
20.5000,-1.0,10,1,3,0,0
20.5000,-1.0,900,7,3,0,0
20.5833,-1.0,10,10,3,0,0
20.6667,-1.0,80,4,3,0,0
20.6667,21.0,100,4,3,0,0
20.7500,-1.0,10,10,3,0,0
20.8333,-1.0,10,1,3,0,0
20.8333,-1.0,900,4,3,0,0
20.9167,-1.0,10,10,3,0,0
21.0,-1.0,80,7,3,0,0
21.0,21.3333,100,7,3,0,0
21.0833,-1.0,10,10,3,0,0
21.1667,-1.0,10,1,3,0,0
21.1667,-1.0,900,7,3,0,0
21.2500,-1.0,10,10,3,0,0
21.3333,-1.0,80,4,3,0,0
21.3333,21.6667,100,4,3,0,0
21.4167,-1.0,10,10,3,0,0
21.5000,-1.0,10,1,3,0,0
21.5000,-1.0,900,4,3,0,0
21.5833,-1.0,10,10,3,0,0
21.6667,-1.0,80,7,3,0,0
21.6667,22.0,100,7,3,0,0
21.7500,-1.0,10,10,3,0,0
21.8333,-1.0,10,1,3,0,0
21.8333,-1.0,900,7,3,0,0
21.9167,-1.0,10,10,3,0,0
22.0,-1.0,80,4,3,0,0
22.0,22.3333,100,4,3,0,0
22.0833,-1.0,10,10,3,0,0
22.1667,-1.0,10,1,3,0,0
22.1667,-1.0,900,4,3,0,0
22.2500,-1.0,10,10,3,0,0
22.3333,-1.0,80,7,3,0,0
22.3333,22.6667,100,7,3,0,0
22.4167,-1.0,10,10,3,0,0
22.5000,-1.0,10,1,3,0,0
22.5000,-1.0,900,7,3,0,0
22.5833,-1.0,10,10,3,0,0
22.6667,-1.0,80,4,3,0,0
22.6667,23.0,100,4,3,0,0
22.7500,-1.0,10,10,3,0,0
22.8333,-1.0,10,1,3,0,0
22.8333,-1.0,900,4,3,0,0
22.9167,-1.0,10,10,3,0,0
23.0,-1.0,80,7,3,0,0
23.0,23.3333,100,7,3,0,0
23.0833,-1.0,10,10,3,0,0
23.1667,-1.0,10,1,3,0,0
23.1667,-1.0,900,7,3,0,0
23.2500,-1.0,10,10,3,0,0
23.3333,-1.0,20,1,6,0,0
23.6667,-1.0,20,7,6,0,0
24.0,-1.0,20,1,6,0,0
24.0833,-1.0,20,7,6,0,0
24.1667,-1.0,20,1,6,0,0
24.2500,-1.0,20,7,6,0,0
24.3333,-1.0,20,1,6,0,0
24.4167,-1.0,20,7,6,0,0
24.5000,-1.0,20,1,6,0,0
24.5833,-1.0,20,7,6,0,0
24.6667,-1.0,80,5,4,0,0
24.6667,27.3333,100,5,4,0,0
24.8333,-1.0,900,5,4,0,0
25.0,-1.0,900,5,4,0,0
25.1667,-1.0,900,5,4,0,0
25.3333,-1.0,50,1,6,JumpScratch,-6
25.3333,-1.0,50,7,6,JumpScratch,6
25.3333,27.3333,100,1,2,0,0
25.3333,27.3333,100,11,2,0,0
25.5000,-1.0,900,1,2,0,0
25.5000,-1.0,900,5,4,0,0
25.5000,-1.0,900,11,2,0,0
25.6667,-1.0,900,1,2,0,0
25.6667,-1.0,900,5,4,0,0
25.6667,-1.0,900,11,2,0,0
25.8333,-1.0,900,1,2,0,0
25.8333,-1.0,900,5,4,0,0
25.8333,-1.0,900,11,2,0,0
26.0,-1.0,900,1,2,0,0
26.0,-1.0,82,3,2,0,0
26.0,27.3333,110,3,2,0,0
26.0,-1.0,900,5,4,0,0
26.0,-1.0,82,9,2,0,0
26.0,27.3333,110,9,2,0,0
26.0,-1.0,900,11,2,0,0
26.1667,-1.0,900,1,2,0,0
26.1667,-1.0,900,3,2,0,0
26.1667,-1.0,900,5,4,0,0
26.1667,-1.0,900,9,2,0,0
26.1667,-1.0,900,11,2,0,0
26.3333,-1.0,900,1,2,0,0
26.3333,-1.0,900,3,2,0,0
26.3333,-1.0,900,5,4,0,0
26.3333,-1.0,900,9,2,0,0
26.3333,-1.0,900,11,2,0,0
26.5000,-1.0,900,1,2,0,0
26.5000,-1.0,900,3,2,0,0
26.5000,-1.0,900,5,4,0,0
26.5000,-1.0,900,9,2,0,0
26.5000,-1.0,900,11,2,0,0
26.6667,-1.0,900,1,2,0,0
26.6667,-1.0,900,3,2,0,0
26.6667,-1.0,900,5,4,0,0
26.6667,-1.0,900,9,2,0,0
26.6667,-1.0,900,11,2,0,0
26.8333,-1.0,900,1,2,0,0
26.8333,-1.0,900,3,2,0,0
26.8333,-1.0,900,5,4,0,0
26.8333,-1.0,900,9,2,0,0
26.8333,-1.0,900,11,2,0,0
27.0,-1.0,900,1,2,0,0
27.0,-1.0,900,3,2,0,0
27.0,-1.0,900,5,4,0,0
27.0,-1.0,900,9,2,0,0
27.0,-1.0,900,11,2,0,0
27.1667,-1.0,900,1,2,0,0
27.1667,-1.0,900,3,2,0,0
27.1667,-1.0,900,5,4,0,0
27.1667,-1.0,900,9,2,0,0
27.1667,-1.0,900,11,2,0,0
27.3333,27.3750,100,1,12,0,0
27.3750,27.4167,100,1,12,0,0
27.4167,27.4583,100,1,12,0,0
27.4583,27.5000,100,1,12,0,0
27.5000,27.5417,100,1,12,0,0
27.5417,27.5833,100,1,12,0,0
27.5833,27.6250,100,1,12,0,0
27.6250,27.6667,100,1,12,0,0
27.6667,27.7083,100,1,12,0,0
27.7083,27.7500,100,1,12,0,0
27.7500,27.7917,100,1,12,0,0
27.7917,27.8333,100,1,12,0,0
27.8333,27.8750,100,1,12,0,0
27.8750,27.9167,100,1,12,0,0
27.9167,27.9583,100,1,12,0,0
27.9583,28.0,100,1,12,0,0
28.0,28.3333,110,5,4,0,0
28.1667,-1.0,900,5,4,0,0
28.6667,-1.0,10,3,3,0,0
28.6667,-1.0,80,9,2,0,0
28.6667,29.6667,100,9,2,0,0
28.6667,-1.0,80,11,2,0,0
28.6667,29.0,100,11,2,0,0
28.8333,-1.0,10,1,3,0,0
28.8333,-1.0,900,9,2,0,0
28.8333,-1.0,900,11,2,0,0
29.0,-1.0,10,1,12,0,0
29.0,31.6667,100,1,2,0,0
29.0,31.0,100,7,2,0,0
29.1667,-1.0,900,1,2,0,0
29.1667,-1.0,900,7,2,0,0
29.1667,-1.0,900,9,2,0,0
29.3333,-1.0,900,1,2,0,0
29.3333,-1.0,10,3,4,0,0
29.3333,-1.0,900,7,2,0,0
29.3333,-1.0,900,9,2,0,0
29.5000,-1.0,900,1,2,0,0
29.5000,-1.0,10,3,4,0,0
29.5000,-1.0,900,7,2,0,0
29.5000,-1.0,900,9,2,0,0
29.6667,-1.0,10,1,12,0,0
29.8333,-1.0,900,1,2,0,0
29.8333,-1.0,900,7,2,0,0
30.0,-1.0,900,1,2,0,0
30.0,-1.0,10,3,4,0,0
30.0,-1.0,900,7,2,0,0
30.1667,-1.0,900,1,2,0,0
30.1667,-1.0,10,3,4,0,0
30.1667,-1.0,900,7,2,0,0
30.3333,-1.0,900,1,2,0,0
30.3333,-1.0,10,4,3,0,0
30.3333,-1.0,900,7,2,0,0
30.4167,-1.0,10,3,1,0,0
30.5000,-1.0,900,1,2,0,0
30.5000,-1.0,900,7,2,0,0
30.5833,-1.0,10,3,1,0,0
30.6667,-1.0,900,1,2,0,0
30.6667,-1.0,10,4,3,0,0
30.6667,-1.0,900,7,2,0,0
30.8333,-1.0,900,1,2,0,0
30.8333,-1.0,10,3,4,0,0
30.8333,-1.0,900,7,2,0,0
31.0,-1.0,10,1,12,0,0
31.0,33.6667,100,3,2,0,0
31.1667,-1.0,900,1,2,0,0
31.1667,-1.0,900,3,2,0,0
31.2500,-1.0,10,5,4,0,0
31.3333,-1.0,900,1,2,0,0
31.3333,-1.0,900,3,2,0,0
31.3333,-1.0,10,5,4,0,0
31.5000,-1.0,900,1,2,0,0
31.5000,-1.0,900,3,2,0,0
31.6667,-1.0,10,1,12,0,0
31.6667,34.3333,100,11,2,0,0
31.8333,-1.0,900,3,2,0,0
31.8333,-1.0,900,11,2,0,0
32.0,-1.0,900,3,2,0,0
32.0,-1.0,10,5,6,0,0
32.0,-1.0,900,11,2,0,0
32.1667,-1.0,900,3,2,0,0
32.1667,-1.0,10,5,6,0,0
32.1667,-1.0,900,11,2,0,0
32.3333,-1.0,10,1,12,0,0
32.3333,35.0,100,9,2,0,0
32.5000,-1.0,900,3,2,0,0
32.5000,-1.0,900,9,2,0,0
32.5000,-1.0,900,11,2,0,0
32.6667,-1.0,900,3,2,0,0
32.6667,-1.0,10,5,4,0,0
32.6667,-1.0,900,9,2,0,0
32.6667,-1.0,900,11,2,0,0
32.8333,-1.0,900,3,2,0,0
32.8333,-1.0,10,5,4,0,0
32.8333,-1.0,900,9,2,0,0
32.8333,-1.0,900,11,2,0,0
33.0,-1.0,900,3,2,0,0
33.0,-1.0,10,5,3,0,0
33.0,-1.0,900,9,2,0,0
33.0,-1.0,900,11,2,0,0
33.0833,-1.0,10,8,1,0,0
33.1667,-1.0,900,3,2,0,0
33.1667,-1.0,900,9,2,0,0
33.1667,-1.0,900,11,2,0,0
33.2500,-1.0,10,7,2,0,0
33.3333,-1.0,900,3,2,0,0
33.3333,-1.0,10,5,2,0,0
33.3333,-1.0,900,9,2,0,0
33.3333,-1.0,900,11,2,0,0
33.4167,-1.0,10,7,2,0,0
33.5000,-1.0,900,3,2,0,0
33.5000,-1.0,10,5,2,0,0
33.5000,-1.0,900,9,2,0,0
33.5000,-1.0,900,11,2,0,0
33.6667,-1.0,10,1,12,0,0
33.6667,-1.0,900,11,2,0,0
33.8333,-1.0,900,9,2,0,0
33.8333,-1.0,900,11,2,0,0
34.0,-1.0,10,4,5,0,0
34.0,-1.0,900,9,2,0,0
34.0,-1.0,900,11,2,0,0
34.1667,-1.0,900,9,2,0,0
34.1667,-1.0,900,11,2,0,0
34.3333,-1.0,10,1,12,0,0
34.3333,37.0,100,1,2,0,0
34.3333,36.3333,100,7,2,0,0
34.5000,-1.0,900,1,2,0,0
34.5000,-1.0,900,7,2,0,0
34.5000,-1.0,900,9,2,0,0
34.6667,-1.0,900,1,2,0,0
34.6667,-1.0,10,3,4,0,0
34.6667,-1.0,900,7,2,0,0
34.6667,-1.0,900,9,2,0,0
34.8333,-1.0,900,1,2,0,0
34.8333,-1.0,10,3,4,0,0
34.8333,-1.0,900,7,2,0,0
34.8333,-1.0,900,9,2,0,0
35.0,-1.0,10,1,12,0,0
35.1667,-1.0,900,1,2,0,0
35.1667,-1.0,900,7,2,0,0
35.3333,-1.0,900,1,2,0,0
35.3333,-1.0,10,3,4,0,0
35.3333,-1.0,900,7,2,0,0
35.5000,-1.0,900,1,2,0,0
35.5000,-1.0,10,3,4,0,0
35.5000,-1.0,900,7,2,0,0
35.6667,-1.0,900,1,2,0,0
35.6667,-1.0,10,4,3,0,0
35.6667,-1.0,900,7,2,0,0
35.7500,-1.0,10,3,1,0,0
35.8333,-1.0,900,1,2,0,0
35.8333,-1.0,900,7,2,0,0
35.9167,-1.0,10,3,1,0,0
36.0,-1.0,900,1,2,0,0
36.0,-1.0,10,4,3,0,0
36.0,-1.0,900,7,2,0,0
36.1667,-1.0,900,1,2,0,0
36.1667,-1.0,10,3,4,0,0
36.1667,-1.0,900,7,2,0,0
36.3333,-1.0,10,1,12,0,0
36.3333,39.0,100,3,2,0,0
36.5000,-1.0,900,1,2,0,0
36.5000,-1.0,900,3,2,0,0
36.5833,-1.0,10,5,4,0,0
36.6667,-1.0,900,1,2,0,0
36.6667,-1.0,900,3,2,0,0
36.6667,-1.0,10,5,4,0,0
36.8333,-1.0,900,1,2,0,0
36.8333,-1.0,900,3,2,0,0
37.0,-1.0,10,1,12,0,0
37.0,39.0,100,11,2,0,0
37.1667,-1.0,900,3,2,0,0
37.1667,-1.0,900,11,2,0,0
37.3333,-1.0,900,3,2,0,0
37.3333,-1.0,10,5,6,0,0
37.3333,-1.0,900,11,2,0,0
37.5000,-1.0,900,3,2,0,0
37.5000,-1.0,10,5,6,0,0
37.5000,-1.0,900,11,2,0,0
37.6667,-1.0,10,1,12,0,0
37.6667,39.0,100,9,2,0,0
37.8333,-1.0,900,3,2,0,0
37.8333,-1.0,900,9,2,0,0
37.8333,-1.0,900,11,2,0,0
38.0,-1.0,900,3,2,0,0
38.0,-1.0,10,5,4,0,0
38.0,-1.0,900,9,2,0,0
38.0,-1.0,900,11,2,0,0
38.1667,-1.0,900,3,2,0,0
38.1667,-1.0,10,5,2,0,0
38.1667,-1.0,900,9,2,0,0
38.1667,-1.0,900,11,2,0,0
38.2500,-1.0,10,7,2,0,0
38.3333,-1.0,900,3,2,0,0
38.3333,-1.0,10,5,2,0,0
38.3333,-1.0,900,9,2,0,0
38.3333,-1.0,900,11,2,0,0
38.5000,-1.0,900,3,2,0,0
38.5000,-1.0,10,5,4,0,0
38.5000,-1.0,900,9,2,0,0
38.5000,-1.0,900,11,2,0,0
38.6667,-1.0,900,3,2,0,0
38.6667,-1.0,10,5,4,0,0
38.6667,-1.0,900,9,2,0,0
38.6667,-1.0,900,11,2,0,0
38.8333,-1.0,900,3,2,0,0
38.8333,-1.0,10,5,4,0,0
38.8333,-1.0,900,9,2,0,0
38.8333,-1.0,900,11,2,0,0
39.0,-1.0,10,7,2,0,0
39.0833,-1.0,10,5,2,0,0
39.1667,-1.0,10,7,2,0,0
39.2500,-1.0,10,5,2,0,0
39.3333,-1.0,20,1,3,0,0
39.3333,-1.0,20,10,3,0,0
39.4167,-1.0,10,8,2,0,0
39.5000,-1.0,10,6,2,0,0
39.5833,-1.0,10,4,2,0,0
39.6667,-1.0,10,1,3,0,0
39.6667,-1.0,10,10,3,0,0
39.7500,-1.0,10,8,2,0,0
39.8333,-1.0,10,6,2,0,0
39.9167,-1.0,10,4,2,0,0
40.0,-1.0,10,1,3,0,0
40.0,-1.0,10,8,2,0,0
40.0833,-1.0,10,4,2,0,0
40.1667,-1.0,10,6,2,0,0
40.2500,-1.0,10,8,2,0,0
40.3333,-1.0,10,1,3,0,0
40.3333,-1.0,10,10,3,0,0
40.4167,-1.0,10,4,2,0,0
40.5000,-1.0,10,6,2,0,0
40.5833,-1.0,10,8,2,0,0
40.6667,-1.0,10,4,2,0,0
40.6667,-1.0,10,10,3,0,0
40.7500,-1.0,10,8,2,0,0
40.8333,-1.0,10,6,2,0,0
40.9167,-1.0,10,8,2,0,0
41.0,-1.0,10,4,2,0,0
41.0,-1.0,10,10,3,0,0
41.0833,-1.0,10,8,2,0,0
41.1667,-1.0,10,6,2,0,0
41.2500,-1.0,10,8,2,0,0
41.3333,-1.0,10,1,3,0,0
41.3333,-1.0,10,10,3,0,0
41.4167,-1.0,10,4,2,0,0
41.5000,-1.0,10,6,2,0,0
41.5833,-1.0,10,4,2,0,0
41.6667,-1.0,10,1,3,0,0
41.6667,-1.0,10,8,2,0,0
41.7500,-1.0,10,4,2,0,0
41.8333,-1.0,10,6,2,0,0
41.9167,-1.0,10,4,2,0,0
42.0,-1.0,10,1,3,0,0
42.0,-1.0,10,8,2,0,0
42.0833,-1.0,10,4,2,0,0
42.1667,-1.0,10,6,2,0,0
42.2500,-1.0,10,8,2,0,0
42.3333,-1.0,10,1,3,0,0
42.3333,-1.0,10,10,3,0,0
42.4167,-1.0,10,4,2,0,0
42.5000,-1.0,10,6,2,0,0
42.5833,-1.0,10,8,2,0,0
42.6667,-1.0,10,4,2,0,0
42.6667,-1.0,10,10,3,0,0
42.7500,-1.0,10,8,2,0,0
42.8333,-1.0,10,6,2,0,0
42.9167,-1.0,10,4,2,0,0
43.0,-1.0,10,1,3,0,0
43.0,-1.0,10,10,3,0,0
43.0833,-1.0,10,8,2,0,0
43.1667,-1.0,10,6,2,0,0
43.2500,-1.0,10,4,2,0,0
43.3333,-1.0,10,1,3,0,0
43.3333,-1.0,10,8,2,0,0
43.4167,-1.0,10,4,2,0,0
43.5000,-1.0,10,6,2,0,0
43.5833,-1.0,10,4,2,0,0
43.6667,-1.0,10,1,3,0,0
43.6667,-1.0,10,8,2,0,0
43.7500,-1.0,10,4,2,0,0
43.8333,-1.0,10,6,2,0,0
43.9167,-1.0,10,4,2,0,0
44.0,-1.0,10,1,3,0,0
44.0,-1.0,10,10,3,0,0
44.0833,-1.0,10,8,2,0,0
44.1667,-1.0,10,6,2,0,0
44.2500,-1.0,10,8,2,0,0
44.3333,-1.0,10,4,2,0,0
44.3333,-1.0,10,10,3,0,0
44.4167,-1.0,10,8,2,0,0
44.5000,-1.0,10,6,2,0,0
44.5833,-1.0,10,8,2,0,0
44.6667,-1.0,20,4,2,0,0
44.6667,-1.0,20,10,3,0,0
44.7500,-1.0,10,8,2,0,0
44.8333,-1.0,10,6,2,0,0
44.9167,-1.0,10,4,2,0,0
45.0,-1.0,10,1,3,0,0
45.0,-1.0,10,9,3,0,0
45.0833,-1.0,10,4,2,0,0
45.1667,-1.0,10,6,2,0,0
45.2500,-1.0,10,8,2,0,0
45.3333,-1.0,10,2,3,0,0
45.3333,-1.0,10,10,3,0,0
45.4167,-1.0,10,8,2,0,0
45.5000,-1.0,10,6,2,0,0
45.5833,-1.0,10,4,2,0,0
45.6667,-1.0,10,1,3,0,0
45.6667,-1.0,10,9,3,0,0
45.7500,-1.0,10,4,2,0,0
45.8333,-1.0,10,6,2,0,0
45.9167,-1.0,10,8,2,0,0
46.0,-1.0,10,1,3,0,0
46.0,-1.0,10,10,3,0,0
46.0833,-1.0,10,4,2,0,0
46.1667,-1.0,10,6,2,0,0
46.2500,-1.0,10,4,2,0,0
46.3333,-1.0,10,1,3,0,0
46.3333,-1.0,10,10,3,0,0
46.4167,-1.0,10,8,2,0,0
46.5000,-1.0,10,6,2,0,0
46.5833,-1.0,10,8,2,0,0
46.6667,-1.0,10,1,3,0,0
46.6667,-1.0,10,10,3,0,0
46.7500,-1.0,10,4,2,0,0
46.8333,-1.0,10,6,2,0,0
46.9167,-1.0,10,4,2,0,0
47.0,-1.0,10,1,3,0,0
47.0,-1.0,10,10,3,0,0
47.0833,-1.0,10,8,2,0,0
47.1667,-1.0,10,6,2,0,0
47.2500,-1.0,10,8,2,0,0
47.3333,-1.0,10,1,3,0,0
47.3333,-1.0,10,10,3,0,0
47.4167,-1.0,10,4,2,0,0
47.5000,-1.0,10,6,2,0,0
47.5833,-1.0,10,8,2,0,0
47.6667,-1.0,10,2,3,0,0
47.6667,-1.0,10,10,3,0,0
47.7500,-1.0,10,8,2,0,0
47.8333,-1.0,10,6,2,0,0
47.9167,-1.0,10,4,2,0,0
48.0,-1.0,10,1,3,0,0
48.0,-1.0,10,9,3,0,0
48.0833,-1.0,10,4,2,0,0
48.1667,-1.0,10,6,2,0,0
48.2500,-1.0,10,8,2,0,0
48.3333,-1.0,10,2,3,0,0
48.3333,-1.0,10,10,3,0,0
48.4167,-1.0,10,8,2,0,0
48.5000,-1.0,10,6,2,0,0
48.5833,-1.0,10,4,2,0,0
48.6667,-1.0,10,1,3,0,0
48.6667,-1.0,10,10,3,0,0
48.7500,-1.0,10,4,2,0,0
48.8333,-1.0,10,6,2,0,0
48.9167,-1.0,10,4,2,0,0
48.9167,-1.0,10,8,2,0,0
49.0,-1.0,10,1,3,0,0
49.0,-1.0,10,10,3,0,0
49.0833,-1.0,10,8,2,0,0
49.1667,-1.0,10,6,2,0,0
49.2500,-1.0,10,4,2,0,0
49.2500,-1.0,10,8,2,0,0
49.3333,-1.0,20,1,3,0,0
49.3333,-1.0,20,10,3,0,0
49.3889,-1.0,10,4,2,0,0
49.4444,-1.0,10,6,2,0,0
49.5000,-1.0,10,10,3,0,0
49.5556,-1.0,10,8,2,0,0
49.6111,-1.0,10,6,2,0,0
49.6667,-1.0,10,1,3,0,0
49.7222,-1.0,10,4,2,0,0
49.7778,-1.0,10,6,2,0,0
49.8333,-1.0,10,10,3,0,0
49.8889,-1.0,10,8,2,0,0
49.9444,-1.0,10,6,2,0,0
50.0,-1.0,81,1,3,0,0
50.0,50.6667,101,1,3,0,0
50.1667,-1.0,900,1,3,0,0
50.3333,-1.0,900,1,3,0,0
50.3333,-1.0,10,4,3,0,0
50.5000,-1.0,900,1,3,0,0
50.5000,-1.0,10,5,3,0,0
50.6667,-1.0,10,7,3,0,0
50.7500,-1.0,10,4,3,0,0
50.8333,-1.0,10,7,3,0,0
51.0,-1.0,10,6,3,0,0
51.1667,-1.0,10,6,3,0,0
51.3333,-1.0,10,4,3,0,0
51.3333,-1.0,80,10,3,0,0
51.3333,52.0,100,10,3,0,0
51.5000,-1.0,10,4,3,0,0
51.5000,-1.0,900,10,3,0,0
51.6667,-1.0,10,7,3,0,0
51.6667,-1.0,900,10,3,0,0
51.8333,-1.0,10,6,3,0,0
51.8333,-1.0,900,10,3,0,0
52.0,-1.0,10,4,3,0,0
52.0833,-1.0,10,7,3,0,0
52.1667,-1.0,10,4,3,0,0
52.3333,-1.0,10,5,3,0,0
52.5000,-1.0,10,5,3,0,0
52.6667,-1.0,80,1,3,0,0
52.6667,53.3333,100,1,3,0,0
52.6667,-1.0,10,8,3,0,0
52.8333,-1.0,900,1,3,0,0
52.8333,-1.0,10,8,3,0,0
53.0,-1.0,900,1,3,0,0
53.0,-1.0,10,4,3,0,0
53.1667,-1.0,900,1,3,0,0
53.1667,-1.0,10,5,3,0,0
53.3333,-1.0,10,7,3,0,0
53.4167,-1.0,10,4,3,0,0
53.5000,-1.0,10,7,3,0,0
53.6667,-1.0,10,6,3,0,0
53.8333,-1.0,10,6,3,0,0
54.0,-1.0,10,4,3,0,0
54.0,-1.0,80,10,3,0,0
54.0,54.6667,100,10,3,0,0
54.1667,-1.0,10,4,3,0,0
54.1667,-1.0,900,10,3,0,0
54.3333,-1.0,10,7,3,0,0
54.3333,-1.0,900,10,3,0,0
54.5000,-1.0,10,6,3,0,0
54.5000,-1.0,900,10,3,0,0
54.6667,-1.0,10,4,3,0,0
54.7500,-1.0,10,7,3,0,0
54.8333,-1.0,10,4,3,0,0
55.0,-1.0,10,5,3,0,0
55.1667,-1.0,10,5,3,0,0
55.3333,-1.0,80,1,3,0,0
55.3333,56.0,100,1,3,0,0
55.3333,-1.0,20,4,3,0,0
55.3333,-1.0,10,7,3,0,0
55.5000,-1.0,900,1,3,0,0
55.5000,-1.0,10,7,3,0,0
55.6667,-1.0,900,1,3,0,0
55.6667,-1.0,10,4,3,0,0
55.6667,-1.0,10,8,3,0,0
55.8333,-1.0,900,1,3,0,0
55.8333,-1.0,10,5,3,0,0
56.0,-1.0,10,7,3,0,0
56.0833,-1.0,10,4,3,0,0
56.1667,-1.0,10,7,3,0,0
56.2500,-1.0,10,4,3,0,0
56.3333,-1.0,10,7,3,0,0
56.5000,-1.0,10,6,3,0,0
56.6667,-1.0,10,4,3,0,0
56.6667,-1.0,80,10,3,0,0
56.6667,57.3333,100,10,3,0,0
56.8333,-1.0,10,4,3,0,0
56.8333,-1.0,900,10,3,0,0
57.0,-1.0,10,3,3,0,0
57.0,-1.0,10,7,3,0,0
57.0,-1.0,900,10,3,0,0
57.1667,-1.0,10,6,3,0,0
57.1667,-1.0,900,10,3,0,0
57.3333,-1.0,10,4,3,0,0
57.4167,-1.0,10,7,3,0,0
57.5000,-1.0,10,4,3,0,0
57.5833,-1.0,10,7,3,0,0
57.6667,-1.0,10,4,3,0,0
57.8333,-1.0,10,5,3,0,0
58.0,-1.0,10,1,3,0,0
58.0,-1.0,10,7,6,0,0
58.3333,-1.0,10,1,6,0,0
58.3333,-1.0,10,8,5,0,0
58.5000,-1.0,10,2,6,0,0
58.5000,-1.0,10,9,4,0,0
58.6667,-1.0,10,1,2,0,0
58.6667,-1.0,10,4,6,0,0
58.6667,-1.0,10,11,2,0,0
58.8333,-1.0,10,2,6,0,0
58.8333,-1.0,10,9,4,0,0
59.0,-1.0,10,1,6,0,0
59.0,-1.0,10,8,5,0,0
59.1667,-1.0,10,1,5,0,0
59.1667,-1.0,10,7,6,0,0
59.3333,-1.0,10,1,4,0,0
59.3333,-1.0,10,6,6,0,0
59.5000,-1.0,10,1,5,0,0
59.5000,-1.0,10,7,6,0,0
59.6667,-1.0,10,1,6,0,0
59.6667,-1.0,10,8,5,0,0
59.8333,-1.0,10,2,6,0,0
59.8333,-1.0,10,9,4,0,0
60.0,-1.0,10,1,2,0,0
60.0,-1.0,10,4,6,0,0
60.0,-1.0,10,11,2,0,0
60.3333,-1.0,20,7,6,0,0
60.4167,-1.0,20,1,6,0,0
60.5000,-1.0,20,7,6,0,0
60.6667,-1.0,82,1,3,0,0
60.6667,61.0,110,1,3,0,0
60.6667,-1.0,20,6,3,0,0
60.8333,-1.0,900,1,3,0,0
61.0,-1.0,10,4,3,0,0
61.0,-1.0,10,7,3,0,0
61.1667,-1.0,10,6,3,0,0
61.3333,-1.0,10,4,3,0,0
61.3333,-1.0,82,10,3,0,0
61.3333,61.6667,110,10,3,0,0
61.4167,-1.0,10,7,3,0,0
61.5000,-1.0,10,4,3,0,0
61.5000,-1.0,900,10,3,0,0
61.6667,-1.0,10,3,3,0,0
61.6667,-1.0,10,7,3,0,0
61.8333,-1.0,10,5,3,0,0
62.0,-1.0,82,1,3,0,0
62.0,62.3333,110,1,3,0,0
62.0,-1.0,10,6,3,0,0
62.1667,-1.0,900,1,3,0,0
62.1667,-1.0,10,5,3,0,0
62.3333,-1.0,10,4,3,0,0
62.3333,-1.0,10,8,3,0,0
62.5000,-1.0,10,6,3,0,0
62.6667,-1.0,10,7,3,0,0
62.6667,-1.0,82,10,3,0,0
62.6667,63.0,110,10,3,0,0
62.7500,-1.0,10,4,3,0,0
62.8333,-1.0,10,7,3,0,0
62.8333,-1.0,900,10,3,0,0
63.0,-1.0,10,3,3,0,0
63.0,-1.0,10,7,3,0,0
63.1667,-1.0,10,5,3,0,0
63.3333,-1.0,82,1,3,0,0
63.3333,63.6667,110,1,3,0,0
63.3333,-1.0,10,4,3,0,0
63.5000,-1.0,900,1,3,0,0
63.5000,-1.0,10,5,3,0,0
63.6667,-1.0,10,4,3,0,0
63.6667,-1.0,10,8,3,0,0
63.8333,-1.0,10,6,3,0,0
64.0,-1.0,10,4,3,0,0
64.0,-1.0,82,10,3,0,0
64.0,64.3333,110,10,3,0,0
64.0833,-1.0,10,7,3,0,0
64.1667,-1.0,10,4,3,0,0
64.1667,-1.0,900,10,3,0,0
64.3333,-1.0,10,3,3,0,0
64.3333,-1.0,10,7,3,0,0
64.5000,-1.0,10,5,3,0,0
64.6667,-1.0,82,1,3,0,0
64.6667,65.0,110,1,3,0,0
64.6667,-1.0,10,8,3,0,0
64.8333,-1.0,900,1,3,0,0
64.8333,-1.0,10,5,3,0,0
65.0,-1.0,10,4,3,0,0
65.0,-1.0,10,8,3,0,0
65.1667,-1.0,10,6,3,0,0
65.3333,-1.0,10,7,3,0,0
65.3333,-1.0,82,10,3,0,0
65.3333,65.6667,110,10,3,0,0
65.4167,-1.0,10,4,3,0,0
65.5000,-1.0,10,7,3,0,0
65.5000,-1.0,900,10,3,0,0
65.6667,-1.0,10,3,3,0,0
65.8333,-1.0,10,6,3,0,0
66.0,-1.0,20,1,3,0,0
66.0,-1.0,82,10,3,0,0
66.0,66.3333,110,10,3,0,0
66.1667,-1.0,900,10,3,0,0
66.3333,-1.0,10,4,3,0,0
66.3333,-1.0,10,7,3,0,0
66.5000,-1.0,10,5,3,0,0
66.6667,-1.0,82,1,3,0,0
66.6667,67.0,110,1,3,0,0
66.6667,-1.0,10,7,3,0,0
66.7500,-1.0,10,4,3,0,0
66.8333,-1.0,900,1,3,0,0
66.8333,-1.0,10,7,3,0,0
67.0,-1.0,10,4,3,0,0
67.0,-1.0,10,8,3,0,0
67.1667,-1.0,10,6,3,0,0
67.3333,-1.0,10,4,3,0,0
67.3333,-1.0,82,10,3,0,0
67.3333,67.6667,110,10,3,0,0
67.5000,-1.0,10,6,3,0,0
67.5000,-1.0,900,10,3,0,0
67.6667,-1.0,10,3,3,0,0
67.6667,-1.0,10,7,3,0,0
67.8333,-1.0,10,6,3,0,0
68.0,-1.0,82,1,3,0,0
68.0,68.3333,110,1,3,0,0
68.0,-1.0,10,4,3,0,0
68.0833,-1.0,10,7,3,0,0
68.1667,-1.0,900,1,3,0,0
68.1667,-1.0,10,4,3,0,0
68.3333,-1.0,10,9,3,0,0
68.5000,-1.0,10,6,3,0,0
68.6667,-1.0,20,7,3,0,0
68.6667,-1.0,20,10,3,0,0
68.7500,-1.0,10,1,3,0,0
68.7500,-1.0,10,4,3,0,0
68.8333,-1.0,10,8,2,0,0
68.8333,-1.0,10,10,3,0,0
68.9167,-1.0,10,1,3,0,0
68.9167,-1.0,10,4,2,0,0
69.0,-1.0,10,9,2,0,0
69.0,-1.0,10,11,2,0,0
69.0833,-1.0,10,1,2,0,0
69.0833,-1.0,10,3,2,0,0
69.1667,-1.0,10,11,2,0,0
69.2500,-1.0,10,1,2,0,0
69.3333,-1.0,10,7,3,0,0
69.3333,-1.0,10,10,3,0,0
69.4167,-1.0,10,1,3,0,0
69.4167,-1.0,10,4,3,0,0
69.5000,-1.0,10,7,3,0,0
69.5000,-1.0,10,10,2,0,0
69.5833,-1.0,10,2,2,0,0
69.5833,-1.0,10,4,3,0,0
69.6667,-1.0,10,7,2,0,0
69.6667,-1.0,10,9,2,0,0
69.7500,-1.0,10,3,2,0,0
69.7500,-1.0,10,5,2,0,0
69.8333,-1.0,10,7,2,0,0
69.9167,-1.0,10,5,2,0,0
70.0,-1.0,80,1,3,0,0
70.0,70.0417,100,1,3,JumpScratch,5
70.0,-1.0,80,10,3,0,0
70.0,70.0417,100,10,3,JumpScratch,-5
70.0417,70.0833,100,3,3,JumpScratch,4
70.0417,70.0833,100,8,3,JumpScratch,-4
70.0833,70.6667,100,5,4,0,0
70.2500,-1.0,900,5,4,0,0
70.4167,-1.0,900,5,4,0,0
70.5833,-1.0,900,5,4,0,0
71.3333,-1.0,20,4,3,0,0
71.3333,-1.0,83,7,3,0,0
71.3333,72.0,110,7,3,0,0
71.5000,-1.0,900,7,3,0,0
71.6667,-1.0,10,1,3,0,0
71.6667,-1.0,900,7,3,0,0
71.8333,-1.0,900,7,3,0,0
72.0,-1.0,82,4,3,0,0
72.0,72.6667,110,4,3,0,0
72.1667,-1.0,900,4,3,0,0
72.3333,-1.0,900,4,3,0,0
72.3333,-1.0,10,10,3,0,0
72.5000,-1.0,900,4,3,0,0
72.6667,-1.0,82,7,3,0,0
72.6667,73.3333,110,7,3,0,0
72.8333,-1.0,900,7,3,0,0
73.0,-1.0,10,1,3,0,0
73.0,-1.0,900,7,3,0,0
73.1667,-1.0,900,7,3,0,0
73.3333,-1.0,82,4,3,0,0
73.3333,74.0,110,4,3,0,0
73.5000,-1.0,900,4,3,0,0
73.6667,-1.0,900,4,3,0,0
73.6667,-1.0,10,10,3,0,0
73.8333,-1.0,900,4,3,0,0
74.0,-1.0,82,7,3,0,0
74.0,74.6667,110,7,3,0,0
74.1667,-1.0,900,7,3,0,0
74.3333,-1.0,10,1,3,0,0
74.3333,-1.0,900,7,3,0,0
74.5000,-1.0,900,7,3,0,0
74.6667,-1.0,82,4,3,0,0
74.6667,75.3333,110,4,3,0,0
74.8333,-1.0,900,4,3,0,0
75.0,-1.0,900,4,3,0,0
75.0,-1.0,10,10,3,0,0
75.1667,-1.0,900,4,3,0,0
75.3333,-1.0,10,7,3,0,0
75.6667,-1.0,10,1,3,0,0
75.6667,-1.0,10,10,3,0,0
76.0,-1.0,10,4,3,0,0
76.0,-1.0,10,7,3,0,0
76.3333,-1.0,10,2,3,0,0
76.3333,-1.0,10,9,3,0,0
76.6667,-1.0,82,1,3,0,0
76.6667,77.3333,110,1,3,0,0
76.6667,-1.0,20,10,3,0,0
76.8333,-1.0,900,1,3,0,0
77.0,-1.0,900,1,3,0,0
77.0,-1.0,10,7,3,0,0
77.1667,-1.0,900,1,3,0,0
77.3333,-1.0,82,10,3,0,0
77.3333,78.0,110,10,3,0,0
77.5000,-1.0,900,10,3,0,0
77.6667,-1.0,10,4,3,0,0
77.6667,-1.0,900,10,3,0,0
77.8333,-1.0,900,10,3,0,0
78.0,-1.0,82,1,3,0,0
78.0,78.6667,110,1,3,0,0
78.1667,-1.0,900,1,3,0,0
78.3333,-1.0,900,1,3,0,0
78.3333,-1.0,10,7,3,0,0
78.5000,-1.0,900,1,3,0,0
78.6667,-1.0,82,10,3,0,0
78.6667,79.3333,110,10,3,0,0
78.8333,-1.0,900,10,3,0,0
79.0,-1.0,10,4,3,0,0
79.0,-1.0,900,10,3,0,0
79.1667,-1.0,900,10,3,0,0
79.3333,-1.0,82,1,3,0,0
79.3333,80.0,110,1,3,0,0
79.5000,-1.0,900,1,3,0,0
79.6667,-1.0,900,1,3,0,0
79.6667,-1.0,10,7,3,0,0
79.8333,-1.0,900,1,3,0,0
80.0,-1.0,82,10,3,0,0
80.0,80.6667,110,10,3,0,0
80.1667,-1.0,900,10,3,0,0
80.3333,-1.0,10,4,3,0,0
80.3333,-1.0,900,10,3,0,0
80.5000,-1.0,900,10,3,0,0
80.6667,-1.0,80,1,3,0,0
80.6667,80.7083,100,1,3,JumpScratch,6
80.7083,80.7500,100,4,3,JumpScratch,6
80.7500,81.0,100,7,3,0,0
80.9167,-1.0,900,7,3,0,0
81.0,-1.0,50,4,6,0,0
81.3333,-1.0,10,1,3,0,0
81.3333,-1.0,80,10,3,0,0
81.3333,81.3750,100,10,3,JumpScratch,-6
81.3750,81.4167,100,7,3,JumpScratch,-6
81.4167,81.6667,100,4,3,0,0
81.5833,-1.0,900,4,3,0,0
81.6667,-1.0,50,4,6,0,0
82.0,-1.0,82,4,3,0,0
82.0,82.6667,110,4,3,0,0
82.0,-1.0,20,7,3,0,0
82.1667,-1.0,900,4,3,0,0
82.3333,-1.0,900,4,3,0,0
82.3333,-1.0,10,10,3,0,0
82.5000,-1.0,900,4,3,0,0
82.6667,-1.0,82,7,3,0,0
82.6667,83.3333,110,7,3,0,0
82.8333,-1.0,900,7,3,0,0
83.0,-1.0,10,1,3,0,0
83.0,-1.0,900,7,3,0,0
83.1667,-1.0,10,2,3,0,0
83.1667,-1.0,900,7,3,0,0
83.3333,-1.0,82,4,3,0,0
83.3333,84.0,110,4,3,0,0
83.5000,-1.0,900,4,3,0,0
83.6667,-1.0,900,4,3,0,0
83.6667,-1.0,10,10,3,0,0
83.8333,-1.0,900,4,3,0,0
84.0,-1.0,82,7,3,0,0
84.0,84.6667,110,7,3,0,0
84.1667,-1.0,900,7,3,0,0
84.3333,-1.0,10,1,3,0,0
84.3333,-1.0,900,7,3,0,0
84.5000,-1.0,10,2,3,0,0
84.5000,-1.0,900,7,3,0,0
84.6667,-1.0,82,4,3,0,0
84.6667,85.3333,110,4,3,0,0
84.8333,-1.0,900,4,3,0,0
85.0,-1.0,900,4,3,0,0
85.0,-1.0,10,10,3,0,0
85.1667,-1.0,900,4,3,0,0
85.3333,-1.0,82,7,3,0,0
85.3333,86.0,110,7,3,0,0
85.5000,-1.0,900,7,3,0,0
85.6667,-1.0,10,1,3,0,0
85.6667,-1.0,900,7,3,0,0
85.8333,-1.0,10,2,3,0,0
85.8333,-1.0,900,7,3,0,0
86.0,-1.0,10,4,3,0,0
86.3333,-1.0,10,2,3,0,0
86.3333,-1.0,10,9,3,0,0
86.6667,-1.0,10,5,4,0,0
86.6667,-1.0,10,10,3,0,0
87.0,-1.0,10,1,3,0,0
87.0,-1.0,10,5,4,0,0
87.3333,-1.0,82,4,3,0,0
87.3333,88.0,110,4,3,0,0
87.3333,-1.0,20,7,3,0,0
87.5000,-1.0,900,4,3,0,0
87.6667,-1.0,900,4,3,0,0
87.6667,-1.0,10,10,3,0,0
87.8333,-1.0,900,4,3,0,0
88.0,-1.0,82,7,3,0,0
88.0,88.6667,110,7,3,0,0
88.1667,-1.0,900,7,3,0,0
88.3333,-1.0,10,1,3,0,0
88.3333,-1.0,900,7,3,0,0
88.5000,-1.0,10,2,3,0,0
88.5000,-1.0,900,7,3,0,0
88.6667,-1.0,10,4,3,0,0
89.0,-1.0,10,5,4,0,0
89.0,-1.0,10,10,3,0,0
89.3333,-1.0,10,1,3,0,0
89.3333,-1.0,10,5,4,0,0
89.5000,-1.0,10,2,3,0,0
89.6667,-1.0,10,5,4,0,0
89.6667,-1.0,10,10,3,0,0
89.8333,-1.0,10,9,3,0,0
90.0,-1.0,10,1,3,0,0
90.0,-1.0,80,5,4,0,0
90.0,90.0417,100,5,4,JumpScratch,6
90.0417,90.0833,100,7,4,JumpScratch,6
90.0833,90.6667,100,9,4,0,0
90.2500,-1.0,900,9,4,0,0
90.3333,-1.0,80,5,4,0,0
90.3333,90.3750,100,5,4,JumpScratch,-6
90.3750,90.4167,100,3,4,JumpScratch,-6
90.4167,91.0,100,1,4,0,0
90.4167,-1.0,900,9,4,0,0
90.5833,-1.0,900,1,4,0,0
90.5833,-1.0,900,9,4,0,0
90.7500,-1.0,900,1,4,0,0
90.9167,-1.0,900,1,4,0,0
91.3333,-1.0,50,5,4,0,0
92.0,-1.0,10,4,6,0,0
92.0,92.1667,100,4,3,0,0
92.0,92.1667,100,7,3,0,0
92.1667,92.3333,100,4,2,0,0
92.1667,92.3333,100,8,2,0,0
92.6667,-1.0,20,5,2,0,0
92.6667,-1.0,80,11,2,0,0
92.6667,92.7778,100,11,2,0,0
92.7778,-1.0,80,9,2,0,0
92.7778,92.8889,100,9,2,0,0
92.8889,-1.0,80,7,2,0,0
92.8889,93.0,100,7,2,0,0
93.0,-1.0,80,10,2,0,0
93.0,93.1111,100,10,2,0,0
93.1111,-1.0,80,9,2,0,0
93.1111,93.2222,100,9,2,0,0
93.2222,-1.0,80,8,2,0,0
93.2222,93.3333,100,8,2,0,0
93.3333,-1.0,80,10,2,0,0
93.3333,93.4444,100,10,2,0,0
93.4444,-1.0,80,8,2,0,0
93.4444,93.5556,100,8,2,0,0
93.5556,-1.0,80,6,2,0,0
93.5556,93.6667,100,6,2,0,0
93.6667,-1.0,80,9,2,0,0
93.6667,93.7778,100,9,2,0,0
93.7778,-1.0,80,8,2,0,0
93.7778,93.8889,100,8,2,0,0
93.8889,-1.0,80,7,2,0,0
93.8889,94.0,100,7,2,0,0
94.0,-1.0,80,9,2,0,0
94.0,94.1111,100,9,2,0,0
94.1111,-1.0,80,7,2,0,0
94.1111,94.2222,100,7,2,0,0
94.2222,-1.0,80,5,2,0,0
94.2222,94.3333,100,5,2,0,0
94.3333,-1.0,80,8,2,0,0
94.3333,94.4444,100,8,2,0,0
94.4444,-1.0,80,7,2,0,0
94.4444,94.5556,100,7,2,0,0
94.5556,-1.0,80,6,2,0,0
94.5556,94.6667,100,6,2,0,0
94.6667,-1.0,80,8,2,0,0
94.6667,94.7778,100,8,2,0,0
94.7778,-1.0,80,6,2,0,0
94.7778,94.8889,100,6,2,0,0
94.8889,-1.0,80,4,2,0,0
94.8889,95.0,100,4,2,0,0
95.0,-1.0,80,7,2,0,0
95.0,95.1111,100,7,2,0,0
95.1111,-1.0,80,6,2,0,0
95.1111,95.2222,100,6,2,0,0
95.2222,-1.0,80,5,2,0,0
95.2222,95.3333,100,5,2,0,0
95.3333,-1.0,80,7,2,0,0
95.3333,95.4444,100,7,2,0,0
95.4444,-1.0,80,5,2,0,0
95.4444,95.5556,100,5,2,0,0
95.5556,-1.0,80,3,2,0,0
95.5556,95.6667,100,3,2,0,0
95.6667,-1.0,80,6,2,0,0
95.6667,95.7778,100,6,2,0,0
95.7778,-1.0,80,5,2,0,0
95.7778,95.8889,100,5,2,0,0
95.8889,-1.0,80,4,2,0,0
95.8889,96.0,100,4,2,0,0
96.0,-1.0,80,6,2,0,0
96.0,96.1111,100,6,2,0,0
96.1111,-1.0,80,4,2,0,0
96.1111,96.2222,100,4,2,0,0
96.2222,-1.0,80,2,2,0,0
96.2222,96.3333,100,2,2,0,0
96.3333,-1.0,80,5,2,0,0
96.3333,96.4444,100,5,2,0,0
96.4444,-1.0,80,4,2,0,0
96.4444,96.5556,100,4,2,0,0
96.5556,-1.0,80,3,2,0,0
96.5556,96.6667,100,3,2,0,0
96.6667,-1.0,80,5,2,0,0
96.6667,96.7778,100,5,2,0,0
96.7778,-1.0,80,3,2,0,0
96.7778,96.8889,100,3,2,0,0
96.8889,-1.0,80,1,2,0,0
96.8889,97.0,100,1,2,0,0
97.0,-1.0,80,4,2,0,0
97.0,97.1111,100,4,2,0,0
97.1111,-1.0,80,3,2,0,0
97.1111,97.2222,100,3,2,0,0
97.2222,-1.0,80,2,2,0,0
97.2222,97.3333,100,2,2,0,0
97.3333,-1.0,80,5,2,0,0
97.3333,97.4444,100,5,2,0,0
97.4444,-1.0,80,3,2,0,0
97.4444,97.5556,100,3,2,0,0
97.5556,-1.0,80,1,2,0,0
97.5556,97.6667,100,1,2,0,0
97.6667,-1.0,80,4,2,0,0
97.6667,97.7778,100,4,2,0,0
97.7778,-1.0,80,3,2,0,0
97.7778,97.8889,100,3,2,0,0
97.8889,-1.0,80,2,2,0,0
97.8889,98.0,100,2,2,0,0
98.0,-1.0,80,11,2,0,0
98.0,98.0833,100,11,2,0,0
98.0833,-1.0,80,10,1,0,0
98.0833,98.1667,100,10,1,0,0
98.1667,-1.0,80,8,2,0,0
98.1667,98.2500,100,8,2,0,0
98.2500,-1.0,80,7,1,0,0
98.2500,98.3333,100,7,1,0,0
98.3333,-1.0,80,11,2,0,0
98.3333,98.4167,100,11,2,0,0
98.4167,-1.0,80,9,2,0,0
98.4167,98.5000,100,9,2,0,0
98.5000,-1.0,80,7,2,0,0
98.5000,98.5833,100,7,2,0,0
98.5833,-1.0,80,6,1,0,0
98.5833,98.6667,100,6,1,0,0
98.6667,-1.0,80,11,2,0,0
98.6667,98.7500,100,11,2,0,0
98.7500,-1.0,80,9,2,0,0
98.7500,98.8333,100,9,2,0,0
98.8333,-1.0,80,7,2,0,0
98.8333,98.9167,100,7,2,0,0
98.9167,-1.0,80,5,2,0,0
98.9167,99.0,100,5,2,0,0
99.0,-1.0,80,11,2,0,0
99.0,99.0833,100,11,2,0,0
99.0833,-1.0,80,9,2,0,0
99.0833,99.1667,100,9,2,0,0
99.1667,-1.0,80,7,2,0,0
99.1667,99.2500,100,7,2,0,0
99.2500,-1.0,80,4,3,0,0
99.2500,99.3333,100,4,3,0,0
99.3333,-1.0,80,11,2,0,0
99.3333,99.4167,100,11,2,0,0
99.4167,-1.0,80,9,2,0,0
99.4167,99.5000,100,9,2,0,0
99.5000,-1.0,80,6,3,0,0
99.5000,99.5833,100,6,3,0,0
99.5833,-1.0,80,3,3,0,0
99.5833,99.6667,100,3,3,0,0
99.6667,-1.0,80,11,2,0,0
99.6667,99.7500,100,11,2,0,0
99.7500,-1.0,80,8,3,0,0
99.7500,99.8333,100,8,3,0,0
99.8333,-1.0,80,5,3,0,0
99.8333,99.9167,100,5,3,0,0
99.9167,-1.0,80,2,3,0,0
99.9167,100.0,100,2,3,0,0
100.0,-1.0,80,9,3,0,0
100.0,100.0833,100,9,3,0,0
100.0833,-1.0,80,6,3,0,0
100.0833,100.1667,100,6,3,0,0
100.1667,-1.0,80,3,3,0,0
100.1667,100.2500,100,3,3,0,0
100.2500,-1.0,80,1,2,0,0
100.2500,100.3333,100,1,2,0,0
100.3333,-1.0,80,8,3,0,0
100.3333,100.4167,100,8,3,0,0
100.4167,-1.0,80,5,3,0,0
100.4167,100.5000,100,5,3,0,0
100.5000,-1.0,80,3,2,0,0
100.5000,100.5833,100,3,2,0,0
100.5833,-1.0,80,1,2,0,0
100.5833,100.6667,100,1,2,0,0
100.6667,-1.0,80,7,3,0,0
100.6667,100.7500,100,7,3,0,0
100.7500,-1.0,80,5,2,0,0
100.7500,100.8333,100,5,2,0,0
100.8333,-1.0,80,3,2,0,0
100.8333,100.9167,100,3,2,0,0
100.9167,-1.0,80,1,2,0,0
100.9167,101.0,100,1,2,0,0
101.0,-1.0,80,7,2,0,0
101.0,101.0833,100,7,2,0,0
101.0833,-1.0,80,5,2,0,0
101.0833,101.1667,100,5,2,0,0
101.1667,-1.0,80,3,2,0,0
101.1667,101.2500,100,3,2,0,0
101.2500,-1.0,80,1,2,0,0
101.2500,101.3333,100,1,2,0,0
101.3333,-1.0,80,6,2,0,0
101.3333,101.4167,100,6,2,0,0
101.4167,-1.0,80,5,1,0,0
101.4167,101.5000,100,5,1,0,0
101.5000,-1.0,80,3,2,0,0
101.5000,101.5833,100,3,2,0,0
101.5833,-1.0,80,1,2,0,0
101.5833,101.6667,100,1,2,0,0
101.6667,-1.0,80,5,2,0,0
101.6667,101.7500,100,5,2,0,0
101.7500,-1.0,80,4,1,0,0
101.7500,101.8333,100,4,1,0,0
101.8333,-1.0,80,2,2,0,0
101.8333,101.9167,100,2,2,0,0
101.9167,-1.0,80,1,1,0,0
101.9167,102.0,100,1,1,0,0
102.0,-1.0,20,11,2,0,0
102.6667,-1.0,80,1,3,0,0
102.6667,102.7083,100,1,3,JumpScratch,5
102.6667,-1.0,80,10,3,0,0
102.6667,102.7083,100,10,3,JumpScratch,-5
102.7083,102.7500,100,3,3,JumpScratch,4
102.7083,102.7500,100,8,3,JumpScratch,-4
102.7500,103.0833,100,5,2,0,0
102.7500,103.0833,100,7,2,0,0
102.9167,-1.0,900,5,2,0,0
102.9167,-1.0,900,7,2,0,0
103.0,-1.0,80,2,3,0,0
103.0,103.0417,100,2,3,JumpScratch,4
103.0,-1.0,80,9,3,0,0
103.0,103.0417,100,9,3,JumpScratch,-4
103.0417,103.0833,100,3,3,JumpScratch,4
103.0417,103.0833,100,8,3,JumpScratch,-4
103.0833,103.3333,110,5,2,JumpScratch,-4
103.0833,103.3333,110,7,2,JumpScratch,4
103.2500,-1.0,900,5,2,0,0
103.2500,-1.0,900,7,2,0,0
103.3333,103.3750,110,3,3,JumpScratch,-4
103.3333,103.3750,110,8,3,JumpScratch,4
103.3750,103.4167,110,2,3,JumpScratch,-4
103.3750,103.4167,110,9,3,JumpScratch,4
103.6667,-1.0,10,2,5,0,0
103.6667,-1.0,10,7,5,0,0
104.0,-1.0,20,7,3,0,0
104.0,-1.0,20,10,3,0,0
104.0833,-1.0,20,1,3,0,0
104.0833,-1.0,20,4,3,0,0
104.1667,-1.0,20,7,3,0,0
104.1667,-1.0,20,10,3,0,0
104.2500,-1.0,20,1,3,0,0
104.2500,-1.0,20,4,3,0,0
104.3333,-1.0,20,7,3,0,0
104.3333,-1.0,20,10,3,0,0
104.6667,-1.0,20,3,3,0,0
104.6667,-1.0,20,8,3,0,0
104.8333,-1.0,10,10,3,0,0
104.9167,-1.0,10,3,3,0,0
105.0,-1.0,20,5,4,0,0
105.1667,-1.0,10,1,3,0,0
105.2500,-1.0,10,8,3,0,0
105.3333,-1.0,20,5,4,0,0
105.5000,-1.0,10,10,3,0,0
105.5833,-1.0,10,3,3,0,0
105.6667,-1.0,20,5,4,0,0
105.8333,-1.0,10,1,3,0,0
105.9167,-1.0,10,8,3,0,0
106.0,-1.0,20,4,6,0,0
106.2500,-1.0,10,10,3,0,0
106.3333,-1.0,20,4,6,0,0
106.5000,-1.0,20,3,3,0,0
106.5000,-1.0,10,6,2,0,0
106.5000,-1.0,20,8,3,0,0
106.6667,-1.0,10,1,6,0,0
106.6667,-1.0,20,11,2,0,0
106.7083,-1.0,20,8,3,0,0
106.7500,-1.0,20,6,3,0,0
106.7917,-1.0,20,4,3,0,0
106.8333,-1.0,20,1,3,0,0
107.0,-1.0,20,1,2,0,0
107.0,-1.0,10,7,6,0,0
107.0417,-1.0,20,3,3,0,0
107.0833,-1.0,20,5,3,0,0
107.1250,-1.0,20,7,3,0,0
107.1667,-1.0,20,10,3,0,0
107.3333,-1.0,20,3,3,0,0
107.3333,-1.0,10,6,2,0,0
107.3333,-1.0,20,8,3,0,0
107.5000,-1.0,10,10,3,0,0
107.5833,-1.0,10,7,3,0,0
107.6667,-1.0,20,1,3,0,0
107.6667,-1.0,20,4,3,0,0
107.7500,-1.0,10,7,3,0,0
107.7500,-1.0,10,10,3,0,0
107.8333,-1.0,10,1,3,0,0
107.8333,-1.0,10,4,3,0,0
107.9167,-1.0,10,7,3,0,0
107.9167,-1.0,10,10,3,0,0
108.0,-1.0,20,1,3,0,0
108.0,-1.0,20,4,3,0,0
108.1667,-1.0,20,1,2,0,0
108.1667,-1.0,10,7,6,0,0
108.2083,-1.0,20,3,3,0,0
108.2500,-1.0,20,5,3,0,0
108.2917,-1.0,20,7,3,0,0
108.3333,-1.0,20,10,3,0,0
108.5000,-1.0,20,3,4,0,0
108.5000,-1.0,20,7,4,0,0
108.6667,-1.0,10,1,6,0,0
108.6667,-1.0,20,11,2,0,0
108.7083,-1.0,20,8,3,0,0
108.7500,-1.0,20,6,3,0,0
108.7917,-1.0,20,4,3,0,0
108.8333,-1.0,20,1,3,0,0
109.0,-1.0,20,4,3,0,0
109.0,-1.0,20,7,3,0,0
109.1667,-1.0,20,3,3,0,0
109.1667,-1.0,10,6,2,0,0
109.1667,-1.0,20,8,3,0,0
109.3333,-1.0,20,1,3,0,0
109.3333,-1.0,20,4,3,0,0
109.3333,-1.0,10,10,3,0,0
109.4167,-1.0,10,7,3,0,0
109.5000,-1.0,10,10,3,0,0
109.6667,-1.0,10,1,3,0,0
109.6667,-1.0,20,7,3,0,0
109.6667,-1.0,20,10,3,0,0
109.7500,-1.0,10,4,3,0,0
109.8333,-1.0,10,1,3,0,0
110.0,-1.0,10,1,3,0,0
110.0,-1.0,20,4,3,0,0
110.0,-1.0,20,7,3,0,0
110.0,-1.0,10,10,3,0,0
110.1667,-1.0,10,2,3,0,0
110.1667,-1.0,20,5,4,0,0
110.1667,-1.0,10,9,3,0,0
110.3333,-1.0,20,3,4,0,0
110.5000,-1.0,10,10,3,0,0
110.5833,-1.0,10,3,3,0,0
110.6667,-1.0,20,5,4,0,0
110.8333,-1.0,10,1,3,0,0
110.9167,-1.0,10,8,3,0,0
111.0,-1.0,20,5,4,0,0
111.1667,-1.0,10,7,4,0,0
111.3333,-1.0,20,1,2,0,0
111.3333,-1.0,20,11,2,0,0
111.3750,-1.0,20,3,3,0,0
111.4167,-1.0,20,5,3,0,0
111.4583,-1.0,20,7,3,0,0
111.5000,-1.0,20,10,3,0,0
111.5417,-1.0,20,7,3,0,0
111.5833,-1.0,20,5,3,0,0
111.6250,-1.0,20,3,3,0,0
111.6667,-1.0,20,1,2,0,0
111.6667,-1.0,20,11,2,0,0
111.8333,-1.0,10,5,6,0,0
112.0,-1.0,20,1,3,0,0
112.0,-1.0,20,10,3,0,0
112.1667,-1.0,10,3,6,0,0
112.3333,-1.0,20,1,2,0,0
112.3333,-1.0,20,11,2,0,0
112.3750,-1.0,20,8,3,0,0
112.4167,-1.0,20,6,3,0,0
112.4583,-1.0,20,4,3,0,0
112.5000,-1.0,20,1,3,0,0
112.5417,-1.0,20,4,3,0,0
112.5833,-1.0,20,6,3,0,0
112.6250,-1.0,20,8,3,0,0
112.6667,-1.0,20,1,2,0,0
112.6667,-1.0,20,11,2,0,0
112.8333,-1.0,10,10,3,0,0
112.9167,-1.0,10,3,3,0,0
113.0,-1.0,20,5,4,0,0
113.1667,-1.0,10,1,3,0,0
113.2500,-1.0,10,8,3,0,0
113.3333,-1.0,20,5,4,0,0
113.5000,-1.0,10,10,3,0,0
113.5833,-1.0,10,3,3,0,0
113.6667,-1.0,20,5,4,0,0
113.8333,-1.0,10,1,3,0,0
113.9167,-1.0,10,8,3,0,0
114.0,-1.0,20,4,6,0,0
114.3333,-1.0,20,2,3,0,0
114.3333,-1.0,20,9,3,0,0
114.6667,-1.0,80,4,6,0,0
114.6667,114.7083,100,4,6,0,0
114.7083,115.0,100,5,4,0,0
114.8889,-1.0,900,5,4,0,0
115.0,-1.0,83,1,4,0,0
115.0,115.0417,110,1,4,0,0
115.0,-1.0,83,9,4,0,0
115.0,115.0417,110,9,4,0,0
115.3333,-1.0,20,1,5,0,0
115.3333,-1.0,20,8,5,0,0
115.5000,-1.0,10,10,3,0,0
115.5833,-1.0,10,5,3,0,0
115.6667,-1.0,20,1,5,0,0
115.6667,-1.0,20,7,3,0,0
115.8333,-1.0,10,1,3,0,0
115.9167,-1.0,10,6,3,0,0
116.0,-1.0,20,4,3,0,0
116.0,-1.0,20,8,5,0,0
116.1667,-1.0,20,10,3,0,0
116.2083,-1.0,10,7,3,0,0
116.2500,-1.0,10,4,3,0,0
116.2917,-1.0,10,1,3,0,0
116.3333,-1.0,10,10,3,0,0
116.4167,-1.0,10,5,4,0,0
116.5000,-1.0,10,1,3,0,0
116.5833,-1.0,10,5,4,0,0
116.6667,-1.0,20,10,3,0,0
116.7083,-1.0,10,7,3,0,0
116.7500,-1.0,10,4,3,0,0
116.7917,-1.0,10,1,3,0,0
116.8333,-1.0,10,10,3,0,0
116.9167,-1.0,10,4,3,0,0
117.0,-1.0,10,7,3,0,0
117.0833,-1.0,10,1,3,0,0
117.1667,-1.0,20,10,3,0,0
117.2083,-1.0,10,7,3,0,0
117.2500,-1.0,10,4,3,0,0
117.2917,-1.0,10,1,3,0,0
117.3333,-1.0,10,10,3,0,0
117.5000,-1.0,10,4,3,0,0
117.5000,-1.0,10,7,3,0,0
117.6667,-1.0,10,1,3,0,0
117.6667,-1.0,10,10,3,0,0
117.7500,-1.0,10,4,3,0,0
117.7500,-1.0,10,7,3,0,0
117.8333,-1.0,20,2,3,0,0
117.8333,-1.0,20,9,3,0,0
118.0,-1.0,20,1,3,0,0
118.0417,-1.0,10,4,3,0,0
118.0833,-1.0,10,7,3,0,0
118.1250,-1.0,10,10,3,0,0
118.1667,-1.0,10,1,3,0,0
118.2083,-1.0,10,4,3,0,0
118.2500,-1.0,10,7,3,0,0
118.2917,-1.0,10,10,3,0,0
118.3333,-1.0,10,1,3,0,0
118.3750,-1.0,10,7,3,0,0
118.4167,-1.0,10,4,3,0,0
118.4583,-1.0,10,10,3,0,0
118.5000,-1.0,10,1,3,0,0
118.5417,-1.0,10,7,3,0,0
118.5833,-1.0,10,4,3,0,0
118.6250,-1.0,10,10,3,0,0
118.6667,-1.0,20,1,3,0,0
118.7222,-1.0,10,7,3,0,0
118.7778,-1.0,10,3,3,0,0
118.8333,-1.0,10,9,3,0,0
118.8889,-1.0,10,5,3,0,0
118.9444,-1.0,10,11,2,0,0
119.0,-1.0,10,7,3,0,0
119.1667,-1.0,10,2,3,0,0
119.1667,-1.0,10,5,4,0,0
119.1667,-1.0,10,9,3,0,0
119.3333,-1.0,20,1,3,0,0
119.3333,-1.0,20,10,3,0,0
119.4167,-1.0,10,5,3,0,0
119.5000,-1.0,20,8,3,0,0
119.5833,-1.0,10,5,3,0,0
119.6667,-1.0,20,1,3,0,0
119.6667,-1.0,20,10,3,0,0
119.7500,-1.0,10,6,3,0,0
119.8333,-1.0,20,3,3,0,0
119.9167,-1.0,10,6,3,0,0
120.0,-1.0,20,1,3,0,0
120.0,-1.0,20,10,3,0,0
120.1667,-1.0,20,10,3,0,0
120.2083,-1.0,10,1,3,0,0
120.2500,-1.0,10,7,3,0,0
120.2917,-1.0,10,4,3,0,0
120.3333,-1.0,10,10,3,0,0
120.5000,-1.0,10,4,3,0,0
120.5000,-1.0,10,7,3,0,0
120.6667,-1.0,20,1,3,0,0
120.6667,-1.0,20,4,2,0,0
120.6667,-1.0,20,6,2,0,0
120.6667,-1.0,20,8,2,0,0
120.6667,-1.0,20,10,3,0,0
120.8333,-1.0,20,1,3,0,0
120.8333,-1.0,20,4,2,0,0
120.8333,-1.0,20,6,2,0,0
120.8333,-1.0,20,8,2,0,0
120.8333,-1.0,20,10,3,0,0
121.0,-1.0,20,1,3,0,0
121.0,-1.0,20,4,2,0,0
121.0,-1.0,20,6,2,0,0
121.0,-1.0,20,8,2,0,0
121.0,-1.0,20,10,3,0,0
121.1667,-1.0,20,1,3,0,0
121.1667,-1.0,20,4,2,0,0
121.1667,-1.0,20,6,2,0,0
121.1667,-1.0,20,8,2,0,0
121.1667,-1.0,20,10,3,0,0
121.3333,-1.0,20,1,3,0,0
121.3333,-1.0,20,4,2,0,0
121.3333,-1.0,20,6,2,0,0
121.3333,-1.0,20,8,2,0,0
121.3333,-1.0,20,10,3,0,0
121.5000,-1.0,20,1,3,0,0
121.5000,-1.0,20,4,2,0,0
121.5000,-1.0,20,6,2,0,0
121.5000,-1.0,20,8,2,0,0
121.5000,-1.0,20,10,3,0,0
121.6667,-1.0,20,1,3,0,0
121.6667,-1.0,20,4,2,0,0
121.6667,-1.0,20,6,2,0,0
121.6667,-1.0,20,8,2,0,0
121.6667,-1.0,20,10,3,0,0
121.8333,-1.0,10,3,3,0,0
121.8333,-1.0,10,8,3,0,0
122.0,-1.0,20,10,3,0,0
122.0417,-1.0,10,7,3,0,0
122.0833,-1.0,10,4,3,0,0
122.1250,-1.0,10,1,3,0,0
122.1667,-1.0,10,9,3,0,0
122.2500,-1.0,10,3,3,0,0
122.2500,-1.0,10,6,3,0,0
122.3333,-1.0,10,9,3,0,0
122.4167,-1.0,10,3,3,0,0
122.4167,-1.0,10,6,3,0,0
122.5000,-1.0,20,10,3,0,0
122.5417,-1.0,10,7,3,0,0
122.5833,-1.0,10,4,3,0,0
122.6250,-1.0,10,1,3,0,0
122.6667,-1.0,10,9,3,0,0
122.7500,-1.0,10,3,3,0,0
122.7500,-1.0,10,6,3,0,0
122.8333,-1.0,10,10,3,0,0
122.9167,-1.0,10,1,3,0,0
122.9167,-1.0,10,4,3,0,0
123.0,-1.0,10,7,3,0,0
123.0,-1.0,10,10,3,0,0
123.1667,-1.0,10,4,3,0,0
123.1667,-1.0,10,7,3,0,0
123.3333,-1.0,20,1,3,0,0
123.3333,-1.0,20,4,2,0,0
123.3333,-1.0,20,6,2,0,0
123.3333,-1.0,20,8,2,0,0
123.3333,-1.0,20,10,3,0,0
123.5000,-1.0,20,1,3,0,0
123.5000,-1.0,20,4,2,0,0
123.5000,-1.0,20,6,2,0,0
123.5000,-1.0,20,8,2,0,0
123.5000,-1.0,20,10,3,0,0
123.6667,-1.0,20,1,3,0,0
123.6667,-1.0,20,4,2,0,0
123.6667,-1.0,20,6,2,0,0
123.6667,-1.0,20,8,2,0,0
123.6667,-1.0,20,10,3,0,0
123.8333,-1.0,10,7,3,0,0
123.8333,-1.0,10,10,3,0,0
123.9167,-1.0,10,1,3,0,0
123.9167,-1.0,10,4,3,0,0
124.0,-1.0,20,4,3,0,0
124.0,-1.0,20,7,3,0,0
124.1667,-1.0,10,1,3,0,0
124.1667,-1.0,10,4,3,0,0
124.2500,-1.0,10,7,3,0,0
124.2500,-1.0,10,10,3,0,0
124.3333,-1.0,20,4,3,0,0
124.3333,-1.0,20,7,3,0,0
124.5000,-1.0,10,7,3,0,0
124.5000,-1.0,10,10,3,0,0
124.5833,-1.0,10,1,3,0,0
124.5833,-1.0,10,4,3,0,0
124.6667,-1.0,20,4,3,0,0
124.6667,-1.0,20,7,3,0,0
124.8333,-1.0,10,4,3,0,0
124.8333,-1.0,10,7,3,0,0
125.0,-1.0,20,10,3,0,0
125.0417,-1.0,10,7,3,0,0
125.0833,-1.0,10,4,3,0,0
125.1250,-1.0,10,1,3,0,0
125.1667,-1.0,10,10,3,0,0
125.2500,-1.0,10,5,4,0,0
125.3333,-1.0,20,1,3,0,0
125.3750,-1.0,10,4,3,0,0
125.4167,-1.0,10,7,3,0,0
125.4583,-1.0,10,10,3,0,0
125.5000,-1.0,10,1,3,0,0
125.6667,-1.0,20,1,3,0,0
125.6667,-1.0,20,4,3,0,0
125.6667,-1.0,20,7,3,0,0
125.6667,-1.0,20,10,3,0,0
126.0,-1.0,20,3,4,0,0
126.0,-1.0,20,7,4,0,0
126.3333,-1.0,82,4,3,0,0
126.3333,127.0,110,4,3,0,0
126.3333,-1.0,82,7,3,0,0
126.3333,127.0,110,7,3,0,0
126.5000,-1.0,900,4,3,0,0
126.5000,-1.0,900,7,3,0,0
126.6667,-1.0,82,1,3,0,0
126.6667,127.0,110,1,3,0,0
126.6667,-1.0,900,4,3,0,0
126.6667,-1.0,900,7,3,0,0
126.6667,-1.0,82,10,3,0,0
126.6667,127.0,110,10,3,0,0
126.8333,-1.0,900,1,3,0,0
126.8333,-1.0,900,4,3,0,0
126.8333,-1.0,900,7,3,0,0
126.8333,-1.0,900,10,3,0,0
127.3333,-1.0,10,3,4,0,0
127.3333,-1.0,10,7,4,0,0
127.6667,-1.0,82,1,3,0,0
127.6667,128.3333,110,1,3,0,0
127.6667,-1.0,82,10,3,0,0
127.6667,128.3333,110,10,3,0,0
127.8333,-1.0,900,1,3,0,0
127.8333,-1.0,900,10,3,0,0
128.0,-1.0,900,1,3,0,0
128.0,-1.0,82,4,3,0,0
128.0,128.3333,110,4,3,0,0
128.0,-1.0,82,7,3,0,0
128.0,128.3333,110,7,3,0,0
128.0,-1.0,900,10,3,0,0
128.1667,-1.0,900,1,3,0,0
128.1667,-1.0,900,4,3,0,0
128.1667,-1.0,900,7,3,0,0
128.1667,-1.0,900,10,3,0,0
128.6667,-1.0,10,3,4,0,0
128.6667,-1.0,10,7,4,0,0
129.0,-1.0,10,4,3,0,0
129.0,-1.0,10,7,3,0,0
129.3333,-1.0,82,1,3,0,0
129.3333,130.0,110,1,3,0,0
129.3333,-1.0,82,10,3,0,0
129.3333,130.0,110,10,3,0,0
129.5000,-1.0,900,1,3,0,0
129.5000,-1.0,900,10,3,0,0
129.6667,-1.0,900,1,3,0,0
129.6667,-1.0,80,4,3,0,0
129.6667,129.7083,100,4,3,JumpScratch,-4
129.6667,-1.0,80,7,3,0,0
129.6667,129.7083,100,7,3,JumpScratch,4
129.6667,-1.0,900,10,3,0,0
129.7083,129.7500,100,3,3,JumpScratch,-4
129.7083,129.7500,100,8,3,JumpScratch,4
129.7500,129.7917,100,2,3,JumpScratch,-4
129.7500,129.7917,100,9,3,JumpScratch,4
129.8333,-1.0,900,1,3,0,0
129.8333,-1.0,900,10,3,0,0
130.3333,-1.0,10,3,3,0,0
130.3333,-1.0,10,8,3,0,0
130.6667,-1.0,80,5,4,0,0
130.6667,131.0,100,5,4,0,0
130.8333,-1.0,900,5,4,0,0
131.3333,-1.0,20,7,3,0,0
131.3333,-1.0,50,10,3,0,0
131.4167,-1.0,50,1,3,0,0
131.4167,-1.0,10,4,3,0,0
131.5000,-1.0,20,7,3,0,0
131.5000,-1.0,50,10,3,0,0
131.5833,-1.0,50,1,3,0,0
131.5833,-1.0,10,4,3,0,0
131.6667,-1.0,20,7,3,0,0
131.6667,-1.0,50,10,3,0,0
131.7500,-1.0,50,1,3,0,0
131.7500,-1.0,10,4,3,0,0
131.8333,-1.0,20,7,3,0,0
131.8333,-1.0,50,10,3,0,0
131.9167,-1.0,50,1,3,0,0
131.9167,-1.0,10,4,3,0,0
132.0,-1.0,20,7,4,0,0
132.0,-1.0,50,11,2,0,0
132.0833,-1.0,50,1,2,0,0
132.0833,-1.0,10,3,4,0,0
132.1667,-1.0,20,7,4,0,0
132.1667,-1.0,50,11,2,0,0
132.2500,-1.0,50,1,2,0,0
132.2500,-1.0,10,3,4,0,0
132.3333,-1.0,20,7,4,0,0
132.3333,-1.0,50,11,2,0,0
132.4167,-1.0,50,1,2,0,0
132.4167,-1.0,10,3,4,0,0
132.5000,-1.0,20,7,4,0,0
132.5000,-1.0,50,11,2,0,0
132.5833,-1.0,50,1,2,0,0
132.5833,-1.0,10,3,4,0,0
132.6667,-1.0,20,7,6,0,0
132.6667,-1.0,50,7,6,0,0
132.7500,-1.0,10,1,6,0,0
132.7500,-1.0,50,1,6,0,0
132.8333,-1.0,20,7,6,0,0
132.8333,-1.0,50,7,6,0,0
132.9167,-1.0,10,1,6,0,0
132.9167,-1.0,50,1,6,0,0
133.0,-1.0,20,7,6,0,0
133.0,-1.0,50,7,6,0,0
133.0833,-1.0,10,1,6,0,0
133.0833,-1.0,50,1,6,0,0
133.1667,-1.0,20,7,6,0,0
133.1667,-1.0,50,7,6,0,0
133.2500,-1.0,10,1,6,0,0
133.2500,-1.0,50,1,6,0,0
133.3333,-1.0,20,7,4,0,0
133.3333,-1.0,50,11,2,0,0
133.4167,-1.0,50,1,2,0,0
133.4167,-1.0,10,3,4,0,0
133.5000,-1.0,20,7,4,0,0
133.5000,-1.0,50,11,2,0,0
133.5833,-1.0,50,1,2,0,0
133.5833,-1.0,10,3,4,0,0
133.6667,-1.0,20,7,4,0,0
133.6667,-1.0,50,11,2,0,0
133.7500,-1.0,50,1,2,0,0
133.7500,-1.0,10,3,4,0,0
133.8333,-1.0,20,7,4,0,0
133.8333,-1.0,50,11,2,0,0
133.9167,-1.0,50,1,2,0,0
133.9167,-1.0,10,3,4,0,0
134.0,-1.0,20,7,3,0,0
134.0,-1.0,50,10,3,0,0
134.0833,-1.0,50,1,3,0,0
134.0833,-1.0,10,4,3,0,0
134.1667,-1.0,20,7,3,0,0
134.1667,-1.0,50,10,3,0,0
134.2500,-1.0,50,1,3,0,0
134.2500,-1.0,10,4,3,0,0
134.3333,-1.0,20,7,3,0,0
134.3333,-1.0,50,10,3,0,0
134.4167,-1.0,50,1,3,0,0
134.4167,-1.0,10,4,3,0,0
134.5000,-1.0,20,7,3,0,0
134.5000,-1.0,50,10,3,0,0
134.5833,-1.0,50,1,3,0,0
134.5833,-1.0,10,4,3,0,0
134.6667,-1.0,20,7,4,0,0
134.6667,-1.0,50,11,2,0,0
134.7500,-1.0,50,1,2,0,0
134.7500,-1.0,10,3,4,0,0
134.8333,-1.0,20,7,4,0,0
134.8333,-1.0,50,11,2,0,0
134.9167,-1.0,50,1,2,0,0
134.9167,-1.0,10,3,4,0,0
135.0,-1.0,20,7,4,0,0
135.0,-1.0,50,11,2,0,0
135.0833,-1.0,50,1,2,0,0
135.0833,-1.0,10,3,4,0,0
135.1667,-1.0,20,7,4,0,0
135.1667,-1.0,50,11,2,0,0
135.2500,-1.0,50,1,2,0,0
135.2500,-1.0,10,3,4,0,0
135.3333,-1.0,20,7,6,0,0
135.3333,-1.0,50,7,6,0,0
135.4167,-1.0,10,1,6,0,0
135.4167,-1.0,50,1,6,0,0
135.5000,-1.0,20,7,6,0,0
135.5000,-1.0,50,7,6,0,0
135.5833,-1.0,10,1,6,0,0
135.5833,-1.0,50,1,6,0,0
135.6667,-1.0,20,7,6,0,0
135.6667,-1.0,50,7,6,0,0
135.7500,-1.0,10,1,6,0,0
135.7500,-1.0,50,1,6,0,0
135.8333,-1.0,20,7,6,0,0
135.8333,-1.0,50,7,6,0,0
135.9167,-1.0,10,1,6,0,0
135.9167,-1.0,50,1,6,0,0
136.0,-1.0,20,7,6,0,0
136.0,-1.0,50,7,6,0,0
136.0833,-1.0,10,1,6,0,0
136.0833,-1.0,50,1,6,0,0
136.1667,-1.0,20,7,6,0,0
136.1667,-1.0,50,7,6,0,0
136.2500,-1.0,10,1,6,0,0
136.2500,-1.0,50,1,6,0,0
136.3333,-1.0,20,7,6,0,0
136.3333,-1.0,50,7,6,0,0
136.4167,-1.0,10,1,6,0,0
136.4167,-1.0,50,1,6,0,0
136.5000,-1.0,20,7,6,0,0
136.5000,-1.0,50,7,6,0,0
136.5833,-1.0,10,1,6,0,0
136.5833,-1.0,50,1,6,0,0
136.6667,-1.0,20,1,12,0,0
136.6667,-1.0,50,1,12,0,0