0.9524,-1.0,80,7,3,0,0
0.9524,1.4286,100,7,3,0,0
16.1905,30.0,0,0,0,14,10120
1.1905,-1.0,900,7,3,0,0
61.9048,77.1429,0,0,0,14,10120
1.6667,-1.0,10,1,3,0,0
100.0,113.8095,0,0,0,14,10120
1.9048,-1.0,10,10,3,0,0
145.7143,160.9524,0,0,0,14,10120
2.1429,-1.0,10,4,3,0,0
200.0476,200.0476,0,0,0,11,10120
2.3810,-1.0,10,7,3,0,0
207.6667,207.6667,0,0,0,11,4010
2.6190,-1.0,10,1,3,0,0
209.5714,209.5714,0,0,0,11,4050
2.8571,-1.0,80,10,3,0,0
2.8571,3.3333,100,10,3,0,0
211.4762,211.4762,0,0,0,11,4020
3.0952,-1.0,900,10,3,0,0
214.2857,233.3333,0,0,0,14,10120
3.5714,-1.0,10,4,3,0,0
3.8095,-1.0,10,10,3,0,0
4.2857,-1.0,10,1,3,0,0
4.5238,-1.0,10,7,3,0,0
4.7619,-1.0,80,4,3,0,0
4.7619,5.2381,100,4,3,0,0
5.0,-1.0,900,4,3,0,0
5.4762,-1.0,10,7,3,0,0
5.7143,-1.0,10,1,3,0,0
5.9524,-1.0,10,7,3,0,0
6.1905,-1.0,10,4,3,0,0
6.4286,-1.0,10,10,3,0,0
6.6667,-1.0,82,1,3,0,0
6.6667,7.6190,110,1,3,0,0
6.9048,-1.0,900,1,3,0,0
7.1429,-1.0,900,1,3,0,0
7.3810,-1.0,900,1,3,0,0
8.3333,-1.0,10,10,3,0,0
8.5714,-1.0,10,1,3,0,0
8.8095,-1.0,10,7,3,0,0
9.0476,-1.0,10,1,3,0,0
9.2857,-1.0,10,7,3,0,0
9.5238,-1.0,10,4,3,0,0
9.7619,-1.0,10,10,3,0,0
10.0,-1.0,10,4,3,0,0
10.2381,-1.0,10,10,3,0,0
10.4762,-1.0,80,1,3,0,0
10.4762,10.9524,100,1,3,0,0
10.7143,-1.0,900,1,3,0,0
11.1905,-1.0,10,7,3,0,0
11.4286,-1.0,10,4,3,0,0
11.9048,-1.0,10,1,3,0,0
12.1429,-1.0,10,7,3,0,0
12.3810,-1.0,50,4,3,0,0
13.0952,-1.0,10,7,3,0,0
13.3333,-1.0,10,1,3,0,0
13.5714,-1.0,10,10,3,0,0
13.8095,-1.0,10,4,3,0,0
14.0476,-1.0,10,7,3,0,0
14.2857,-1.0,83,1,3,0,0
14.2857,15.7143,110,1,3,0,0
14.2857,-1.0,83,10,3,0,0
14.2857,15.7143,110,10,3,0,0
14.5238,-1.0,900,1,3,0,0
14.5238,-1.0,900,10,3,0,0
14.7619,-1.0,900,1,3,0,0
14.7619,-1.0,900,10,3,0,0
15.0,-1.0,900,1,3,0,0
15.0,-1.0,900,10,3,0,0
15.2381,-1.0,900,1,3,0,0
15.2381,-1.0,900,10,3,0,0
15.4762,-1.0,900,1,3,0,0
15.4762,-1.0,900,10,3,0,0
16.1905,-1.0,81,7,3,0,0
16.1905,16.6667,101,7,3,0,0
16.4286,-1.0,900,7,3,0,0
16.9048,-1.0,10,4,3,0,0
17.1429,-1.0,10,10,3,0,0
17.3810,-1.0,10,4,3,0,0
17.6190,-1.0,10,7,3,0,0
17.8571,-1.0,10,1,3,0,0
18.0952,-1.0,81,10,3,0,0
18.0952,18.5714,101,10,3,0,0
18.3333,-1.0,900,10,3,0,0
18.8095,-1.0,10,4,3,0,0
19.0476,-1.0,10,7,3,0,0
19.5238,-1.0,10,1,3,0,0
19.7619,-1.0,10,7,3,0,0
20.0,-1.0,81,4,3,0,0
20.0,20.4762,101,4,3,0,0
20.2381,-1.0,900,4,3,0,0
20.7143,-1.0,10,7,3,0,0
20.9524,-1.0,10,1,3,0,0
21.1905,-1.0,10,7,3,0,0
21.4286,-1.0,10,4,3,0,0
21.6667,-1.0,10,10,3,0,0
21.9048,-1.0,83,1,3,0,0
21.9048,23.3333,110,1,3,0,0
22.1429,-1.0,900,1,3,0,0
22.3810,-1.0,900,1,3,0,0
22.6190,-1.0,900,1,3,0,0
22.8571,-1.0,900,1,3,0,0
23.0952,-1.0,900,1,3,0,0
23.8095,-1.0,10,10,3,0,0
24.0476,-1.0,10,4,3,0,0
24.2857,-1.0,10,10,3,0,0
24.5238,-1.0,10,4,3,0,0
24.7619,-1.0,10,7,3,0,0
25.0,-1.0,10,1,3,0,0
25.2381,-1.0,10,7,3,0,0
25.4762,-1.0,10,1,3,0,0
25.7143,-1.0,81,10,3,0,0
25.7143,26.1905,101,10,3,0,0
25.9524,-1.0,900,10,3,0,0
26.4286,-1.0,10,4,3,0,0
26.6667,-1.0,20,7,3,0,0
27.1429,-1.0,10,10,3,0,0
27.3810,-1.0,10,4,3,0,0
27.6190,-1.0,81,7,3,0,0
27.6190,28.0952,101,7,3,0,0
27.8571,-1.0,900,7,3,0,0
28.3333,-1.0,10,4,3,0,0
28.5714,-1.0,20,10,3,0,0
28.8095,-1.0,10,4,3,0,0
29.0476,-1.0,20,7,3,0,0
29.2857,-1.0,10,1,3,0,0
29.5238,-1.0,81,10,3,0,0
29.5238,30.0,101,10,3,0,0
29.7619,-1.0,900,10,3,0,0
30.4762,-1.0,80,4,3,0,0
30.4762,30.9524,100,4,3,0,0
30.7143,-1.0,900,4,3,0,0
30.9524,-1.0,10,7,3,0,0
31.4286,-1.0,82,1,3,0,0
31.4286,32.3810,110,1,3,JumpScratch,5
31.6667,-1.0,900,1,3,0,0
31.9048,-1.0,900,1,3,0,0
32.0635,-1.0,31,1,3,0,0
32.1429,-1.0,900,1,3,0,0
32.2222,-1.0,31,1,3,0,0
32.3810,33.3333,110,2,4,JumpScratch,5
32.6190,-1.0,900,2,4,0,0
32.6984,-1.0,31,2,4,0,0
32.8571,-1.0,900,2,4,0,0
33.0159,-1.0,31,2,4,0,0
33.0952,-1.0,900,2,4,0,0
33.3333,34.2857,110,3,4,0,0
33.5714,-1.0,900,3,4,0,0
33.8095,-1.0,900,3,4,0,0
33.8095,-1.0,31,3,4,0,0
33.9683,-1.0,31,3,4,0,0
34.0476,-1.0,900,3,4,0,0
34.1270,-1.0,31,3,4,0,0
34.7619,-1.0,10,7,3,0,0
35.2381,-1.0,82,9,4,0,0
35.2381,36.1905,110,9,4,JumpScratch,-5
35.4762,-1.0,900,9,4,0,0
35.5556,-1.0,31,9,4,0,0
35.7143,-1.0,900,9,4,0,0
35.8730,-1.0,31,9,4,0,0
35.9524,-1.0,900,9,4,0,0
36.1905,37.1429,110,8,4,JumpScratch,-5
36.4286,-1.0,900,8,4,0,0
36.6667,-1.0,900,8,4,0,0
36.6667,-1.0,31,8,4,0,0
36.9048,-1.0,900,8,4,0,0
37.1429,38.0952,110,7,4,0,0
37.3810,-1.0,900,7,4,0,0
37.6190,-1.0,900,7,4,0,0
37.6190,-1.0,31,7,4,0,0
37.8571,-1.0,900,7,4,0,0
38.5714,-1.0,10,4,3,0,0
39.0476,-1.0,82,1,3,0,0
39.0476,40.9524,110,1,3,0,0
39.0476,-1.0,82,10,3,0,0
39.0476,40.9524,110,10,3,0,0
39.2857,-1.0,900,1,3,0,0
39.2857,-1.0,900,10,3,0,0
39.3651,-1.0,31,1,3,0,0
39.3651,-1.0,31,10,3,0,0
39.5238,-1.0,900,1,3,0,0
39.5238,-1.0,900,10,3,0,0
39.7619,-1.0,900,1,3,0,0
39.7619,-1.0,900,10,3,0,0
40.0,-1.0,900,1,3,0,0
40.0,-1.0,31,1,3,0,0
40.0,-1.0,900,10,3,0,0
40.0,-1.0,31,10,3,0,0
40.2381,-1.0,900,1,3,0,0
40.2381,-1.0,900,10,3,0,0
40.3175,-1.0,31,1,3,0,0
40.3175,-1.0,31,10,3,0,0
40.4762,-1.0,900,1,3,0,0
40.4762,-1.0,900,10,3,0,0
40.7143,-1.0,900,1,3,0,0
40.7143,-1.0,900,10,3,0,0
41.4286,-1.0,10,7,3,0,0
41.9048,-1.0,10,4,3,0,0
42.3810,-1.0,10,10,3,0,0
42.8571,-1.0,80,1,3,0,0
42.8571,43.3333,100,1,3,0,0
42.8571,-1.0,80,7,3,0,0
42.8571,43.3333,100,7,3,0,0
43.0952,-1.0,900,1,3,0,0
43.0952,-1.0,900,7,3,0,0
43.8095,-1.0,10,4,3,0,0
44.2857,-1.0,10,7,3,0,0
44.7619,-1.0,80,4,3,0,0
44.7619,45.7143,100,4,3,0,0
44.7619,-1.0,80,10,3,0,0
44.7619,45.7143,100,10,3,0,0
45.0,-1.0,900,4,3,0,0
45.0,-1.0,900,10,3,0,0
45.2381,-1.0,900,4,3,0,0
45.2381,-1.0,30,4,3,0,0
45.2381,-1.0,900,10,3,0,0
45.2381,-1.0,30,10,3,0,0
45.4762,-1.0,900,4,3,0,0
45.4762,-1.0,30,4,3,0,0
45.4762,-1.0,900,10,3,0,0
45.4762,-1.0,30,10,3,0,0
45.9524,-1.0,10,1,3,0,0
46.1905,-1.0,10,7,3,0,0
46.4286,-1.0,10,4,3,0,0
46.6667,-1.0,20,9,4,0,0
47.0238,-1.0,10,5,4,0,0
47.3810,-1.0,10,1,4,0,0
47.6190,-1.0,20,9,4,0,0
47.9762,-1.0,10,5,4,0,0
48.3333,-1.0,10,1,4,0,0
48.5714,-1.0,83,9,4,0,0
48.5714,48.9286,110,9,4,JumpScratch,-6
48.8095,-1.0,900,9,4,0,0
48.9286,49.2857,110,7,4,0,0
49.1667,-1.0,900,7,4,0,0
49.5238,-1.0,20,1,3,0,0
49.7619,-1.0,10,7,3,0,0
50.0,-1.0,20,4,3,0,0
50.2381,-1.0,10,10,3,0,0
50.4762,-1.0,20,1,4,0,0
50.8333,-1.0,10,5,4,0,0
51.1905,-1.0,10,9,4,0,0
51.4286,-1.0,20,1,4,0,0
51.7857,-1.0,10,5,4,0,0
52.1429,-1.0,10,9,4,0,0
52.3810,-1.0,83,1,4,0,0
52.3810,52.7381,110,1,4,JumpScratch,6
52.6190,-1.0,900,1,4,0,0
52.7381,53.0952,110,3,4,0,0
52.9762,-1.0,900,3,4,0,0
53.3333,-1.0,20,7,3,0,0
53.5714,-1.0,10,4,3,0,0
53.8095,-1.0,50,9,4,0,0
54.5238,-1.0,10,10,3,0,0
54.7619,-1.0,10,7,3,0,0
55.0,-1.0,10,4,3,0,0
55.2381,-1.0,82,1,3,0,0
55.2381,55.9524,110,1,3,0,0
55.3571,-1.0,31,1,3,0,0
55.4762,-1.0,900,1,3,0,0
55.5952,-1.0,31,1,3,0,0
55.7143,-1.0,900,1,3,0,0
55.8333,-1.0,31,1,3,0,0
56.4286,-1.0,10,1,3,0,0
56.6667,-1.0,10,4,3,0,0
56.9048,-1.0,10,7,3,0,0
57.1429,-1.0,82,10,3,0,0
57.1429,57.8571,110,10,3,0,0
57.2619,-1.0,31,10,3,0,0
57.3810,-1.0,900,10,3,0,0
57.5000,-1.0,31,10,3,0,0
57.6190,-1.0,900,10,3,0,0
57.7381,-1.0,31,10,3,0,0
58.3333,-1.0,10,10,3,0,0
58.5714,-1.0,10,4,3,0,0
58.8095,-1.0,10,7,3,0,0
59.0476,-1.0,20,2,4,0,0
59.2857,-1.0,10,2,4,0,0
59.5238,-1.0,20,8,4,0,0
59.7619,-1.0,10,8,4,0,0
60.0,-1.0,50,2,4,0,0
60.3571,-1.0,50,8,4,0,0
60.7143,-1.0,83,4,3,0,0
60.7143,60.9524,110,4,3,0,0
61.4286,-1.0,50,7,3,0,0
61.9048,-1.0,20,1,3,0,0
61.9048,-1.0,20,10,3,0,0
62.2619,-1.0,10,7,3,0,0
62.6190,-1.0,10,4,3,0,0
62.8571,-1.0,20,1,3,0,0
62.8571,-1.0,20,10,3,0,0
63.2143,-1.0,10,7,3,0,0
63.5714,-1.0,10,4,3,0,0
63.8095,-1.0,81,10,3,0,0
63.8095,64.1667,101,10,3,0,0
64.0476,-1.0,900,10,3,0,0
64.1667,-1.0,81,4,3,0,0
64.1667,64.5238,101,4,3,0,0
64.4048,-1.0,900,4,3,0,0
64.5238,-1.0,10,7,3,0,0
64.7619,-1.0,20,1,3,0,0
65.0,-1.0,10,10,3,0,0
65.2381,-1.0,20,4,3,0,0
65.4762,-1.0,10,7,3,0,0
65.7143,-1.0,20,1,3,0,0
65.7143,-1.0,20,10,3,0,0
66.0714,-1.0,10,4,3,0,0
66.4286,-1.0,10,7,3,0,0
66.6667,-1.0,20,1,3,0,0
66.6667,-1.0,20,10,3,0,0
67.0238,-1.0,10,4,3,0,0
67.3810,-1.0,10,7,3,0,0
67.6190,-1.0,81,1,3,0,0
67.6190,67.9762,101,1,3,0,0
67.8571,-1.0,900,1,3,0,0
67.9762,-1.0,81,7,3,0,0
67.9762,68.3333,101,7,3,0,0
68.2143,-1.0,900,7,3,0,0
68.3333,-1.0,10,4,3,0,0
68.5714,-1.0,20,10,3,0,0
68.8095,-1.0,10,4,3,0,0
69.0476,-1.0,50,7,3,0,0
69.7619,-1.0,10,10,3,0,0
70.0,-1.0,10,7,3,0,0
70.2381,-1.0,10,4,3,0,0
70.4762,-1.0,83,1,3,0,0
70.4762,71.1905,110,1,3,0,0
70.5952,-1.0,31,1,3,0,0
70.7143,-1.0,900,1,3,0,0
70.8333,-1.0,31,1,3,0,0
70.9524,-1.0,900,1,3,0,0
71.0714,-1.0,31,1,3,0,0
71.4286,-1.0,20,7,3,0,0
71.6667,-1.0,10,7,3,0,0
71.9048,-1.0,20,4,3,0,0
72.1429,-1.0,10,4,3,0,0
72.3810,-1.0,50,10,3,0,0
72.8571,-1.0,80,4,3,0,0
72.8571,73.3333,100,4,3,0,0
73.0952,-1.0,900,4,3,0,0
73.3333,-1.0,83,7,3,0,0
73.3333,74.0476,110,7,3,0,0
73.4524,-1.0,31,7,3,0,0
73.5714,-1.0,900,7,3,0,0
73.6905,-1.0,31,7,3,0,0
73.8095,-1.0,900,7,3,0,0
73.9286,-1.0,31,7,3,0,0
74.2857,-1.0,83,4,3,0,0
74.2857,75.0,110,4,3,0,0
74.4048,-1.0,31,4,3,0,0
74.5238,-1.0,900,4,3,0,0
74.6429,-1.0,31,4,3,0,0
74.7619,-1.0,900,4,3,0,0
74.8810,-1.0,31,4,3,0,0
75.2381,-1.0,83,10,3,0,0
75.2381,75.9524,110,10,3,0,0
75.3571,-1.0,31,10,3,0,0
75.4762,-1.0,900,10,3,0,0
75.5952,-1.0,31,10,3,0,0
75.7143,-1.0,900,10,3,0,0
75.8333,-1.0,31,10,3,0,0
76.1905,-1.0,20,4,3,0,0
76.4286,-1.0,20,4,3,0,0
76.6667,-1.0,20,7,3,0,0
76.9048,-1.0,20,7,3,0,0
77.1429,-1.0,50,1,3,0,0
77.6190,-1.0,10,10,3,0,0
77.8571,-1.0,10,4,3,0,0
78.0952,-1.0,82,7,3,0,0
78.0952,78.5714,110,7,3,0,0
78.3333,-1.0,900,7,3,0,0
79.0476,-1.0,10,1,3,0,0
79.2857,-1.0,10,7,3,0,0
79.5238,-1.0,10,1,3,0,0
79.7619,-1.0,10,7,3,0,0
80.0,-1.0,82,4,3,0,0
80.0,80.4762,110,4,3,0,0
80.2381,-1.0,900,4,3,0,0
80.9524,-1.0,80,10,3,0,0
80.9524,81.4286,100,10,3,0,0
81.1905,-1.0,900,10,3,0,0
81.4286,-1.0,10,4,3,0,0
81.6667,-1.0,10,10,3,0,0
81.9048,-1.0,10,1,3,0,0
82.1429,-1.0,10,7,3,0,0
82.3810,-1.0,10,1,3,0,0
82.6190,-1.0,10,7,3,0,0
82.8571,-1.0,82,4,3,0,0
82.8571,83.8095,110,4,3,0,0
83.0952,-1.0,900,4,3,0,0
83.3333,-1.0,900,4,3,0,0
83.5714,-1.0,900,4,3,0,0
84.7619,-1.0,80,10,3,0,0
84.7619,85.7143,100,10,3,0,0
85.0,-1.0,900,10,3,0,0
85.2381,-1.0,900,10,3,0,0
85.4762,-1.0,900,10,3,0,0
85.7143,-1.0,10,4,3,0,0
86.1905,-1.0,10,10,3,0,0
86.6667,-1.0,80,4,3,0,0
86.6667,87.3810,100,4,3,0,0
86.9048,-1.0,900,4,3,0,0
87.1429,-1.0,900,4,3,0,0
87.3810,-1.0,10,10,3,0,0
87.6190,-1.0,10,4,3,0,0
88.5714,-1.0,80,7,3,0,0
88.5714,89.5238,100,7,3,0,0
88.8095,-1.0,900,7,3,0,0
89.0476,-1.0,900,7,3,0,0
89.2857,-1.0,900,7,3,0,0
89.5238,-1.0,10,1,3,0,0
90.0,-1.0,10,7,3,0,0
90.4762,-1.0,82,1,3,0,0
90.4762,91.4286,110,1,3,0,0
90.7143,-1.0,900,1,3,0,0
90.9524,-1.0,900,1,3,0,0
91.1905,-1.0,900,1,3,0,0
92.3810,-1.0,10,10,3,0,0
92.8571,-1.0,10,4,3,0,0
93.3333,-1.0,10,7,3,0,0
93.8095,-1.0,10,1,3,0,0
94.2857,-1.0,80,7,3,0,0
94.2857,95.0,100,7,3,0,0
94.5238,-1.0,900,7,3,0,0
94.7619,-1.0,900,7,3,0,0
95.0,-1.0,10,1,3,0,0
95.2381,-1.0,10,7,3,0,0
95.7143,-1.0,10,1,3,0,0
96.1905,-1.0,80,7,3,0,0
96.1905,96.6667,100,7,3,0,0
96.4286,-1.0,900,7,3,0,0
96.9048,-1.0,10,1,3,0,0
97.1429,-1.0,10,7,3,0,0
97.6190,-1.0,10,4,3,0,0
98.0952,-1.0,82,10,3,0,0
98.0952,99.5238,110,10,3,0,0
98.3333,-1.0,900,10,3,0,0
98.5714,-1.0,900,10,3,0,0
98.8095,-1.0,900,10,3,0,0
99.0476,-1.0,900,10,3,0,0
99.2857,-1.0,900,10,3,0,0
100.0,-1.0,81,4,3,0,0
100.0,100.4762,101,4,3,0,0
100.2381,-1.0,900,4,3,0,0
100.7143,-1.0,10,7,3,0,0
100.9524,-1.0,10,1,3,0,0
101.1905,-1.0,10,7,3,0,0
101.4286,-1.0,10,4,3,0,0
101.6667,-1.0,10,10,3,0,0
101.9048,-1.0,81,1,3,0,0
101.9048,102.3810,101,1,3,0,0
102.1429,-1.0,900,1,3,0,0
102.6190,-1.0,10,7,3,0,0
102.8571,-1.0,10,4,3,0,0
103.3333,-1.0,10,10,3,0,0
103.5714,-1.0,10,4,3,0,0
103.8095,-1.0,81,7,3,0,0
103.8095,104.2857,101,7,3,0,0
104.0476,-1.0,900,7,3,0,0
104.5238,-1.0,10,4,3,0,0
104.7619,-1.0,10,10,3,0,0
105.0,-1.0,10,4,3,0,0
105.2381,-1.0,10,7,3,0,0
105.4762,-1.0,10,1,3,0,0
105.7143,-1.0,83,10,3,0,0
105.7143,107.1429,110,10,3,0,0
105.9524,-1.0,900,10,3,0,0
106.1905,-1.0,900,10,3,0,0
106.4286,-1.0,900,10,3,0,0
106.6667,-1.0,900,10,3,0,0
106.9048,-1.0,900,10,3,0,0
107.6190,-1.0,10,1,3,0,0
107.8571,-1.0,10,7,3,0,0
108.0952,-1.0,10,1,3,0,0
108.3333,-1.0,10,7,3,0,0
108.5714,-1.0,10,4,3,0,0
108.8095,-1.0,10,10,3,0,0
109.0476,-1.0,10,4,3,0,0
109.2857,-1.0,10,10,3,0,0
109.5238,-1.0,81,1,3,0,0
109.5238,110.0,101,1,3,0,0
109.7619,-1.0,900,1,3,0,0
110.2381,-1.0,10,7,3,0,0
110.4762,-1.0,20,4,3,0,0
110.9524,-1.0,10,1,3,0,0
111.1905,-1.0,10,7,3,0,0
111.4286,-1.0,81,4,3,0,0
111.4286,111.9048,101,4,3,0,0
111.6667,-1.0,900,4,3,0,0
112.1429,-1.0,10,7,3,0,0
112.3810,-1.0,20,1,3,0,0
112.6190,-1.0,10,7,3,0,0
112.8571,-1.0,20,4,3,0,0
113.0952,-1.0,10,10,3,0,0
113.3333,-1.0,81,1,3,0,0
113.3333,113.8095,101,1,3,0,0
113.5714,-1.0,900,1,3,0,0
114.2857,-1.0,80,7,3,0,0
114.2857,114.7619,100,7,3,0,0
114.5238,-1.0,900,7,3,0,0
114.7619,-1.0,10,4,3,0,0
115.2381,-1.0,82,10,3,0,0
115.2381,116.1905,110,10,3,JumpScratch,-6
115.4762,-1.0,900,10,3,0,0
115.7143,-1.0,900,10,3,0,0
115.8730,-1.0,31,10,3,0,0
115.9524,-1.0,900,10,3,0,0
116.0317,-1.0,31,10,3,0,0
116.1905,117.1429,110,7,4,JumpScratch,-6
116.4286,-1.0,900,7,4,0,0
116.5079,-1.0,31,7,4,0,0
116.6667,-1.0,900,7,4,0,0
116.8254,-1.0,31,7,4,0,0
116.9048,-1.0,900,7,4,0,0
117.1429,118.0952,110,5,4,0,0
117.3810,-1.0,900,5,4,0,0
117.6190,-1.0,900,5,4,0,0
117.6190,-1.0,31,5,4,0,0
117.7778,-1.0,31,5,4,0,0
117.8571,-1.0,900,5,4,0,0
117.9365,-1.0,31,5,4,0,0
118.5714,-1.0,10,1,3,0,0
119.0476,-1.0,82,1,4,0,0
119.0476,120.0,110,1,4,JumpScratch,6
119.2857,-1.0,900,1,4,0,0
119.3651,-1.0,31,1,4,0,0
119.5238,-1.0,900,1,4,0,0
119.6825,-1.0,31,1,4,0,0
119.7619,-1.0,900,1,4,0,0
120.0,120.9524,110,3,4,JumpScratch,6
120.2381,-1.0,900,3,4,0,0
120.4762,-1.0,900,3,4,0,0
120.4762,-1.0,31,3,4,0,0
120.7143,-1.0,900,3,4,0,0
120.9524,121.9048,110,5,4,0,0
121.1905,-1.0,900,5,4,0,0
121.4286,-1.0,900,5,4,0,0
121.4286,-1.0,31,5,4,0,0
121.6667,-1.0,900,5,4,0,0
122.3810,-1.0,10,10,3,0,0
122.8571,-1.0,82,1,3,0,0
122.8571,124.7619,110,1,3,0,0
122.8571,-1.0,82,10,3,0,0
122.8571,124.7619,110,10,3,0,0
123.0952,-1.0,900,1,3,0,0
123.0952,-1.0,900,10,3,0,0
123.1746,-1.0,31,1,3,0,0
123.1746,-1.0,31,10,3,0,0
123.3333,-1.0,900,1,3,0,0
123.3333,-1.0,900,10,3,0,0
123.5714,-1.0,900,1,3,0,0
123.5714,-1.0,900,10,3,0,0
123.8095,-1.0,900,1,3,0,0
123.8095,-1.0,31,1,3,0,0
123.8095,-1.0,900,10,3,0,0
123.8095,-1.0,31,10,3,0,0
124.0476,-1.0,900,1,3,0,0
124.0476,-1.0,900,10,3,0,0
124.1270,-1.0,31,1,3,0,0
124.1270,-1.0,31,10,3,0,0
124.2857,-1.0,900,1,3,0,0
124.2857,-1.0,900,10,3,0,0
124.5238,-1.0,900,1,3,0,0
124.5238,-1.0,900,10,3,0,0
125.2381,-1.0,10,4,3,0,0
125.7143,-1.0,10,7,3,0,0
126.1905,-1.0,10,1,3,0,0
126.6667,-1.0,80,4,3,0,0
126.6667,127.1429,100,4,3,0,0
126.6667,-1.0,80,10,3,0,0
126.6667,127.1429,100,10,3,0,0
126.9048,-1.0,900,4,3,0,0
126.9048,-1.0,900,10,3,0,0
127.6190,-1.0,10,7,3,0,0
128.0952,-1.0,10,4,3,0,0
128.5714,-1.0,80,1,3,0,0
128.5714,129.5238,100,1,3,0,0
128.5714,-1.0,80,7,3,0,0
128.5714,129.5238,100,7,3,0,0
128.8095,-1.0,900,1,3,0,0
128.8095,-1.0,900,7,3,0,0
129.0476,-1.0,900,1,3,0,0
129.0476,-1.0,30,1,3,0,0
129.0476,-1.0,900,7,3,0,0
129.0476,-1.0,30,7,3,0,0
129.2857,-1.0,900,1,3,0,0
129.2857,-1.0,30,1,3,0,0
129.2857,-1.0,900,7,3,0,0
129.2857,-1.0,30,7,3,0,0
129.7619,-1.0,10,10,3,0,0
130.0,-1.0,10,4,3,0,0
130.2381,-1.0,10,7,3,0,0
130.4762,-1.0,20,1,4,0,0
130.8333,-1.0,10,5,4,0,0
131.1905,-1.0,10,9,4,0,0
131.4286,-1.0,20,1,4,0,0
131.7857,-1.0,10,5,4,0,0
132.1429,-1.0,10,9,4,0,0
132.3810,-1.0,83,1,4,0,0
132.3810,132.7381,110,1,4,JumpScratch,6
132.6190,-1.0,900,1,4,0,0
132.7381,133.0952,110,3,4,0,0
132.9762,-1.0,900,3,4,0,0
133.3333,-1.0,20,10,3,0,0
133.5714,-1.0,10,4,3,0,0
133.8095,-1.0,20,7,3,0,0
134.0476,-1.0,10,1,3,0,0
134.2857,-1.0,20,9,4,0,0
134.6429,-1.0,10,5,4,0,0
135.0,-1.0,10,1,4,0,0
135.2381,-1.0,20,9,4,0,0
135.5952,-1.0,10,5,4,0,0
135.9524,-1.0,10,1,4,0,0
136.1905,-1.0,83,9,4,0,0
136.1905,136.5476,110,9,4,JumpScratch,-6
136.4286,-1.0,900,9,4,0,0
136.5476,136.9048,110,7,4,0,0
136.7857,-1.0,900,7,4,0,0
137.1429,-1.0,20,4,3,0,0
137.3810,-1.0,10,7,3,0,0
137.6190,-1.0,50,1,4,0,0
138.3333,-1.0,10,1,3,0,0
138.5714,-1.0,10,4,3,0,0
138.8095,-1.0,10,7,3,0,0
139.0476,-1.0,82,10,3,0,0
139.0476,139.7619,110,10,3,0,0
139.1667,-1.0,31,10,3,0,0
139.2857,-1.0,900,10,3,0,0
139.4048,-1.0,31,10,3,0,0
139.5238,-1.0,900,10,3,0,0
139.6429,-1.0,31,10,3,0,0
140.2381,-1.0,10,10,3,0,0
140.4762,-1.0,10,7,3,0,0
140.7143,-1.0,10,4,3,0,0
140.9524,-1.0,82,1,3,0,0
140.9524,141.6667,110,1,3,0,0
141.0714,-1.0,31,1,3,0,0
141.1905,-1.0,900,1,3,0,0
141.3095,-1.0,31,1,3,0,0
141.4286,-1.0,900,1,3,0,0
141.5476,-1.0,31,1,3,0,0
142.1429,-1.0,10,1,3,0,0
142.3810,-1.0,10,7,3,0,0
142.6190,-1.0,10,4,3,0,0
142.8571,-1.0,20,8,4,0,0
143.0952,-1.0,10,8,4,0,0
143.3333,-1.0,20,2,4,0,0
143.5714,-1.0,10,2,4,0,0
143.8095,-1.0,50,8,4,0,0
144.1667,-1.0,50,2,4,0,0
144.5238,-1.0,83,7,3,0,0
144.5238,144.7619,110,7,3,0,0
145.2381,-1.0,50,4,3,0,0
145.7143,-1.0,20,1,3,0,0
145.7143,-1.0,20,10,3,0,0
146.0714,-1.0,10,4,3,0,0
146.4286,-1.0,10,7,3,0,0
146.6667,-1.0,20,1,3,0,0
146.6667,-1.0,20,10,3,0,0
147.0238,-1.0,10,4,3,0,0
147.3810,-1.0,10,7,3,0,0
147.6190,-1.0,81,1,3,0,0
147.6190,147.9762,101,1,3,0,0
147.8571,-1.0,900,1,3,0,0
147.9762,-1.0,81,7,3,0,0
147.9762,148.3333,101,7,3,0,0
148.2143,-1.0,900,7,3,0,0
148.3333,-1.0,10,4,3,0,0
148.5714,-1.0,20,10,3,0,0
148.8095,-1.0,10,1,3,0,0
149.0476,-1.0,20,7,3,0,0
149.2857,-1.0,10,4,3,0,0
149.5238,-1.0,20,1,3,0,0
149.5238,-1.0,20,10,3,0,0
149.8810,-1.0,10,7,3,0,0
150.2381,-1.0,10,4,3,0,0
150.4762,-1.0,20,1,3,0,0
150.4762,-1.0,20,10,3,0,0
150.8333,-1.0,10,7,3,0,0
151.1905,-1.0,10,4,3,0,0
151.4286,-1.0,81,10,3,0,0
151.4286,151.7857,101,10,3,0,0
151.6667,-1.0,900,10,3,0,0
151.7857,-1.0,81,4,3,0,0
151.7857,152.1429,101,4,3,0,0
152.0238,-1.0,900,4,3,0,0
152.1429,-1.0,10,7,3,0,0
152.3810,-1.0,20,1,3,0,0
152.6190,-1.0,10,7,3,0,0
152.8571,-1.0,50,4,3,0,0
153.5714,-1.0,10,1,3,0,0
153.8095,-1.0,10,4,3,0,0
154.0476,-1.0,10,7,3,0,0
154.2857,-1.0,83,10,3,0,0
154.2857,155.0,110,10,3,0,0
154.4048,-1.0,31,10,3,0,0
154.5238,-1.0,900,10,3,0,0
154.6429,-1.0,31,10,3,0,0
154.7619,-1.0,900,10,3,0,0
154.8810,-1.0,31,10,3,0,0
155.2381,-1.0,20,4,3,0,0
155.4762,-1.0,10,4,3,0,0
155.7143,-1.0,20,7,3,0,0
155.9524,-1.0,10,7,3,0,0
156.1905,-1.0,50,1,3,0,0
156.6667,-1.0,80,7,3,0,0
156.6667,157.1429,100,7,3,0,0
156.9048,-1.0,900,7,3,0,0
157.1429,-1.0,83,4,3,0,0
157.1429,157.8571,110,4,3,0,0
157.2619,-1.0,31,4,3,0,0
157.3810,-1.0,900,4,3,0,0
157.5000,-1.0,31,4,3,0,0
157.6190,-1.0,900,4,3,0,0
157.7381,-1.0,31,4,3,0,0
158.0952,-1.0,83,7,3,0,0
158.0952,158.8095,110,7,3,0,0
158.2143,-1.0,31,7,3,0,0
158.3333,-1.0,900,7,3,0,0
158.4524,-1.0,31,7,3,0,0
158.5714,-1.0,900,7,3,0,0
158.6905,-1.0,31,7,3,0,0
159.0476,-1.0,83,1,3,0,0
159.0476,159.7619,110,1,3,0,0
159.1667,-1.0,31,1,3,0,0
159.2857,-1.0,900,1,3,0,0
159.4048,-1.0,31,1,3,0,0
159.5238,-1.0,900,1,3,0,0
159.6429,-1.0,31,1,3,0,0
160.0,-1.0,20,7,3,0,0
160.2381,-1.0,20,7,3,0,0
160.4762,-1.0,20,4,3,0,0
160.7143,-1.0,20,4,3,0,0
160.9524,-1.0,50,10,3,0,0
164.7619,-1.0,80,7,4,0,0
164.7619,165.1190,100,7,4,0,0
165.0,-1.0,900,7,4,0,0
165.0,-1.0,30,7,4,0,0
165.1190,-1.0,10,1,3,0,0
165.4762,-1.0,10,7,3,0,0
165.7143,-1.0,82,3,4,0,0
165.7143,166.1905,110,3,4,JumpScratch,-6
165.8333,-1.0,31,3,4,0,0
165.9524,-1.0,900,3,4,0,0
166.0714,-1.0,31,3,4,0,0
166.1905,166.6667,110,1,4,0,0
166.3095,-1.0,31,1,4,0,0
166.4286,-1.0,900,1,4,0,0
166.4286,-1.0,31,1,4,0,0
166.5476,-1.0,31,1,4,0,0
167.0238,-1.0,10,7,3,0,0
167.3810,-1.0,10,4,3,0,0
167.6190,-1.0,82,9,4,0,0
167.6190,167.9762,110,9,4,JumpScratch,-6
167.8571,-1.0,900,9,4,0,0
167.9762,168.3333,110,7,4,0,0
168.2143,-1.0,900,7,4,0,0
168.5714,-1.0,10,1,4,0,0
168.8095,-1.0,10,7,3,0,0
169.0476,-1.0,80,4,3,0,0
169.0476,169.5238,100,4,3,0,0
169.1667,-1.0,30,4,3,0,0
169.2857,-1.0,900,4,3,0,0
169.2857,-1.0,30,4,3,0,0
169.4048,-1.0,30,4,3,0,0
169.5238,-1.0,10,9,4,0,0
169.8810,-1.0,10,4,3,0,0
170.2381,-1.0,10,7,3,0,0
170.4762,-1.0,10,1,4,0,0
170.8333,-1.0,10,7,3,0,0
171.1905,-1.0,10,4,3,0,0
171.4286,-1.0,82,9,4,0,0
171.4286,171.9048,110,9,4,0,0
171.6667,-1.0,900,9,4,0,0
172.3810,-1.0,10,1,4,0,0
172.7381,-1.0,10,7,3,0,0
173.0952,-1.0,82,3,4,0,0
173.0952,173.5714,110,3,4,JumpScratch,-6
173.3333,-1.0,900,3,4,0,0
173.5714,174.2857,110,1,4,0,0
173.6905,-1.0,31,1,4,0,0
173.8095,-1.0,900,1,4,0,0
173.8095,-1.0,31,1,4,0,0
173.9286,-1.0,31,1,4,0,0
174.0476,-1.0,900,1,4,0,0
174.0476,-1.0,31,1,4,0,0
174.1667,-1.0,31,1,4,0,0
174.7619,-1.0,20,3,4,0,0
174.7619,-1.0,20,10,3,0,0
175.2381,-1.0,20,3,4,0,0
175.2381,-1.0,20,10,3,0,0
175.7143,-1.0,20,1,3,0,0
175.7143,-1.0,20,7,4,0,0
176.1905,-1.0,20,1,3,0,0
176.1905,-1.0,83,7,4,0,0
176.1905,176.6667,110,7,4,JumpScratch,6
176.4286,-1.0,900,7,4,0,0
176.6667,178.0952,110,9,4,0,0
176.7857,-1.0,31,9,4,0,0
176.9048,-1.0,900,9,4,0,0
176.9048,-1.0,31,9,4,0,0
177.0238,-1.0,31,9,4,0,0
177.1429,-1.0,900,9,4,0,0
177.1429,-1.0,31,9,4,0,0
177.2619,-1.0,31,9,4,0,0
177.3810,-1.0,900,9,4,0,0
177.3810,-1.0,31,9,4,0,0
177.5000,-1.0,31,9,4,0,0
177.6190,-1.0,900,9,4,0,0
177.6190,-1.0,31,9,4,0,0
177.7381,-1.0,31,9,4,0,0
177.8571,-1.0,900,9,4,0,0
177.8571,-1.0,31,9,4,0,0
177.9762,-1.0,31,9,4,0,0
180.0,-1.0,80,1,3,0,0
180.0,180.9524,100,1,3,0,0
180.2381,-1.0,900,1,3,0,0
180.4762,-1.0,900,1,3,0,0
180.7143,-1.0,900,1,3,0,0
181.9048,-1.0,80,7,3,0,0
181.9048,182.8571,100,7,3,0,0
182.1429,-1.0,900,7,3,0,0
182.3810,-1.0,900,7,3,0,0
182.6190,-1.0,900,7,3,0,0
183.8095,-1.0,80,4,3,0,0
183.8095,184.7619,100,4,3,0,0
184.0476,-1.0,900,4,3,0,0
184.2857,-1.0,900,4,3,0,0
184.5238,-1.0,900,4,3,0,0
185.7143,-1.0,80,10,3,0,0
185.7143,186.6667,100,10,3,0,0
185.9524,-1.0,900,10,3,0,0
186.1905,-1.0,900,10,3,0,0
186.4286,-1.0,900,10,3,0,0
187.6190,-1.0,10,1,3,0,0
188.0952,-1.0,10,7,3,0,0
188.5714,-1.0,10,4,3,0,0
189.0476,-1.0,10,10,3,0,0
189.5238,-1.0,82,1,3,0,0
189.5238,190.4762,110,1,3,0,0
189.7619,-1.0,900,1,3,0,0
190.0,-1.0,900,1,3,0,0
190.2381,-1.0,900,1,3,0,0
190.2381,-1.0,31,1,3,0,0
191.4286,-1.0,83,7,4,0,0
191.4286,191.7857,110,7,4,0,0
191.6667,-1.0,900,7,4,0,0
193.3333,-1.0,83,2,5,0,0
193.3333,193.6905,110,2,5,0,0
193.5714,-1.0,900,2,5,0,0
195.2381,-1.0,83,7,6,0,0
195.2381,196.6667,110,7,6,0,0
195.4762,-1.0,900,7,6,0,0
195.7143,-1.0,900,7,6,0,0
195.9524,-1.0,900,7,6,0,0
196.1905,-1.0,900,7,6,0,0
196.4286,-1.0,900,7,6,0,0
197.1429,-1.0,83,1,6,0,0
197.1429,198.0952,110,1,6,JumpScratch,8
197.3810,-1.0,900,1,6,0,0
197.6190,-1.0,900,1,6,0,0
197.8571,-1.0,900,1,6,0,0
198.0952,198.5714,110,3,6,JumpScratch,-8
198.3333,-1.0,900,3,6,0,0
199.0476,-1.0,20,9,4,0,0
199.4048,-1.0,10,5,4,0,0
199.7619,-1.0,10,1,4,0,0
200.0,-1.0,20,9,4,0,0
200.3571,-1.0,10,5,4,0,0
200.7143,-1.0,10,1,4,0,0
200.9524,-1.0,83,9,4,0,0
200.9524,201.3095,110,9,4,JumpScratch,-6
201.1905,-1.0,900,9,4,0,0
201.3095,201.6667,110,7,4,0,0
201.5476,-1.0,900,7,4,0,0
201.9048,-1.0,20,1,3,0,0
202.1429,-1.0,10,7,3,0,0
202.3810,-1.0,20,4,3,0,0
202.6190,-1.0,10,10,3,0,0
202.8571,-1.0,20,1,4,0,0
203.2143,-1.0,10,5,4,0,0
203.5714,-1.0,10,9,4,0,0
203.8095,-1.0,20,1,4,0,0
204.1667,-1.0,10,5,4,0,0
204.5238,-1.0,10,9,4,0,0
204.7619,-1.0,83,1,4,0,0
204.7619,205.1190,110,1,4,JumpScratch,6
205.0,-1.0,900,1,4,0,0
205.1190,205.4762,110,3,4,0,0
205.3571,-1.0,900,3,4,0,0
205.7143,-1.0,20,7,3,0,0
205.9524,-1.0,10,4,3,0,0
206.1905,-1.0,50,9,4,0,0
206.9048,-1.0,10,10,3,0,0
207.1429,-1.0,10,7,3,0,0
207.3810,-1.0,10,4,3,0,0
207.6190,-1.0,82,1,3,0,0
207.6190,208.3333,110,1,3,0,0
207.7381,-1.0,31,1,3,0,0
207.8571,-1.0,900,1,3,0,0
207.9762,-1.0,31,1,3,0,0
208.0952,-1.0,900,1,3,0,0
208.2143,-1.0,31,1,3,0,0
208.8095,-1.0,10,1,3,0,0
209.0476,-1.0,10,4,3,0,0
209.2857,-1.0,10,7,3,0,0
209.5238,-1.0,82,10,3,0,0
209.5238,210.2381,110,10,3,0,0
209.6429,-1.0,31,10,3,0,0
209.7619,-1.0,900,10,3,0,0
209.8810,-1.0,31,10,3,0,0
210.0,-1.0,900,10,3,0,0
210.1190,-1.0,31,10,3,0,0
210.7143,-1.0,10,10,3,0,0
210.9524,-1.0,10,4,3,0,0
211.1905,-1.0,10,7,3,0,0
211.4286,-1.0,20,2,4,0,0
211.6667,-1.0,10,2,4,0,0
211.9048,-1.0,20,8,4,0,0
212.1429,-1.0,10,8,4,0,0
212.3810,-1.0,50,2,4,0,0
212.7381,-1.0,50,8,4,0,0
213.0952,-1.0,83,4,3,0,0
213.0952,213.3333,110,4,3,0,0
213.8095,-1.0,50,7,3,0,0
214.2857,-1.0,20,1,3,0,0
214.2857,-1.0,20,10,3,0,0
214.6429,-1.0,10,7,3,0,0
215.0,-1.0,10,4,3,0,0
215.2381,-1.0,20,1,3,0,0
215.2381,-1.0,20,10,3,0,0
215.5952,-1.0,10,7,3,0,0
215.9524,-1.0,10,4,3,0,0
216.1905,-1.0,81,10,3,0,0
216.1905,216.5476,101,10,3,0,0
216.4286,-1.0,900,10,3,0,0
216.5476,-1.0,81,4,3,0,0
216.5476,216.9048,101,4,3,0,0
216.7857,-1.0,900,4,3,0,0
216.9048,-1.0,10,7,3,0,0
217.1429,-1.0,20,1,3,0,0
217.3810,-1.0,10,10,3,0,0
217.6190,-1.0,20,4,3,0,0
217.8571,-1.0,10,7,3,0,0
218.0952,-1.0,20,1,3,0,0
218.0952,-1.0,20,10,3,0,0
218.4524,-1.0,10,4,3,0,0
218.8095,-1.0,10,7,3,0,0
219.0476,-1.0,20,1,3,0,0
219.0476,-1.0,20,10,3,0,0
219.4048,-1.0,10,4,3,0,0
219.7619,-1.0,10,7,3,0,0
220.0,-1.0,81,1,3,0,0
220.0,220.3571,101,1,3,0,0
220.2381,-1.0,900,1,3,0,0
220.3571,-1.0,81,7,3,0,0
220.3571,220.7143,101,7,3,0,0
220.5952,-1.0,900,7,3,0,0
220.7143,-1.0,10,4,3,0,0
220.9524,-1.0,20,10,3,0,0
221.1905,-1.0,10,4,3,0,0
221.4286,-1.0,50,7,3,0,0
222.1429,-1.0,10,10,3,0,0
222.3810,-1.0,10,7,3,0,0
222.6190,-1.0,10,4,3,0,0
222.8571,-1.0,83,1,3,0,0
222.8571,223.5714,110,1,3,0,0
222.9762,-1.0,31,1,3,0,0
223.0952,-1.0,900,1,3,0,0
223.2143,-1.0,31,1,3,0,0
223.3333,-1.0,900,1,3,0,0
223.4524,-1.0,31,1,3,0,0
223.8095,-1.0,20,7,3,0,0
224.0476,-1.0,10,7,3,0,0
224.2857,-1.0,20,4,3,0,0
224.5238,-1.0,10,4,3,0,0
224.7619,-1.0,50,10,3,0,0
225.2381,-1.0,80,4,3,0,0
225.2381,225.7143,100,4,3,0,0
225.4762,-1.0,900,4,3,0,0
225.7143,-1.0,83,7,3,0,0
225.7143,226.4286,110,7,3,0,0
225.8333,-1.0,31,7,3,0,0
225.9524,-1.0,900,7,3,0,0
226.0714,-1.0,31,7,3,0,0
226.1905,-1.0,900,7,3,0,0
226.3095,-1.0,31,7,3,0,0
226.6667,-1.0,83,4,3,0,0
226.6667,227.3810,110,4,3,0,0
226.7857,-1.0,31,4,3,0,0
226.9048,-1.0,900,4,3,0,0
227.0238,-1.0,31,4,3,0,0
227.1429,-1.0,900,4,3,0,0
227.2619,-1.0,31,4,3,0,0
227.6190,-1.0,83,10,3,0,0
227.6190,228.3333,110,10,3,0,0
227.7381,-1.0,31,10,3,0,0
227.8571,-1.0,900,10,3,0,0
227.9762,-1.0,31,10,3,0,0
228.0952,-1.0,900,10,3,0,0
228.2143,-1.0,31,10,3,0,0
228.5714,-1.0,80,1,3,0,0
228.5714,229.0476,100,1,3,0,0
228.8095,-1.0,900,1,3,0,0
229.0476,-1.0,80,7,3,0,0
229.0476,229.5238,100,7,3,0,0
229.2857,-1.0,900,7,3,0,0
229.5238,-1.0,83,4,3,0,0
229.5238,230.2381,110,4,3,0,0
229.6429,-1.0,31,4,3,0,0
229.7619,-1.0,900,4,3,0,0
229.8810,-1.0,31,4,3,0,0
230.0,-1.0,900,4,3,0,0
230.1190,-1.0,31,4,3,0,0
230.4762,-1.0,83,7,3,0,0
230.4762,231.1905,110,7,3,0,0
230.5952,-1.0,31,7,3,0,0
230.7143,-1.0,900,7,3,0,0
230.8333,-1.0,31,7,3,0,0
230.9524,-1.0,900,7,3,0,0
231.0714,-1.0,31,7,3,0,0
231.4286,-1.0,83,1,3,0,0
231.4286,232.1429,110,1,3,0,0
231.5476,-1.0,31,1,3,0,0
231.6667,-1.0,900,1,3,0,0
231.7857,-1.0,31,1,3,0,0
231.9048,-1.0,900,1,3,0,0
232.0238,-1.0,31,1,3,0,0
232.3810,-1.0,20,7,3,0,0
232.6190,-1.0,20,7,3,0,0
232.8571,-1.0,20,4,3,0,0
233.0952,-1.0,20,4,3,0,0
233.3333,-1.0,50,10,3,0,0
233.5714,-1.0,10,1,3,0,0
233.8095,-1.0,10,7,3,0,0
234.0476,-1.0,10,4,3,0,0
234.2857,-1.0,20,10,3,0,0
234.6429,-1.0,20,4,3,0,0
235.0,-1.0,20,7,3,0,0
235.2381,-1.0,83,1,3,0,0
235.2381,235.7143,110,1,3,JumpScratch,6
235.4762,-1.0,900,1,3,0,0
235.7143,236.1905,110,4,3,JumpScratch,-6
235.9524,-1.0,900,4,3,0,0
236.1905,236.6667,110,1,3,JumpScratch,6
236.4286,-1.0,900,1,3,0,0
236.6667,237.1429,110,4,3,JumpScratch,-6
236.9048,-1.0,900,4,3,0,0
237.3810,-1.0,10,10,3,0,0
237.6190,-1.0,10,4,3,0,0
237.8571,-1.0,10,7,3,0,0
238.0952,-1.0,20,1,3,0,0
238.4524,-1.0,20,7,3,0,0
238.8095,-1.0,20,4,3,0,0
239.0476,-1.0,10,7,4,0,0
239.2857,-1.0,10,7,4,0,0
239.5238,-1.0,10,3,4,0,0
239.7619,-1.0,10,3,4,0,0
240.0,-1.0,50,9,4,0,0
240.4762,-1.0,50,1,4,0,0
240.9524,-1.0,80,2,3,0,0
240.9524,244.7619,100,2,3,0,0
240.9524,-1.0,80,9,3,0,0
240.9524,244.7619,100,9,3,0,0
241.1905,-1.0,900,2,3,0,0
241.1905,-1.0,900,9,3,0,0
241.4286,-1.0,900,2,3,0,0
241.4286,-1.0,900,9,3,0,0
241.6667,-1.0,900,2,3,0,0
241.6667,-1.0,900,9,3,0,0
241.9048,-1.0,900,2,3,0,0
241.9048,-1.0,900,9,3,0,0
242.1429,-1.0,900,2,3,0,0
242.1429,-1.0,900,9,3,0,0
242.3810,-1.0,900,2,3,0,0
242.3810,-1.0,900,9,3,0,0
242.6190,-1.0,900,2,3,0,0
242.6190,-1.0,900,9,3,0,0
242.8571,-1.0,900,2,3,0,0
242.8571,-1.0,900,9,3,0,0
243.0952,-1.0,900,2,3,0,0
243.0952,-1.0,900,9,3,0,0
243.3333,-1.0,900,2,3,0,0
243.3333,-1.0,900,9,3,0,0
243.5714,-1.0,900,2,3,0,0
243.5714,-1.0,900,9,3,0,0
243.8095,-1.0,900,2,3,0,0
243.8095,-1.0,900,9,3,0,0
244.0476,-1.0,900,2,3,0,0
244.0476,-1.0,900,9,3,0,0
244.2857,-1.0,900,2,3,0,0
244.2857,-1.0,900,9,3,0,0
244.5238,-1.0,900,2,3,0,0
244.5238,-1.0,900,9,3,0,0