3.6842,-1.0,10,1,3,0,0
1.0,1.0,0,0,0,11,2010
3.8158,-1.0,10,7,3,0,0
2.9737,2.9737,0,0,0,11,3040
3.9474,-1.0,10,4,3,0,0
47.8947,53.8158,0,0,0,14,11470
4.0789,-1.0,10,10,3,0,0
60.5263,66.5789,0,0,0,14,11470
4.2105,-1.0,10,4,3,0,0
89.9474,89.9474,0,0,0,11,2010
4.3421,-1.0,10,7,3,0,0
91.7895,91.7895,0,0,0,11,3040
4.4737,-1.0,83,1,3,0,0
4.4737,4.6053,110,1,3,JumpScratch,6
4.6053,4.7368,110,4,3,JumpScratch,-6
5.2632,-1.0,10,10,3,0,0
5.3947,-1.0,10,4,3,0,0
5.5263,-1.0,10,7,3,0,0
5.6579,-1.0,10,1,3,0,0
5.7895,-1.0,10,7,3,0,0
5.9211,-1.0,10,4,3,0,0
6.0526,-1.0,83,10,3,0,0
6.0526,6.1842,110,10,3,JumpScratch,-6
6.1842,6.3158,110,7,3,JumpScratch,6
6.8421,-1.0,10,1,3,0,0
6.9737,-1.0,10,7,3,0,0
7.1053,-1.0,10,4,3,0,0
7.2368,-1.0,10,10,3,0,0
7.3684,-1.0,10,4,3,0,0
7.5000,-1.0,10,7,3,0,0
7.6316,-1.0,83,1,3,0,0
7.6316,7.7632,110,1,3,JumpScratch,6
7.7632,7.8947,110,4,3,JumpScratch,-6
8.4211,-1.0,10,10,3,0,0
8.5526,-1.0,10,4,3,0,0
8.6842,-1.0,10,7,3,0,0
8.8158,-1.0,10,1,3,0,0
8.9474,-1.0,10,7,3,0,0
9.0789,-1.0,10,4,3,0,0
9.2105,-1.0,50,9,4,0,0
10.0,-1.0,10,11,2,0,0
10.2632,-1.0,10,3,2,0,0
10.3947,-1.0,10,9,2,0,0
10.6579,-1.0,10,1,2,0,0
10.7895,-1.0,80,10,2,0,0
10.7895,11.0526,100,10,2,0,0
10.9211,-1.0,900,10,2,0,0
11.0526,-1.0,80,4,2,0,0
11.0526,11.3158,100,4,2,0,0
11.1842,-1.0,900,4,2,0,0
11.3158,-1.0,10,8,2,0,0
11.5789,-1.0,80,2,2,0,0
11.5789,11.8421,100,2,2,0,0
11.7105,-1.0,900,2,2,0,0
11.8421,-1.0,80,8,2,0,0
11.8421,12.1053,100,8,2,0,0
11.9737,-1.0,900,8,2,0,0
12.1053,-1.0,82,4,2,0,0
12.1053,12.3684,110,4,2,0,0
12.2368,-1.0,900,4,2,0,0
13.1579,-1.0,80,10,2,0,0
13.1579,13.4211,100,10,2,0,0
13.2895,-1.0,900,10,2,0,0
13.4211,-1.0,80,3,2,0,0
13.4211,13.6842,100,3,2,0,0
13.5526,-1.0,900,3,2,0,0
13.6842,-1.0,80,8,2,0,0
13.6842,13.9474,100,8,2,0,0
13.8158,-1.0,900,8,2,0,0
13.9474,-1.0,50,1,2,0,0
14.7368,-1.0,80,2,2,0,0
14.7368,15.0,100,2,2,0,0
14.8684,-1.0,900,2,2,0,0
15.0,-1.0,80,9,2,0,0
15.0,15.2632,100,9,2,0,0
15.1316,-1.0,900,9,2,0,0
15.2632,-1.0,80,4,2,0,0
15.2632,15.5263,100,4,2,0,0
15.3947,-1.0,900,4,2,0,0
15.5263,-1.0,50,11,2,0,0
16.3158,-1.0,10,1,2,0,0
16.5789,-1.0,10,9,2,0,0
16.7105,-1.0,10,3,2,0,0
16.9737,-1.0,10,11,2,0,0
17.1053,-1.0,80,2,2,0,0
17.1053,17.3684,100,2,2,0,0
17.2368,-1.0,900,2,2,0,0
17.3684,-1.0,80,8,2,0,0
17.3684,17.6316,100,8,2,0,0
17.5000,-1.0,900,8,2,0,0
17.6316,-1.0,10,4,2,0,0
17.8947,-1.0,80,10,2,0,0
17.8947,18.1579,100,10,2,0,0
18.0263,-1.0,900,10,2,0,0
18.1579,-1.0,80,4,2,0,0
18.1579,18.4211,100,4,2,0,0
18.2895,-1.0,900,4,2,0,0
18.4211,-1.0,82,8,2,0,0
18.4211,18.6842,110,8,2,0,0
18.5526,-1.0,900,8,2,0,0
19.4737,-1.0,80,1,2,0,0
19.4737,19.7368,100,1,2,0,0
19.6053,-1.0,900,1,2,0,0
19.7368,-1.0,80,9,2,0,0
19.7368,20.0,100,9,2,0,0
19.8684,-1.0,900,9,2,0,0
20.0,-1.0,80,4,2,0,0
20.0,20.2632,100,4,2,0,0
20.1316,-1.0,900,4,2,0,0
20.2632,-1.0,80,11,2,0,0
20.2632,20.5263,100,11,2,0,0
20.3947,-1.0,900,11,2,0,0
20.5263,-1.0,80,3,2,0,0
20.5263,20.7895,100,3,2,0,0
20.6579,-1.0,900,3,2,0,0
20.7895,-1.0,50,8,2,0,0
21.0526,-1.0,83,1,3,0,0
21.0526,21.8421,110,1,3,JumpScratch,6
21.0526,-1.0,83,10,3,0,0
21.0526,21.8421,110,10,3,JumpScratch,-6
21.1842,-1.0,900,1,3,0,0
21.1842,-1.0,900,10,3,0,0
21.3158,-1.0,900,1,3,0,0
21.3158,-1.0,900,10,3,0,0
21.4474,-1.0,900,1,3,0,0
21.4474,-1.0,900,10,3,0,0
21.5789,-1.0,900,1,3,0,0
21.5789,-1.0,900,10,3,0,0
21.7105,-1.0,900,1,3,0,0
21.7105,-1.0,900,10,3,0,0
21.8421,22.6316,110,4,3,JumpScratch,-6
21.8421,22.6316,110,7,3,JumpScratch,6
21.9737,-1.0,900,4,3,0,0
21.9737,-1.0,900,7,3,0,0
22.1053,-1.0,900,4,3,0,0
22.1053,-1.0,900,7,3,0,0
22.2368,-1.0,900,4,3,0,0
22.2368,-1.0,900,7,3,0,0
22.3684,-1.0,900,4,3,0,0
22.3684,-1.0,900,7,3,0,0
22.5000,-1.0,900,4,3,0,0
22.5000,-1.0,900,7,3,0,0
22.8947,-1.0,10,10,3,0,0
23.0263,-1.0,10,4,3,0,0
23.1579,-1.0,10,10,3,0,0
23.4211,-1.0,82,1,3,0,0
23.4211,23.6842,110,1,3,JumpScratch,6
23.4211,-1.0,82,7,3,0,0
23.4211,23.6842,110,7,3,JumpScratch,6
23.5526,-1.0,900,1,3,0,0
23.5526,-1.0,900,7,3,0,0
23.9474,-1.0,80,10,3,0,0
23.9474,24.2105,100,10,3,0,0
24.0789,-1.0,900,10,3,0,0
24.2105,-1.0,80,4,3,0,0
24.2105,24.4737,100,4,3,0,0
24.3421,-1.0,900,4,3,0,0
24.4737,-1.0,10,7,3,0,0
24.7368,-1.0,10,1,3,0,0
24.8684,-1.0,10,7,3,0,0
25.0,-1.0,82,1,3,0,0
25.0,25.2632,110,1,3,JumpScratch,6
25.1316,-1.0,900,1,3,0,0
25.2632,25.5263,110,4,3,JumpScratch,-6
25.2632,-1.0,82,10,3,0,0
25.2632,25.5263,110,10,3,JumpScratch,-6
25.3947,-1.0,900,4,3,0,0
25.3947,-1.0,900,10,3,0,0
25.5263,25.7895,110,1,3,JumpScratch,6
25.5263,25.7895,110,7,3,JumpScratch,6
25.6579,-1.0,900,1,3,0,0
25.6579,-1.0,900,7,3,0,0
26.0526,-1.0,10,4,3,0,0
26.1842,-1.0,10,10,3,0,0
26.3158,-1.0,10,4,3,0,0
26.5789,-1.0,80,7,3,0,0
26.5789,26.8421,100,7,3,0,0
26.7105,-1.0,900,7,3,0,0
26.8421,-1.0,80,1,3,0,0
26.8421,27.1053,100,1,3,0,0
26.9737,-1.0,900,1,3,0,0
27.1053,-1.0,10,10,3,0,0
27.3684,-1.0,80,4,3,0,0
27.3684,27.6316,100,4,3,0,0
27.5000,-1.0,900,4,3,0,0
27.6316,-1.0,10,7,3,0,0
27.7632,-1.0,10,1,3,0,0
27.8947,-1.0,10,7,3,0,0
28.1579,-1.0,82,4,3,0,0
28.1579,28.4211,110,4,3,JumpScratch,-6
28.1579,-1.0,82,10,3,0,0
28.1579,28.4211,110,10,3,JumpScratch,-6
28.2895,-1.0,900,4,3,0,0
28.2895,-1.0,900,10,3,0,0
28.4211,28.6842,110,1,3,JumpScratch,6
28.4211,28.6842,110,7,3,JumpScratch,6
28.5526,-1.0,900,1,3,0,0
28.5526,-1.0,900,7,3,0,0
28.6842,28.9474,110,4,3,JumpScratch,-6
28.6842,28.9474,110,10,3,JumpScratch,-6
28.8158,-1.0,900,4,3,0,0
28.8158,-1.0,900,10,3,0,0
29.2105,-1.0,10,7,3,0,0
29.3421,-1.0,10,1,3,0,0
29.4737,-1.0,10,7,3,0,0
29.7368,-1.0,80,4,3,0,0
29.7368,30.0,100,4,3,0,0
29.8684,-1.0,900,4,3,0,0
30.0,-1.0,10,10,3,0,0
30.2632,-1.0,82,1,3,0,0
30.2632,30.5263,110,1,3,JumpScratch,6
30.3947,-1.0,900,1,3,0,0
30.5263,30.7895,110,4,3,JumpScratch,-6
30.5263,-1.0,10,10,3,0,0
30.6579,-1.0,900,4,3,0,0
30.7895,-1.0,80,7,3,0,0
30.7895,31.0526,100,7,3,0,0
30.9211,-1.0,900,7,3,0,0
31.0526,-1.0,10,4,3,0,0
31.1842,-1.0,10,10,3,0,0
31.3158,-1.0,10,4,3,0,0
31.5789,-1.0,80,7,3,0,0
31.5789,31.8421,100,7,3,0,0
31.7105,-1.0,900,7,3,0,0
31.8421,-1.0,10,1,3,0,0
32.1053,-1.0,50,4,3,0,0
32.1053,-1.0,80,10,3,0,0
32.1053,32.3684,100,10,3,0,0
32.2368,-1.0,900,10,3,0,0
32.3684,-1.0,80,1,3,0,0
32.3684,32.6316,100,1,3,0,0
32.5000,-1.0,900,1,3,0,0
32.6316,-1.0,10,7,3,0,0
32.8947,-1.0,83,1,3,0,0
32.8947,33.4211,110,1,3,JumpScratch,6
32.8947,-1.0,83,10,3,0,0
32.8947,33.4211,110,10,3,JumpScratch,-6
33.0263,-1.0,900,1,3,0,0
33.0263,-1.0,900,10,3,0,0
33.1579,-1.0,900,1,3,0,0
33.1579,-1.0,900,10,3,0,0
33.2895,-1.0,900,1,3,0,0
33.2895,-1.0,900,10,3,0,0
33.4211,33.6842,110,4,3,JumpScratch,-6
33.4211,33.6842,110,7,3,JumpScratch,6
33.5526,-1.0,900,4,3,0,0
33.5526,-1.0,900,7,3,0,0
33.6842,34.4737,110,1,4,JumpScratch,6
33.6842,34.4737,110,9,4,JumpScratch,-6
33.8158,-1.0,900,1,4,0,0
33.8158,-1.0,900,9,4,0,0
33.9474,-1.0,900,1,4,0,0
33.9474,-1.0,900,9,4,0,0
34.0789,-1.0,900,1,4,0,0
34.0789,-1.0,900,9,4,0,0
34.2105,-1.0,900,1,4,0,0
34.2105,-1.0,900,9,4,0,0
34.3421,-1.0,900,1,4,0,0
34.3421,-1.0,900,9,4,0,0
34.4737,35.2632,110,3,4,JumpScratch,-6
34.4737,35.2632,110,7,4,JumpScratch,6
34.6053,-1.0,900,3,4,0,0
34.6053,-1.0,900,7,4,0,0
34.7368,-1.0,900,3,4,0,0
34.7368,-1.0,900,7,4,0,0
34.8684,-1.0,900,3,4,0,0
34.8684,-1.0,900,7,4,0,0
35.0,-1.0,900,3,4,0,0
35.0,-1.0,900,7,4,0,0
35.1316,-1.0,900,3,4,0,0
35.1316,-1.0,900,7,4,0,0
36.0526,-1.0,10,4,2,0,0
36.0526,-1.0,10,11,2,0,0
36.8421,-1.0,10,1,2,0,0
36.8421,-1.0,10,8,2,0,0
37.6316,-1.0,10,4,2,0,0
37.6316,-1.0,80,11,2,0,0
37.6316,37.8289,100,11,2,0,0
37.7632,-1.0,900,11,2,0,0
38.0263,-1.0,10,3,2,0,0
38.0263,-1.0,80,9,2,0,0
38.0263,38.2237,100,9,2,0,0
38.1579,-1.0,900,9,2,0,0
38.4211,-1.0,50,6,2,0,0
39.2105,-1.0,10,1,2,0,0
39.2105,-1.0,10,8,2,0,0
40.0,-1.0,10,4,2,0,0
40.0,-1.0,10,11,2,0,0
40.7895,-1.0,80,1,2,0,0
40.7895,40.9868,100,1,2,0,0
40.7895,-1.0,10,8,2,0,0
40.9211,-1.0,900,1,2,0,0
41.1842,-1.0,80,3,2,0,0
41.1842,41.3816,100,3,2,0,0
41.1842,-1.0,10,9,2,0,0
41.3158,-1.0,900,3,2,0,0
41.5789,-1.0,50,5,4,0,0
41.9737,-1.0,80,10,3,0,0
41.9737,42.3684,100,10,3,0,0
42.1053,-1.0,900,10,3,0,0
42.2368,-1.0,900,10,3,0,0
42.3684,-1.0,10,4,3,0,0
42.7632,-1.0,80,7,3,0,0
42.7632,43.1579,100,7,3,0,0
42.8947,-1.0,900,7,3,0,0
43.0263,-1.0,900,7,3,0,0
43.1579,-1.0,80,1,3,0,0
43.1579,43.5526,100,1,3,0,0
43.2895,-1.0,900,1,3,0,0
43.4211,-1.0,900,1,3,0,0
43.5526,-1.0,80,10,3,0,0
43.5526,43.9474,100,10,3,0,0
43.6842,-1.0,900,10,3,0,0
43.8158,-1.0,900,10,3,0,0
43.9474,-1.0,80,4,3,0,0
43.9474,44.3421,100,4,3,0,0
44.0789,-1.0,900,4,3,0,0
44.2105,-1.0,900,4,3,0,0
44.7368,-1.0,83,1,3,0,0
44.7368,45.1316,110,1,3,JumpScratch,5
44.7368,-1.0,83,10,3,0,0
44.7368,45.1316,110,10,3,JumpScratch,-6
44.8684,-1.0,900,1,3,0,0
44.8684,-1.0,900,10,3,0,0
45.0,-1.0,900,1,3,0,0
45.0,-1.0,900,10,3,0,0
45.1316,45.5263,110,7,3,JumpScratch,6
45.2632,-1.0,900,7,3,0,0
45.3947,-1.0,900,7,3,0,0
45.5263,-1.0,83,1,3,0,0
45.5263,45.9211,110,1,3,JumpScratch,6
45.5263,45.9211,110,10,3,JumpScratch,-5
45.6579,-1.0,900,1,3,0,0
45.6579,-1.0,900,10,3,0,0
45.7895,-1.0,900,1,3,0,0
45.7895,-1.0,900,10,3,0,0
45.9211,46.3158,110,4,3,JumpScratch,-6
46.0526,-1.0,900,4,3,0,0
46.1842,-1.0,900,4,3,0,0
46.3158,46.7105,110,1,3,JumpScratch,6
46.3158,-1.0,83,10,3,0,0
46.3158,46.7105,110,10,3,JumpScratch,-6
46.4474,-1.0,900,1,3,0,0
46.4474,-1.0,900,10,3,0,0
46.5789,-1.0,900,1,3,0,0
46.5789,-1.0,900,10,3,0,0
46.7105,47.1053,110,4,3,0,0
46.7105,47.1053,110,7,3,0,0
46.8421,-1.0,900,4,3,0,0
46.8421,-1.0,900,7,3,0,0
46.9737,-1.0,900,4,3,0,0
46.9737,-1.0,900,7,3,0,0
47.8947,-1.0,20,1,3,0,0
47.8947,-1.0,20,10,3,0,0
48.2895,-1.0,10,7,3,0,0
48.4211,-1.0,10,4,3,0,0
48.5526,-1.0,10,10,3,0,0
48.6842,-1.0,80,1,3,0,0
48.6842,48.9474,100,1,3,0,0
48.8158,-1.0,900,1,3,0,0
48.9474,-1.0,80,7,3,0,0
48.9474,49.2105,100,7,3,0,0
49.0789,-1.0,900,7,3,0,0
49.2105,-1.0,80,4,3,0,0
49.2105,49.4737,100,4,3,0,0
49.3421,-1.0,900,4,3,0,0
49.4737,-1.0,50,10,3,0,0
49.8684,-1.0,10,4,3,0,0
50.0,-1.0,10,7,3,0,0
50.1316,-1.0,10,1,3,0,0
50.2632,-1.0,80,10,3,0,0
50.2632,50.5263,100,10,3,0,0
50.3947,-1.0,900,10,3,0,0
50.5263,-1.0,80,4,3,0,0
50.5263,50.7895,100,4,3,0,0
50.6579,-1.0,900,4,3,0,0
50.7895,-1.0,80,7,3,0,0
50.7895,51.0526,100,7,3,0,0
50.9211,-1.0,900,7,3,0,0
51.0526,-1.0,50,1,3,0,0
51.4474,-1.0,10,7,3,0,0
51.5789,-1.0,10,4,3,0,0
51.7105,-1.0,10,10,3,0,0
51.8421,-1.0,80,1,3,0,0
51.8421,52.1053,100,1,3,0,0
51.9737,-1.0,900,1,3,0,0
52.1053,-1.0,80,7,3,0,0
52.1053,52.3684,100,7,3,0,0
52.2368,-1.0,900,7,3,0,0
52.3684,-1.0,10,4,3,0,0
52.6316,-1.0,50,1,3,0,0
52.6316,-1.0,83,10,3,0,0
52.6316,53.0263,110,10,3,0,0
52.7632,-1.0,900,10,3,0,0
52.8947,-1.0,900,10,3,0,0
53.0263,-1.0,83,4,3,0,0
53.0263,53.4211,110,4,3,0,0
53.1579,-1.0,900,4,3,0,0
53.2895,-1.0,900,4,3,0,0
53.4211,-1.0,81,7,3,0,0
53.4211,53.8158,101,7,3,0,0
53.5526,-1.0,900,7,3,0,0
53.6842,-1.0,900,7,3,0,0
53.8158,-1.0,10,1,3,0,0
54.0789,-1.0,81,4,3,0,0
54.0789,54.6053,101,4,3,0,0
54.0789,-1.0,50,10,3,0,0
54.2105,-1.0,900,4,3,0,0
54.3421,-1.0,900,4,3,0,0
54.4737,-1.0,900,4,3,0,0
54.6053,-1.0,10,7,3,0,0
54.8684,-1.0,20,1,4,0,0
54.8684,-1.0,81,7,3,0,0
54.8684,55.3947,101,7,3,0,0
55.0,-1.0,900,7,3,0,0
55.1316,-1.0,900,7,3,0,0
55.2632,-1.0,900,7,3,0,0
55.3947,-1.0,10,4,3,0,0
55.6579,-1.0,81,4,3,0,0
55.6579,56.1842,101,4,3,0,0
55.6579,-1.0,20,9,4,0,0
55.7895,-1.0,900,4,3,0,0
55.9211,-1.0,900,4,3,0,0
56.0526,-1.0,900,4,3,0,0
56.1842,-1.0,83,7,3,0,0
56.1842,56.4474,110,7,3,JumpScratch,6
56.3158,-1.0,900,7,3,0,0
56.4474,-1.0,50,2,4,0,0
56.4474,56.9737,110,10,3,0,0
56.5789,-1.0,900,10,3,0,0
56.7105,-1.0,900,10,3,0,0
56.8421,-1.0,900,10,3,0,0
56.9737,-1.0,20,1,4,0,0
57.3684,-1.0,81,1,4,0,0
57.3684,57.8947,101,1,4,0,0
57.3684,-1.0,20,9,4,0,0
57.5000,-1.0,900,1,4,0,0
57.6316,-1.0,900,1,4,0,0
57.6316,-1.0,10,7,4,0,0
57.7632,-1.0,900,1,4,0,0
57.8947,-1.0,10,5,4,0,0
58.1579,-1.0,20,1,4,0,0
58.1579,-1.0,81,9,4,0,0
58.1579,58.6842,101,9,4,0,0
58.2895,-1.0,900,9,4,0,0
58.4211,-1.0,10,3,4,0,0
58.4211,-1.0,900,9,4,0,0
58.5526,-1.0,900,9,4,0,0
58.6842,-1.0,10,5,4,0,0
58.9474,-1.0,83,1,3,0,0
58.9474,59.7368,110,1,3,JumpScratch,6
58.9474,-1.0,83,10,3,0,0
58.9474,59.3421,110,10,3,JumpScratch,-6
59.0789,-1.0,900,1,3,0,0
59.0789,-1.0,900,10,3,0,0
59.2105,-1.0,900,1,3,0,0
59.2105,-1.0,900,10,3,0,0
59.3421,-1.0,900,1,3,0,0
59.3421,60.1316,110,7,3,0,0
59.4737,-1.0,900,1,3,0,0
59.4737,-1.0,900,7,3,0,0
59.6053,-1.0,900,1,3,0,0
59.6053,-1.0,900,7,3,0,0
59.7368,60.1316,110,4,3,0,0
59.7368,-1.0,900,7,3,0,0
59.8684,-1.0,900,4,3,0,0
59.8684,-1.0,900,7,3,0,0
60.0,-1.0,900,4,3,0,0
60.0,-1.0,900,7,3,0,0
60.5263,-1.0,20,1,3,0,0
60.5263,-1.0,20,10,3,0,0
60.9211,-1.0,10,1,3,0,0
61.0526,-1.0,10,7,3,0,0
61.1842,-1.0,10,4,3,0,0
61.3158,-1.0,80,10,3,0,0
61.3158,61.5789,100,10,3,0,0
61.4474,-1.0,900,10,3,0,0
61.5789,-1.0,80,4,3,0,0
61.5789,61.8421,100,4,3,0,0
61.7105,-1.0,900,4,3,0,0
61.8421,-1.0,80,7,3,0,0
61.8421,62.1053,100,7,3,0,0
61.9737,-1.0,900,7,3,0,0
62.1053,-1.0,50,1,3,0,0
62.5000,-1.0,10,10,3,0,0
62.6316,-1.0,10,4,3,0,0
62.7632,-1.0,10,7,3,0,0
62.8947,-1.0,80,1,3,0,0
62.8947,63.1579,100,1,3,0,0
63.0263,-1.0,900,1,3,0,0
63.1579,-1.0,80,7,3,0,0
63.1579,63.4211,100,7,3,0,0
63.2895,-1.0,900,7,3,0,0
63.4211,-1.0,80,4,3,0,0
63.4211,63.6842,100,4,3,0,0
63.5526,-1.0,900,4,3,0,0
63.6842,-1.0,50,10,3,0,0
64.0789,-1.0,10,1,3,0,0
64.2105,-1.0,10,7,3,0,0
64.3421,-1.0,10,4,3,0,0
64.4737,-1.0,80,10,3,0,0
64.4737,64.7368,100,10,3,0,0
64.6053,-1.0,900,10,3,0,0
64.7368,-1.0,80,4,3,0,0
64.7368,65.0,100,4,3,0,0
64.8684,-1.0,900,4,3,0,0
65.0,-1.0,10,7,3,0,0
65.2632,-1.0,83,1,3,0,0
65.2632,65.6579,110,1,3,0,0
65.2632,-1.0,83,10,3,0,0
65.2632,65.6579,110,10,3,0,0
65.3947,-1.0,900,1,3,0,0
65.3947,-1.0,900,10,3,0,0
65.5263,-1.0,900,1,3,0,0
65.5263,-1.0,900,10,3,0,0
66.0526,-1.0,20,4,3,0,0
66.0526,-1.0,20,10,3,0,0
66.3158,-1.0,20,4,3,0,0
66.3158,-1.0,20,7,3,0,0
66.5789,-1.0,20,1,3,0,0
66.5789,-1.0,20,7,3,0,0
66.8421,-1.0,83,4,3,0,0
66.8421,67.2368,110,4,3,0,0
66.8421,-1.0,83,7,3,0,0
66.8421,67.2368,110,7,3,0,0
66.9737,-1.0,900,4,3,0,0
66.9737,-1.0,900,7,3,0,0
67.1053,-1.0,900,4,3,0,0
67.1053,-1.0,900,7,3,0,0
67.6316,-1.0,10,1,3,0,0
67.6316,-1.0,10,10,3,0,0
67.8947,-1.0,10,4,3,0,0
68.1579,-1.0,10,7,3,0,0
68.4211,-1.0,83,4,3,0,0
68.4211,68.8158,110,4,3,JumpScratch,-6
68.4211,-1.0,50,10,3,0,0
68.5526,-1.0,900,4,3,0,0
68.6842,-1.0,900,4,3,0,0
68.8158,-1.0,83,7,3,0,0
68.8158,69.2105,110,7,3,JumpScratch,6
68.9474,-1.0,900,7,3,0,0
69.0789,-1.0,900,7,3,0,0
69.2105,-1.0,83,1,3,0,0
69.2105,69.4737,110,1,3,JumpScratch,5
69.2105,69.4737,110,10,3,JumpScratch,-5
69.3421,-1.0,900,1,3,0,0
69.3421,-1.0,900,10,3,0,0
70.0,-1.0,20,4,4,0,0
70.0,-1.0,81,9,4,0,0
70.0,70.5263,101,9,4,0,0
70.1316,-1.0,900,9,4,0,0
70.2632,-1.0,10,1,4,0,0
70.2632,-1.0,900,9,4,0,0
70.3947,-1.0,900,9,4,0,0
70.5263,-1.0,10,4,4,0,0
70.7895,-1.0,81,1,4,0,0
70.7895,71.3158,101,1,4,0,0
70.7895,-1.0,20,6,4,0,0
70.9211,-1.0,900,1,4,0,0
71.0526,-1.0,900,1,4,0,0
71.0526,-1.0,10,9,4,0,0
71.1842,-1.0,900,1,4,0,0
71.3158,-1.0,10,6,4,0,0
71.5789,-1.0,81,1,3,0,0
71.5789,71.8421,101,1,3,0,0
71.5789,-1.0,50,7,6,0,0
71.7105,-1.0,900,1,3,0,0
71.8421,-1.0,10,7,3,0,0
71.9737,-1.0,10,4,3,0,0
72.1053,-1.0,10,7,3,0,0
72.3684,-1.0,50,1,6,0,0
72.3684,-1.0,81,10,3,0,0
72.3684,72.6316,101,10,3,0,0
72.5000,-1.0,900,10,3,0,0
72.6316,-1.0,10,4,3,0,0
72.7632,-1.0,10,7,3,0,0
72.8947,-1.0,10,4,3,0,0
73.1579,-1.0,10,1,4,0,0
73.1579,-1.0,10,7,4,0,0
73.4211,-1.0,81,3,4,0,0
73.4211,73.6842,101,3,4,0,0
73.4211,-1.0,50,7,6,0,0
73.5526,-1.0,900,3,4,0,0
73.9474,-1.0,10,3,4,0,0
73.9474,-1.0,10,9,4,0,0
74.2105,-1.0,50,1,6,0,0
74.2105,-1.0,81,7,4,0,0
74.2105,74.4737,101,7,4,0,0
74.3421,-1.0,900,7,4,0,0
74.7368,-1.0,83,1,3,0,0
74.7368,75.5263,110,1,3,JumpScratch,5
74.7368,-1.0,50,9,4,0,0
74.8684,-1.0,900,1,3,0,0
75.0,-1.0,900,1,3,0,0
75.1316,-1.0,900,1,3,0,0
75.2632,-1.0,900,1,3,0,0
75.2632,-1.0,82,7,3,0,0
75.2632,75.5263,110,7,3,JumpScratch,6
75.3947,-1.0,900,1,3,0,0
75.3947,-1.0,900,7,3,0,0
75.5263,76.3158,110,10,3,JumpScratch,-5
75.6579,-1.0,900,10,3,0,0
75.7895,-1.0,900,10,3,0,0
75.9211,-1.0,900,10,3,0,0
76.0526,-1.0,82,4,3,0,0
76.0526,76.3158,110,4,3,JumpScratch,-6
76.0526,-1.0,900,10,3,0,0
76.1842,-1.0,900,4,3,0,0
76.1842,-1.0,900,10,3,0,0
76.3158,77.1053,110,1,3,0,0
76.4474,-1.0,900,1,3,0,0
76.5789,-1.0,900,1,3,0,0
76.7105,-1.0,900,1,3,0,0
76.8421,-1.0,900,1,3,0,0
76.8421,-1.0,10,7,3,0,0
76.9737,-1.0,900,1,3,0,0
77.1053,-1.0,10,10,3,0,0
77.3684,-1.0,10,7,3,0,0
77.6316,-1.0,10,4,3,0,0
77.8947,-1.0,83,1,3,0,0
77.8947,78.1579,110,1,3,JumpScratch,6
77.8947,-1.0,83,10,3,0,0
77.8947,78.1579,110,10,3,JumpScratch,-6
78.0263,-1.0,900,1,3,0,0
78.0263,-1.0,900,10,3,0,0
78.1579,79.4737,110,4,3,JumpScratch,-6
78.1579,78.6842,110,7,3,JumpScratch,6
78.2895,-1.0,900,4,3,0,0
78.2895,-1.0,900,7,3,0,0
78.4211,-1.0,900,4,3,0,0
78.4211,-1.0,900,7,3,0,0
78.5526,-1.0,900,4,3,0,0
78.5526,-1.0,900,7,3,0,0
78.6842,-1.0,900,4,3,0,0
78.6842,78.9474,110,10,3,JumpScratch,-6
78.8158,-1.0,900,4,3,0,0
78.8158,-1.0,900,10,3,0,0
78.9474,-1.0,900,4,3,0,0
78.9474,80.2632,110,7,3,JumpScratch,6
79.0789,-1.0,900,4,3,0,0
79.0789,-1.0,900,7,3,0,0
79.2105,-1.0,900,4,3,0,0
79.2105,-1.0,900,7,3,0,0
79.3421,-1.0,900,4,3,0,0
79.3421,-1.0,900,7,3,0,0
79.4737,79.7368,110,1,3,JumpScratch,6
79.4737,-1.0,900,7,3,0,0
79.6053,-1.0,900,1,3,0,0
79.6053,-1.0,900,7,3,0,0
79.7368,80.2632,110,4,3,JumpScratch,-6
79.7368,-1.0,900,7,3,0,0
79.8684,-1.0,900,4,3,0,0
79.8684,-1.0,900,7,3,0,0
80.0,-1.0,900,4,3,0,0
80.0,-1.0,900,7,3,0,0
80.1316,-1.0,900,4,3,0,0
80.1316,-1.0,900,7,3,0,0
80.2632,80.5263,110,1,3,0,0
80.2632,80.5263,110,10,3,0,0
80.3947,-1.0,900,1,3,0,0
80.3947,-1.0,900,10,3,0,0
81.0526,-1.0,50,1,4,0,0
81.0526,-1.0,83,10,3,0,0
81.0526,81.8421,110,10,3,JumpScratch,-5
81.1842,-1.0,900,10,3,0,0
81.3158,-1.0,900,10,3,0,0
81.4474,-1.0,900,10,3,0,0
81.5789,-1.0,82,4,3,0,0
81.5789,81.8421,110,4,3,JumpScratch,-6
81.5789,-1.0,900,10,3,0,0
81.7105,-1.0,900,4,3,0,0
81.7105,-1.0,900,10,3,0,0
81.8421,82.6316,110,1,3,JumpScratch,5
81.9737,-1.0,900,1,3,0,0
82.1053,-1.0,900,1,3,0,0
82.2368,-1.0,900,1,3,0,0
82.3684,-1.0,900,1,3,0,0
82.3684,-1.0,82,7,3,0,0
82.3684,82.6316,110,7,3,JumpScratch,6
82.5000,-1.0,900,1,3,0,0
82.5000,-1.0,900,7,3,0,0
82.6316,83.4211,110,10,3,0,0
82.7632,-1.0,900,10,3,0,0
82.8947,-1.0,900,10,3,0,0
83.0263,-1.0,900,10,3,0,0
83.1579,-1.0,10,4,3,0,0
83.1579,-1.0,900,10,3,0,0
83.2895,-1.0,900,10,3,0,0
83.4211,-1.0,10,1,3,0,0
83.6842,-1.0,10,4,3,0,0
83.9474,-1.0,10,7,3,0,0
84.2105,-1.0,83,1,3,0,0
84.2105,84.4737,110,1,3,JumpScratch,6
84.2105,-1.0,83,10,3,0,0
84.2105,84.4737,110,10,3,JumpScratch,-6
84.3421,-1.0,900,1,3,0,0
84.3421,-1.0,900,10,3,0,0
84.4737,85.0,110,4,3,JumpScratch,-6
84.4737,85.7895,110,7,3,JumpScratch,6
84.6053,-1.0,900,4,3,0,0
84.6053,-1.0,900,7,3,0,0
84.7368,-1.0,900,4,3,0,0
84.7368,-1.0,900,7,3,0,0
84.8684,-1.0,900,4,3,0,0
84.8684,-1.0,900,7,3,0,0
85.0,85.2632,110,1,3,JumpScratch,6
85.0,-1.0,900,7,3,0,0
85.1316,-1.0,900,1,3,0,0
85.1316,-1.0,900,7,3,0,0
85.2632,86.5789,110,4,3,JumpScratch,-6
85.2632,-1.0,900,7,3,0,0
85.3947,-1.0,900,4,3,0,0
85.3947,-1.0,900,7,3,0,0
85.5263,-1.0,900,4,3,0,0
85.5263,-1.0,900,7,3,0,0
85.6579,-1.0,900,4,3,0,0
85.6579,-1.0,900,7,3,0,0
85.7895,-1.0,900,4,3,0,0
85.7895,86.0526,110,10,3,JumpScratch,-6
85.9211,-1.0,900,4,3,0,0
85.9211,-1.0,900,10,3,0,0
86.0526,-1.0,900,4,3,0,0
86.0526,86.5789,110,7,3,JumpScratch,6
86.1842,-1.0,900,4,3,0,0
86.1842,-1.0,900,7,3,0,0
86.3158,-1.0,900,4,3,0,0
86.3158,-1.0,900,7,3,0,0
86.4474,-1.0,900,4,3,0,0
86.4474,-1.0,900,7,3,0,0
86.5789,86.8421,110,1,3,0,0
86.5789,86.8421,110,10,3,0,0
86.7105,-1.0,900,1,3,0,0
86.7105,-1.0,900,10,3,0,0
87.3684,-1.0,10,3,4,0,0
87.3684,-1.0,10,9,4,0,0
87.6316,-1.0,81,1,4,0,0
87.6316,87.8947,101,1,4,0,0
87.6316,-1.0,50,5,6,0,0
87.7632,-1.0,900,1,4,0,0
88.1579,-1.0,10,1,4,0,0
88.1579,-1.0,10,7,4,0,0
88.4211,-1.0,50,3,6,0,0
88.4211,-1.0,81,9,4,0,0
88.4211,88.6842,101,9,4,0,0
88.5526,-1.0,900,9,4,0,0
88.9474,-1.0,10,1,2,0,0
89.0789,-1.0,10,8,2,0,0
89.2105,-1.0,10,4,2,0,0
89.3421,-1.0,10,11,2,0,0
89.4737,-1.0,10,4,2,0,0
89.6053,-1.0,10,8,2,0,0
89.7368,-1.0,82,1,2,0,0
89.7368,89.8684,110,1,2,JumpScratch,5
89.8684,90.0,110,4,2,JumpScratch,-5
90.7895,-1.0,10,11,2,0,0
90.9211,-1.0,10,4,2,0,0
91.0526,-1.0,10,8,2,0,0
91.1842,-1.0,10,1,2,0,0
91.3158,-1.0,10,8,2,0,0
91.4474,-1.0,10,4,2,0,0
91.5789,-1.0,82,11,2,0,0
91.5789,91.7105,110,11,2,JumpScratch,-5
91.7105,91.8421,110,8,2,JumpScratch,5
92.6316,-1.0,10,2,2,0,0
92.6316,-1.0,80,10,2,0,0
92.6316,93.0263,100,10,2,0,0
92.7632,-1.0,900,10,2,0,0
92.8947,-1.0,900,10,2,0,0
93.0263,-1.0,80,4,2,0,0
93.0263,93.2895,100,4,2,0,0
93.1579,-1.0,900,4,2,0,0
93.2895,-1.0,10,8,2,0,0
93.4211,-1.0,80,2,2,0,0
93.4211,93.6842,100,2,2,0,0
93.5526,-1.0,900,2,2,0,0
93.6842,-1.0,80,9,2,0,0
93.6842,93.9474,100,9,2,0,0
93.8158,-1.0,900,9,2,0,0
93.9474,-1.0,10,4,2,0,0
94.2105,-1.0,80,10,2,0,0
94.2105,94.4737,100,10,2,0,0
94.3421,-1.0,900,10,2,0,0
94.4737,-1.0,80,3,2,0,0
94.4737,94.7368,100,3,2,0,0
94.6053,-1.0,900,3,2,0,0
94.7368,-1.0,82,8,2,0,0
94.7368,95.0,110,8,2,0,0
94.8684,-1.0,900,8,2,0,0
95.7895,-1.0,80,1,2,0,0
95.7895,96.0526,100,1,2,0,0
95.9211,-1.0,900,1,2,0,0
96.0526,-1.0,80,8,2,0,0
96.0526,96.3158,100,8,2,0,0
96.1842,-1.0,900,8,2,0,0
96.3158,-1.0,80,4,2,0,0
96.3158,96.5789,100,4,2,0,0
96.4474,-1.0,900,4,2,0,0
96.5789,-1.0,50,10,3,0,0
97.3684,-1.0,80,11,2,0,0
97.3684,97.6316,100,11,2,0,0
97.5000,-1.0,900,11,2,0,0
97.6316,-1.0,80,4,2,0,0
97.6316,97.8947,100,4,2,0,0
97.7632,-1.0,900,4,2,0,0
97.8947,-1.0,80,8,2,0,0
97.8947,98.1579,100,8,2,0,0
98.0263,-1.0,900,8,2,0,0
98.1579,-1.0,50,1,3,0,0