0.2256,-1.0,20,2,3,0,0
1.2256,1.2256,0,0,0,11,10410
0.2256,-1.0,20,9,3,0,0
18.1996,30.8366,0,0,0,14,10410
0.6767,-1.0,10,4,2,0,0
101.4188,111.2818,0,0,0,14,10410
0.8271,-1.0,10,7,2,0,0
115.5695,115.5695,0,0,0,11,10410
0.9774,-1.0,10,5,2,0,0
1.1278,-1.0,50,8,2,0,0
1.5789,-1.0,10,8,2,0,0
1.7293,-1.0,10,5,2,0,0
1.8797,-1.0,10,7,2,0,0
2.0301,-1.0,10,4,2,0,0
2.4812,-1.0,10,4,2,0,0
2.6316,-1.0,10,7,2,0,0
2.7820,-1.0,10,5,2,0,0
2.9323,-1.0,50,8,2,0,0
3.3835,-1.0,10,8,2,0,0
3.5338,-1.0,10,5,2,0,0
3.6842,-1.0,10,7,2,0,0
3.8346,-1.0,10,4,2,0,0
4.2857,-1.0,10,3,2,0,0
4.4361,-1.0,10,7,2,0,0
4.5865,-1.0,10,5,2,0,0
4.7368,-1.0,50,9,2,0,0
5.1880,-1.0,10,9,2,0,0
5.3383,-1.0,10,5,2,0,0
5.4887,-1.0,10,7,2,0,0
5.6391,-1.0,10,3,2,0,0
6.0902,-1.0,10,2,2,0,0
6.2406,-1.0,10,7,2,0,0
6.3910,-1.0,10,5,2,0,0
6.5414,-1.0,50,10,2,0,0
6.6917,-1.0,10,5,2,0,0
6.8421,-1.0,10,7,2,0,0
6.9925,-1.0,10,3,2,0,0
7.1429,-1.0,10,5,2,0,0
7.2932,-1.0,10,1,2,0,0
7.4436,-1.0,82,7,2,0,0
7.4436,8.3459,110,7,2,JumpScratch,4
7.6692,-1.0,900,7,2,0,0
7.8947,-1.0,10,3,2,0,0
7.8947,-1.0,900,7,2,0,0
8.1203,-1.0,82,3,2,0,0
8.1203,8.3459,110,3,2,JumpScratch,4
8.1203,-1.0,900,7,2,0,0
8.3459,9.2481,110,5,2,JumpScratch,-4
8.5714,-1.0,900,5,2,0,0
8.7970,-1.0,900,5,2,0,0
8.7970,-1.0,10,10,2,0,0
9.0226,-1.0,900,5,2,0,0
9.0226,-1.0,82,10,2,0,0
9.0226,9.2481,110,10,2,JumpScratch,-5
9.2481,10.1504,110,7,2,JumpScratch,4
9.4737,-1.0,900,7,2,0,0
9.6992,-1.0,10,1,2,0,0
9.6992,-1.0,900,7,2,0,0
9.9248,-1.0,82,1,2,0,0
9.9248,10.1504,110,1,2,JumpScratch,6
9.9248,-1.0,900,7,2,0,0
10.1504,11.0526,110,5,2,0,0
10.3759,-1.0,900,5,2,0,0
10.6015,-1.0,900,5,2,0,0
10.6015,-1.0,82,8,2,0,0
10.6015,10.9398,110,8,2,JumpScratch,3
10.8271,-1.0,900,5,2,0,0
10.8271,-1.0,900,8,2,0,0
10.9398,10.9962,110,9,2,JumpScratch,3
10.9962,11.0526,110,10,2,JumpScratch,3
12.8571,-1.0,20,4,6,0,0
13.2681,-1.0,20,4,6,0,0
13.6791,-1.0,82,11,2,0,0
13.6791,13.7304,110,11,2,JumpScratch,-3
13.7304,13.7818,110,10,2,JumpScratch,-3
13.7818,13.8332,110,9,2,JumpScratch,-3
13.8332,13.8845,110,8,2,JumpScratch,-3
13.8845,-1.0,82,5,2,0,0
13.8845,13.9359,110,5,2,JumpScratch,-3
13.9359,13.9873,110,4,2,JumpScratch,-3
13.9873,14.0386,110,3,2,JumpScratch,-3
14.0386,14.0900,110,2,2,JumpScratch,-3
14.0900,-1.0,20,7,6,0,0
14.5010,-1.0,83,4,3,0,0
14.5010,14.9119,110,4,3,JumpScratch,-5
14.5010,-1.0,83,7,3,0,0
14.5010,14.9119,110,7,3,JumpScratch,5
14.7065,-1.0,900,4,3,0,0
14.7065,-1.0,900,7,3,0,0
15.3229,-1.0,83,1,3,0,0
15.3229,15.5284,110,1,3,JumpScratch,5
15.3229,-1.0,83,10,3,0,0
15.3229,15.5284,110,10,3,JumpScratch,-5
15.9393,-1.0,83,4,3,0,0
15.9393,17.3777,110,4,3,0,0
15.9393,-1.0,83,7,3,0,0
15.9393,17.3777,110,7,3,0,0
16.1448,-1.0,900,4,3,0,0
16.1448,-1.0,900,7,3,0,0
16.3503,-1.0,900,4,3,0,0
16.3503,-1.0,31,4,3,0,0
16.3503,-1.0,900,7,3,0,0
16.3503,-1.0,31,7,3,0,0
16.5558,-1.0,900,4,3,0,0
16.5558,-1.0,31,4,3,0,0
16.5558,-1.0,900,7,3,0,0
16.5558,-1.0,31,7,3,0,0
16.7613,-1.0,900,4,3,0,0
16.7613,-1.0,900,7,3,0,0
16.7613,-1.0,31,7,3,0,0
16.8640,-1.0,31,4,3,0,0
16.9667,-1.0,900,4,3,0,0
16.9667,-1.0,900,7,3,0,0
16.9667,-1.0,31,7,3,0,0
17.1722,-1.0,900,4,3,0,0
17.1722,-1.0,31,4,3,0,0
17.1722,-1.0,900,7,3,0,0
17.2750,-1.0,31,7,3,0,0
17.7886,-1.0,20,4,3,0,0
17.7886,-1.0,20,10,3,0,0
17.9941,-1.0,20,7,3,0,0
18.1996,-1.0,50,1,3,0,0
18.1996,-1.0,20,10,3,0,0
18.4051,-1.0,20,10,3,0,0
18.6106,-1.0,10,4,3,0,0
18.8160,-1.0,20,10,3,0,0
19.0215,-1.0,50,1,3,0,0
19.0215,-1.0,20,7,3,0,0
19.2270,-1.0,20,7,3,0,0
19.4325,-1.0,10,4,3,0,0
19.6380,-1.0,20,7,3,0,0
19.8434,-1.0,50,1,3,0,0
19.8434,-1.0,20,10,3,0,0
20.2544,-1.0,82,4,3,0,0
20.2544,20.6654,110,4,3,0,0
20.2544,-1.0,82,7,3,0,0
20.2544,20.6654,110,7,3,0,0
20.4599,-1.0,900,4,3,0,0
20.4599,-1.0,40,4,3,0,0
20.4599,-1.0,900,7,3,0,0
20.4599,-1.0,40,7,3,0,0
21.0763,-1.0,20,1,3,0,0
21.0763,-1.0,20,7,3,0,0
21.2818,-1.0,20,4,3,0,0
21.4873,-1.0,20,1,3,0,0
21.4873,-1.0,50,10,3,0,0
21.6928,-1.0,20,1,3,0,0
21.8982,-1.0,10,7,3,0,0
22.1037,-1.0,20,1,3,0,0
22.3092,-1.0,20,4,3,0,0
22.3092,-1.0,50,10,3,0,0
22.5147,-1.0,20,4,3,0,0
22.7202,-1.0,10,7,3,0,0
22.9256,-1.0,20,1,3,0,0
23.0284,-1.0,20,10,3,0,0
23.1311,-1.0,20,4,3,0,0
23.3366,-1.0,20,7,3,0,0
23.5421,-1.0,83,1,3,0,0
23.5421,23.9530,110,1,3,0,0
23.5421,-1.0,83,10,3,0,0
23.5421,23.9530,110,10,3,0,0
23.7476,-1.0,900,1,3,0,0
23.7476,-1.0,40,1,3,0,0
23.7476,-1.0,900,10,3,0,0
23.7476,-1.0,40,10,3,0,0
24.3640,-1.0,10,7,3,0,0
24.4667,-1.0,10,4,3,0,0
24.5695,-1.0,10,7,3,0,0
24.6722,-1.0,10,4,3,0,0
24.7750,-1.0,50,1,3,0,0
24.7750,-1.0,50,10,3,0,0
25.1859,-1.0,10,4,3,0,0
25.3914,-1.0,20,10,3,0,0
25.5969,-1.0,50,1,3,0,0
25.5969,-1.0,20,7,3,0,0
25.8023,-1.0,20,7,3,0,0
26.0078,-1.0,10,4,3,0,0
26.2133,-1.0,20,7,3,0,0
26.4188,-1.0,50,1,3,0,0
26.4188,-1.0,20,10,3,0,0
26.8297,-1.0,83,4,3,0,0
26.8297,27.2407,110,4,3,0,0
26.8297,-1.0,83,7,3,0,0
26.8297,27.2407,110,7,3,0,0
27.0352,-1.0,900,4,3,0,0
27.0352,-1.0,40,4,3,0,0
27.0352,-1.0,900,7,3,0,0
27.0352,-1.0,40,7,3,0,0
27.6517,-1.0,20,1,3,0,0
27.6517,-1.0,20,7,3,0,0
27.8571,-1.0,20,4,3,0,0
28.0626,-1.0,20,1,3,0,0
28.0626,-1.0,50,10,3,0,0
28.2681,-1.0,20,1,3,0,0
28.4736,-1.0,10,7,3,0,0
28.6791,-1.0,20,4,3,0,0
28.7818,-1.0,20,7,3,0,0
28.8845,-1.0,20,1,3,0,0
28.9873,-1.0,20,10,3,0,0
29.0900,-1.0,81,4,3,0,0
29.0900,29.5010,101,4,3,0,0
29.2955,-1.0,900,4,3,0,0
29.5010,-1.0,10,7,3,0,0
29.6037,-1.0,10,4,3,0,0
29.7065,-1.0,20,10,3,0,0
29.9119,-1.0,10,4,3,0,0
30.0147,-1.0,10,7,3,0,0
30.1174,-1.0,20,1,3,0,0
30.3229,-1.0,10,7,3,0,0
30.4256,-1.0,10,4,3,0,0
30.5284,-1.0,20,10,3,0,0
30.6311,-1.0,10,1,3,0,0
30.7339,-1.0,10,7,3,0,0
30.8366,-1.0,10,4,3,0,0
30.9393,-1.0,83,10,3,0,0
30.9393,32.9941,110,10,3,JumpScratch,-6
31.1448,-1.0,10,1,3,0,0
31.1448,-1.0,900,10,3,0,0
31.3503,-1.0,10,4,3,0,0
31.3503,-1.0,900,10,3,0,0
31.5558,-1.0,10,4,3,0,0
31.5558,-1.0,900,10,3,0,0
31.7613,-1.0,10,1,3,0,0
31.7613,-1.0,900,10,3,0,0
31.9667,-1.0,10,1,3,0,0
31.9667,-1.0,900,10,3,0,0
32.1722,-1.0,900,10,3,0,0
32.3777,-1.0,50,3,4,0,0
32.3777,-1.0,900,10,3,0,0
32.5832,-1.0,900,10,3,0,0
32.7886,-1.0,82,4,3,0,0
32.7886,32.9941,110,4,3,JumpScratch,-5
32.7886,-1.0,900,10,3,0,0
32.9941,33.4051,110,7,3,JumpScratch,6
33.1996,-1.0,82,1,3,0,0
33.1996,33.4051,110,1,3,JumpScratch,6
33.1996,-1.0,900,7,3,0,0
33.4051,33.8160,110,4,3,0,0
33.4051,33.8160,110,10,3,0,0
33.6106,-1.0,900,4,3,0,0
33.6106,-1.0,900,10,3,0,0
34.0215,-1.0,10,4,3,0,0
34.2270,-1.0,81,1,3,0,0
34.2270,34.6380,101,1,3,0,0
34.2270,-1.0,10,6,3,0,0
34.4325,-1.0,900,1,3,0,0
34.4325,-1.0,10,8,3,0,0
34.6380,-1.0,20,10,3,0,0
34.8434,-1.0,10,4,3,0,0
35.0489,-1.0,81,1,3,0,0
35.0489,35.4599,101,1,3,0,0
35.0489,-1.0,10,7,3,0,0
35.2544,-1.0,900,1,3,0,0
35.4599,-1.0,20,10,3,0,0
35.6654,-1.0,10,6,3,0,0
35.8708,-1.0,83,1,3,0,0
35.8708,36.0763,110,1,3,JumpScratch,6
35.8708,-1.0,10,8,3,0,0
36.0763,36.2818,110,4,3,JumpScratch,-6
36.2818,36.4873,110,1,3,JumpScratch,6
36.2818,-1.0,10,7,3,0,0
36.4873,36.8982,110,4,3,JumpScratch,-6
36.4873,-1.0,82,10,3,0,0
36.4873,36.8982,110,10,3,JumpScratch,-6
36.6928,-1.0,900,4,3,0,0
36.6928,-1.0,900,10,3,0,0
36.8982,37.1037,110,1,3,JumpScratch,6
36.8982,37.1037,110,7,3,JumpScratch,6
37.5147,-1.0,10,1,3,0,0
37.5147,-1.0,10,10,3,0,0
37.7202,-1.0,83,4,3,0,0
37.7202,37.9256,110,4,3,JumpScratch,-6
37.7202,-1.0,83,7,3,0,0
37.7202,37.9256,110,7,3,JumpScratch,6
38.1311,-1.0,83,1,3,0,0
38.1311,38.3366,110,1,3,JumpScratch,6
38.1311,-1.0,83,10,3,0,0
38.1311,38.3366,110,10,3,JumpScratch,-6
38.3366,38.7476,110,4,3,0,0
38.3366,38.7476,110,7,3,0,0
38.5421,-1.0,900,4,3,0,0
38.5421,-1.0,900,7,3,0,0
38.9530,-1.0,10,4,3,0,0
39.1585,-1.0,20,1,3,0,0
39.1585,-1.0,20,10,3,0,0
39.3640,-1.0,10,6,4,0,0
39.5695,-1.0,20,1,3,0,0
39.5695,-1.0,20,10,3,0,0
39.7750,-1.0,10,4,4,0,0
39.9804,-1.0,81,1,3,0,0
39.9804,40.3914,101,1,3,0,0
39.9804,-1.0,81,10,3,0,0
39.9804,40.3914,101,10,3,0,0
40.1859,-1.0,900,1,3,0,0
40.1859,-1.0,900,10,3,0,0
40.5969,-1.0,10,3,3,0,0
40.8023,-1.0,10,5,3,0,0
40.8023,-1.0,82,9,3,0,0
40.8023,41.2133,110,9,3,0,0
41.0078,-1.0,900,9,3,0,0
41.2133,-1.0,10,3,3,0,0
41.6243,-1.0,10,1,3,0,0
41.6243,-1.0,10,10,3,0,0
41.8297,-1.0,10,3,3,0,0
41.8297,-1.0,10,8,3,0,0
42.2407,-1.0,50,1,4,0,0
42.2407,-1.0,50,9,4,0,0
42.6517,-1.0,10,3,3,0,0
42.6517,-1.0,10,8,3,0,0
42.8571,-1.0,10,3,3,0,0
42.8571,-1.0,10,8,3,0,0
43.0626,-1.0,20,7,4,0,0
43.1654,-1.0,20,3,4,0,0
43.2681,-1.0,20,8,4,0,0
43.4736,-1.0,50,1,6,0,0
43.6791,-1.0,50,7,6,0,0
44.0900,-1.0,82,1,3,0,0
44.0900,44.5010,110,1,3,0,0
44.0900,-1.0,10,6,2,0,0
44.2955,-1.0,900,1,3,0,0
44.2955,-1.0,10,6,2,0,0
44.5010,-1.0,20,6,3,0,0
44.9119,-1.0,82,3,3,0,0
44.9119,45.3229,110,3,3,0,0
44.9119,-1.0,10,8,2,0,0
45.1174,-1.0,900,3,3,0,0
45.1174,-1.0,10,8,2,0,0
45.3229,-1.0,20,8,3,0,0
45.5284,-1.0,50,6,4,0,0
45.7339,-1.0,82,10,3,0,0
45.7339,45.9393,110,10,3,JumpScratch,-6
45.9393,-1.0,10,2,2,0,0
45.9393,46.1448,110,7,3,JumpScratch,5
46.1448,-1.0,10,3,2,0,0
46.1448,46.3503,110,9,3,JumpScratch,-6
46.3503,-1.0,10,1,2,0,0
46.3503,46.5558,110,6,3,JumpScratch,5
46.5558,-1.0,82,2,3,0,0
46.5558,46.9667,110,2,3,0,0
46.5558,46.9667,110,8,3,0,0
46.7613,-1.0,900,2,3,0,0
46.7613,-1.0,900,8,3,0,0
47.1722,-1.0,10,4,3,0,0
47.3777,-1.0,10,6,2,0,0
47.3777,-1.0,82,10,3,0,0
47.3777,47.7886,110,10,3,0,0
47.5832,-1.0,10,6,2,0,0
47.5832,-1.0,900,10,3,0,0
47.7886,-1.0,20,5,3,0,0
47.9941,-1.0,10,3,2,0,0
48.1996,-1.0,10,4,2,0,0
48.1996,-1.0,82,8,3,0,0
48.1996,48.6106,110,8,3,0,0
48.4051,-1.0,10,4,2,0,0
48.4051,-1.0,900,8,3,0,0
48.6106,-1.0,20,3,3,0,0
48.8160,-1.0,10,5,2,0,0
49.0215,-1.0,82,1,3,0,0
49.0215,49.2270,110,1,3,JumpScratch,5
49.0215,-1.0,10,8,2,0,0
49.2270,49.4325,110,3,3,JumpScratch,-5
49.2270,-1.0,10,10,2,0,0
49.4325,49.6380,110,1,3,JumpScratch,5
49.4325,-1.0,10,9,2,0,0
49.6380,50.0489,110,3,3,JumpScratch,-5
49.6380,-1.0,50,10,3,0,0
49.8434,-1.0,900,3,3,0,0
50.0489,50.2544,110,1,3,0,0
50.0489,-1.0,10,8,2,0,0
50.2544,-1.0,50,10,3,0,0
50.6654,-1.0,82,1,3,0,0
50.6654,51.0763,110,1,3,0,0
50.6654,-1.0,10,6,2,0,0
50.8708,-1.0,900,1,3,0,0
50.8708,-1.0,10,6,2,0,0
51.0763,-1.0,83,6,3,0,0
51.0763,51.2818,110,6,3,JumpScratch,7
51.2818,-1.0,10,2,3,0,0
51.2818,51.4873,110,10,3,JumpScratch,-6
51.4873,-1.0,82,1,3,0,0
51.4873,51.8982,110,1,3,0,0
51.4873,51.8982,110,7,3,0,0
51.6928,-1.0,900,1,3,0,0
51.6928,-1.0,900,7,3,0,0
52.1037,-1.0,10,3,2,0,0
52.3092,-1.0,10,4,2,0,0
52.3092,-1.0,82,10,3,0,0
52.3092,52.5147,110,10,3,JumpScratch,-6
52.5147,-1.0,10,2,2,0,0
52.5147,52.7202,110,7,3,JumpScratch,5
52.7202,-1.0,10,3,2,0,0
52.7202,52.9256,110,9,3,JumpScratch,-6
52.9256,-1.0,10,1,2,0,0
52.9256,53.1311,110,6,3,JumpScratch,5
53.1311,-1.0,82,2,3,0,0
53.1311,53.5421,110,2,3,0,0
53.1311,53.5421,110,8,3,0,0
53.3366,-1.0,900,2,3,0,0
53.3366,-1.0,900,8,3,0,0
53.7476,-1.0,10,4,3,0,0
53.9530,-1.0,10,1,3,0,0
53.9530,-1.0,20,7,3,0,0
54.2613,-1.0,10,4,3,0,0
54.3640,-1.0,20,7,3,0,0
54.7750,-1.0,82,1,4,0,0
54.7750,54.9804,110,1,4,JumpScratch,6
54.7750,-1.0,82,9,4,0,0
54.7750,54.9804,110,9,4,JumpScratch,-6
54.9804,55.3914,110,4,3,JumpScratch,-6
54.9804,55.3914,110,7,3,JumpScratch,6
55.1859,-1.0,900,4,3,0,0
55.1859,-1.0,900,7,3,0,0
55.8023,-1.0,10,2,4,0,0
55.8023,-1.0,10,8,4,0,0
56.0078,-1.0,10,2,4,0,0
56.0078,-1.0,10,8,4,0,0
56.2133,-1.0,20,7,4,0,0
56.3160,-1.0,20,2,4,0,0
56.4188,-1.0,20,9,4,0,0
56.6243,-1.0,10,1,5,0,0
56.7270,-1.0,10,8,5,0,0
56.8297,-1.0,10,3,4,0,0
56.9325,-1.0,10,7,4,0,0
57.0352,-1.0,10,1,5,0,0
57.1380,-1.0,10,8,5,0,0
57.2407,-1.0,82,3,3,0,0
57.2407,58.0626,110,3,3,JumpScratch,-5
57.4462,-1.0,900,3,3,0,0
57.4462,-1.0,10,9,3,0,0
57.5489,-1.0,10,9,3,0,0
57.6517,-1.0,900,3,3,0,0
57.8571,-1.0,900,3,3,0,0
57.8571,-1.0,10,7,3,0,0
58.0626,58.8845,110,1,3,JumpScratch,4
58.0626,-1.0,20,10,3,0,0
58.2681,-1.0,900,1,3,0,0
58.3708,-1.0,10,10,3,0,0
58.4736,-1.0,900,1,3,0,0
58.6791,-1.0,900,1,3,0,0
58.6791,-1.0,10,7,3,0,0
58.8845,59.2955,110,2,3,JumpScratch,5
58.8845,-1.0,20,9,4,0,0
59.0900,-1.0,900,2,3,0,0
59.0900,-1.0,31,2,3,0,0
59.0900,-1.0,10,10,3,0,0
59.2955,59.7065,110,4,3,JumpScratch,-6
59.2955,-1.0,20,8,5,0,0
59.5010,-1.0,900,4,3,0,0
59.5010,-1.0,31,4,3,0,0
59.7065,-1.0,20,7,6,0,0
60.3229,-1.0,10,4,3,0,0
60.5284,-1.0,82,8,3,0,0
60.5284,61.3503,110,8,3,JumpScratch,5
60.7339,-1.0,10,2,3,0,0
60.7339,-1.0,900,8,3,0,0
60.8366,-1.0,10,2,3,0,0
60.9393,-1.0,900,8,3,0,0
61.1448,-1.0,10,4,3,0,0
61.1448,-1.0,900,8,3,0,0
61.3503,-1.0,20,1,3,0,0
61.3503,62.1722,110,10,3,JumpScratch,-4
61.5558,-1.0,82,1,3,0,0
61.5558,61.6585,110,1,3,JumpScratch,5
61.5558,-1.0,900,10,3,0,0
61.6585,61.7613,110,3,3,JumpScratch,-4
61.7613,-1.0,900,10,3,0,0
61.9667,-1.0,10,4,3,0,0
61.9667,-1.0,900,10,3,0,0
62.1722,-1.0,20,1,6,0,0
62.1722,62.5832,110,9,3,JumpScratch,-5
62.3777,-1.0,10,1,5,0,0
62.3777,-1.0,900,9,3,0,0
62.3777,-1.0,31,9,3,0,0
62.5832,-1.0,20,1,5,0,0
62.5832,62.9941,110,7,3,JumpScratch,6
62.7886,-1.0,10,1,3,0,0
62.7886,-1.0,900,7,3,0,0
62.7886,-1.0,31,7,3,0,0
62.9941,-1.0,20,1,4,0,0
63.1996,-1.0,10,3,3,0,0
63.3023,-1.0,10,6,3,0,0
63.4051,-1.0,10,4,3,0,0
63.5078,-1.0,10,7,3,0,0
63.6106,-1.0,10,5,3,0,0
63.7133,-1.0,10,8,3,0,0
63.8160,-1.0,20,1,5,0,0
64.2270,-1.0,10,1,3,0,0
64.2270,-1.0,20,8,5,0,0
64.4325,-1.0,10,8,3,0,0
64.6380,-1.0,10,3,3,0,0
64.6380,-1.0,20,8,5,0,0
64.8434,-1.0,10,8,3,0,0
64.9462,-1.0,10,5,3,0,0
65.0489,-1.0,20,8,5,0,0
65.2544,-1.0,10,4,3,0,0
65.3571,-1.0,10,7,3,0,0
65.4599,-1.0,20,1,5,0,0
65.4599,-1.0,10,10,3,0,0
65.6654,-1.0,10,3,3,0,0
65.7681,-1.0,82,6,3,0,0
65.7681,66.0763,110,6,3,0,0
65.8708,-1.0,20,1,5,0,0
65.9736,-1.0,900,6,3,0,0
66.2818,-1.0,20,1,5,0,0
66.2818,-1.0,82,8,3,0,0
66.2818,66.6928,110,8,3,0,0
66.4873,-1.0,20,1,5,0,0
66.4873,-1.0,900,8,3,0,0
66.6928,-1.0,20,1,5,0,0
66.8982,-1.0,10,1,3,0,0
67.1037,-1.0,20,3,4,0,0
67.1037,-1.0,50,7,6,0,0
67.4119,-1.0,50,1,6,0,0
67.4119,-1.0,20,7,4,0,0
67.7202,-1.0,83,3,4,0,0
67.7202,67.9256,110,3,4,JumpScratch,-6
67.7202,-1.0,50,7,6,0,0
68.1311,-1.0,10,9,4,0,0
68.2339,-1.0,10,1,4,0,0
68.3366,-1.0,10,7,4,0,0
68.4393,-1.0,10,3,4,0,0
68.5421,-1.0,83,9,4,0,0
68.5421,69.5695,110,9,4,0,0
68.7476,-1.0,10,1,3,0,0
68.7476,-1.0,900,9,4,0,0
68.9530,-1.0,10,1,4,0,0
68.9530,-1.0,900,9,4,0,0
69.1585,-1.0,10,1,5,0,0
69.1585,-1.0,900,9,4,0,0
69.3640,-1.0,20,1,6,0,0
69.3640,-1.0,900,9,4,0,0
69.5695,-1.0,20,1,6,0,0
69.7750,-1.0,20,7,6,0,0
69.8777,-1.0,10,4,4,0,0
69.9804,-1.0,20,7,6,0,0
70.1859,-1.0,50,1,6,0,0
70.3914,-1.0,83,10,3,0,0
70.3914,70.4428,110,10,3,JumpScratch,-4
70.4428,70.4941,110,9,3,JumpScratch,-4
70.4941,70.5455,110,8,3,JumpScratch,-4
70.5455,70.5969,110,7,3,JumpScratch,-4
70.5969,70.6482,110,6,3,JumpScratch,4
70.6482,70.6996,110,7,3,JumpScratch,4
70.6996,70.7510,110,8,3,JumpScratch,4
70.7510,70.8023,110,9,3,JumpScratch,4
70.8023,-1.0,83,1,3,0,0
70.8023,70.8537,110,1,3,JumpScratch,4
70.8537,70.9051,110,2,3,JumpScratch,4
70.9051,70.9565,110,3,3,JumpScratch,4
70.9565,71.0078,110,4,3,JumpScratch,4
71.0078,71.0592,110,5,3,JumpScratch,-4
71.0592,71.1106,110,4,3,JumpScratch,-4
71.1106,71.1619,110,3,3,JumpScratch,-4
71.1619,71.2133,110,2,3,JumpScratch,-4
71.2133,-1.0,20,8,5,0,0
71.4188,-1.0,10,2,4,0,0
71.5215,-1.0,10,8,4,0,0
71.6243,-1.0,50,4,6,0,0
72.0352,-1.0,83,3,4,0,0
72.0352,72.2407,110,3,4,JumpScratch,-6
72.0352,-1.0,20,8,5,0,0
72.2407,72.4462,110,1,3,JumpScratch,6
72.2407,-1.0,10,7,3,0,0
72.4462,-1.0,20,8,5,0,0
72.7544,-1.0,82,7,3,0,0
72.7544,72.8571,110,7,3,JumpScratch,6
72.8571,-1.0,20,1,5,0,0
72.8571,73.2681,110,9,4,JumpScratch,-6
73.0626,-1.0,10,5,3,0,0
73.0626,-1.0,900,9,4,0,0
73.2681,-1.0,20,1,5,0,0
73.6791,-1.0,10,1,3,0,0
73.6791,-1.0,20,7,5,0,0
73.8845,-1.0,10,4,4,0,0
74.0900,-1.0,20,2,5,0,0
74.0900,-1.0,10,10,3,0,0
74.2955,-1.0,10,6,4,0,0
74.5010,-1.0,10,4,3,0,0
74.5010,-1.0,83,9,4,0,0
74.5010,74.7065,110,9,4,JumpScratch,-6
74.7065,-1.0,20,1,6,0,0
74.7065,74.9119,110,7,3,JumpScratch,6
74.9119,-1.0,20,1,6,0,0
75.1174,-1.0,10,1,3,0,0
75.3229,-1.0,82,4,3,0,0
75.3229,75.7339,110,4,3,JumpScratch,-6
75.3229,-1.0,20,9,4,0,0
75.5284,-1.0,900,4,3,0,0
75.5284,-1.0,10,10,3,0,0
75.7339,-1.0,20,7,4,0,0
75.9393,-1.0,10,7,3,0,0
76.1448,-1.0,20,1,4,0,0
76.1448,-1.0,82,7,3,0,0
76.1448,76.5558,110,7,3,JumpScratch,6
76.3503,-1.0,10,1,3,0,0
76.3503,-1.0,900,7,3,0,0
76.5558,-1.0,20,3,4,0,0
76.7613,-1.0,10,4,3,0,0
76.9667,-1.0,50,1,6,0,0
77.1722,-1.0,82,8,3,0,0
77.1722,77.2750,110,8,3,JumpScratch,4
77.2750,77.3777,110,9,3,JumpScratch,4
77.3777,-1.0,50,3,4,0,0
77.5832,-1.0,82,7,3,0,0
77.5832,77.6859,110,7,3,JumpScratch,4
77.6859,77.7886,110,8,3,JumpScratch,4
77.7886,-1.0,50,2,4,0,0
77.9941,-1.0,82,6,3,0,0
77.9941,78.0969,110,6,3,JumpScratch,4
78.0969,78.1996,110,7,3,JumpScratch,4
78.1996,-1.0,50,1,4,0,0
78.4051,-1.0,10,4,3,0,0
78.6106,-1.0,20,2,5,0,0
78.6106,-1.0,82,10,3,0,0
78.6106,79.0215,110,10,3,0,0
78.8160,-1.0,10,6,3,0,0
78.8160,-1.0,900,10,3,0,0
79.0215,-1.0,20,2,5,0,0
79.2270,-1.0,10,6,3,0,0
79.4325,-1.0,82,1,3,0,0
79.4325,79.8434,110,1,3,0,0
79.4325,-1.0,20,7,5,0,0
79.6380,-1.0,900,1,3,0,0
79.6380,-1.0,10,5,3,0,0
79.8434,-1.0,20,7,5,0,0
80.0489,-1.0,10,5,3,0,0
80.2544,-1.0,20,1,4,0,0
80.2544,-1.0,80,10,3,0,0
80.2544,80.4599,100,10,3,0,0
80.4599,-1.0,10,5,4,0,0
80.6654,-1.0,80,1,3,0,0
80.6654,80.8708,100,1,3,0,0
80.6654,-1.0,20,9,4,0,0
80.8708,-1.0,10,5,4,0,0
81.0763,-1.0,83,1,3,0,0
81.0763,81.2818,110,1,3,JumpScratch,6
81.0763,-1.0,83,10,3,0,0
81.0763,81.2818,110,10,3,JumpScratch,-6
81.2818,81.4873,110,1,6,JumpScratch,-6
81.2818,81.4873,110,7,6,JumpScratch,6
81.6928,-1.0,10,1,4,0,0
81.7955,-1.0,10,7,3,0,0
81.8982,-1.0,81,3,4,0,0
81.8982,82.3092,101,3,4,0,0
82.1037,-1.0,900,3,4,0,0
82.3092,-1.0,50,7,6,0,0
82.6174,-1.0,10,7,3,0,0
82.7202,-1.0,20,3,4,0,0
82.9256,-1.0,10,1,4,0,0
82.9256,-1.0,10,9,4,0,0
83.3366,-1.0,83,3,4,0,0
83.3366,84.5695,110,3,4,JumpScratch,-6
83.3366,-1.0,83,7,4,0,0
83.3366,84.5695,110,7,4,JumpScratch,6
83.5421,-1.0,900,3,4,0,0
83.5421,-1.0,900,7,4,0,0
83.7476,-1.0,900,3,4,0,0
83.7476,-1.0,900,7,4,0,0
83.7476,-1.0,31,7,4,0,0
83.8503,-1.0,31,3,4,0,0
83.9530,-1.0,900,3,4,0,0
83.9530,-1.0,900,7,4,0,0
83.9530,-1.0,31,7,4,0,0
84.1585,-1.0,900,3,4,0,0
84.1585,-1.0,31,3,4,0,0
84.1585,-1.0,900,7,4,0,0
84.2613,-1.0,31,7,4,0,0
84.3640,-1.0,900,3,4,0,0
84.3640,-1.0,31,3,4,0,0
84.3640,-1.0,900,7,4,0,0
84.5695,84.7750,110,1,4,JumpScratch,6
84.5695,84.7750,110,9,4,JumpScratch,-6
85.1859,-1.0,20,1,5,0,0
85.1859,-1.0,83,7,4,0,0
85.1859,85.3914,110,7,4,JumpScratch,6
85.3914,-1.0,10,3,3,0,0
85.3914,85.5969,110,10,3,JumpScratch,-6
85.5969,-1.0,20,1,5,0,0
85.9051,-1.0,82,4,3,0,0
85.9051,86.0078,110,4,3,JumpScratch,-6
86.0078,86.4188,110,1,4,JumpScratch,6
86.0078,-1.0,20,8,5,0,0
86.2133,-1.0,900,1,4,0,0
86.2133,-1.0,10,6,3,0,0
86.4188,-1.0,20,8,5,0,0
86.8297,-1.0,50,1,6,0,0
86.8297,-1.0,10,10,3,0,0
87.0352,-1.0,10,6,4,0,0
87.2407,-1.0,10,1,3,0,0
87.2407,-1.0,50,7,6,0,0
87.4462,-1.0,10,4,4,0,0
87.6517,-1.0,83,1,4,0,0
87.6517,87.8571,110,1,4,JumpScratch,6
87.6517,-1.0,10,7,3,0,0
87.8571,88.0626,110,4,3,JumpScratch,-6
87.8571,-1.0,20,7,6,0,0
88.0626,-1.0,20,7,6,0,0
88.2681,-1.0,10,10,3,0,0
88.4736,-1.0,20,3,3,0,0
88.4736,-1.0,82,7,3,0,0
88.4736,88.8845,110,7,3,JumpScratch,6
88.6791,-1.0,20,1,6,0,0
88.6791,-1.0,900,7,3,0,0
88.8845,-1.0,20,3,3,0,0
89.1928,-1.0,82,4,3,0,0
89.1928,89.2955,110,4,3,JumpScratch,-6
89.2955,89.5010,110,1,3,0,0
89.2955,-1.0,82,9,3,0,0
89.2955,89.5010,110,9,3,JumpScratch,-7
89.7065,-1.0,82,1,3,0,0
89.7065,89.9119,110,1,3,JumpScratch,7
89.7065,-1.0,82,10,3,0,0
89.7065,89.9119,110,10,3,0,0
90.1174,-1.0,20,7,6,0,0
90.3229,-1.0,82,3,3,0,0
90.3229,90.4256,110,3,3,JumpScratch,-4
90.4256,90.5284,110,2,3,JumpScratch,-4
90.5284,-1.0,50,7,4,0,0
90.7339,-1.0,82,4,3,0,0
90.7339,90.8366,110,4,3,JumpScratch,-4
90.8366,90.9393,110,3,3,JumpScratch,-4
90.9393,-1.0,50,8,4,0,0
91.1448,-1.0,82,5,3,0,0
91.1448,91.2476,110,5,3,JumpScratch,-4
91.2476,91.3503,110,4,3,JumpScratch,-4
91.3503,-1.0,50,9,4,0,0
91.5558,-1.0,10,7,3,0,0
91.7613,-1.0,10,7,4,0,0
91.8640,-1.0,10,3,4,0,0
91.9667,-1.0,10,7,4,0,0
92.0695,-1.0,10,3,4,0,0
92.1722,-1.0,50,7,6,0,0
92.5832,-1.0,10,3,4,0,0
92.5832,-1.0,83,10,3,0,0
92.5832,92.7886,110,10,3,JumpScratch,-6
92.7886,-1.0,10,1,3,0,0
92.9941,-1.0,83,1,3,0,0
92.9941,93.1996,110,1,3,JumpScratch,6
92.9941,-1.0,10,7,4,0,0
93.1996,-1.0,80,10,3,0,0
93.1996,93.6106,100,10,3,0,0
93.4051,-1.0,900,10,3,0,0
93.6106,-1.0,82,5,3,0,0
93.6106,93.7133,110,5,3,JumpScratch,-5
93.7133,93.8160,110,3,3,JumpScratch,-5
93.8160,-1.0,10,10,3,0,0
94.0215,-1.0,82,6,3,0,0
94.0215,94.1243,110,6,3,JumpScratch,5
94.1243,94.2270,110,8,3,JumpScratch,5
94.2270,-1.0,80,1,3,0,0
94.2270,94.6380,100,1,3,0,0
94.4325,-1.0,900,1,3,0,0
94.4325,-1.0,20,7,6,0,0
94.6380,-1.0,20,7,6,0,0
94.8434,-1.0,10,4,3,0,0
95.0489,-1.0,50,1,6,0,0
95.0489,-1.0,83,7,3,0,0
95.0489,95.4599,110,7,3,0,0
95.2544,-1.0,900,7,3,0,0
95.4599,-1.0,20,1,6,0,0
95.8708,-1.0,83,1,3,0,0
95.8708,96.0763,110,1,3,JumpScratch,6
95.8708,-1.0,82,7,6,0,0
95.8708,96.0763,110,7,6,0,0
96.0763,96.4873,110,4,3,JumpScratch,-6
96.2818,-1.0,900,4,3,0,0
96.4873,-1.0,20,7,6,0,0
96.8982,-1.0,10,2,3,0,0
97.0010,-1.0,10,7,3,0,0
97.1037,-1.0,10,4,3,0,0
97.3092,-1.0,10,9,3,0,0
97.4119,-1.0,10,4,3,0,0
97.5147,-1.0,10,7,3,0,0
97.7202,-1.0,50,1,6,0,0
97.9256,-1.0,50,7,6,0,0
98.3366,-1.0,83,4,6,0,0
98.3366,98.7476,110,4,6,0,0
98.5421,-1.0,900,4,6,0,0
99.1585,-1.0,83,1,5,0,0
99.1585,99.3640,110,1,5,0,0
99.1585,-1.0,83,8,5,0,0
99.1585,99.3640,110,8,5,0,0
99.7750,-1.0,50,1,6,0,0
99.7750,-1.0,50,7,6,0,0
100.1859,-1.0,10,4,3,0,0
100.1859,-1.0,10,7,3,0,0
100.3914,-1.0,10,4,3,0,0
100.3914,-1.0,10,7,3,0,0
100.5969,-1.0,10,4,3,0,0
100.5969,-1.0,10,7,3,0,0
100.8023,-1.0,20,1,3,0,0
100.8023,-1.0,20,10,3,0,0
101.0078,-1.0,10,7,3,0,0
101.1106,-1.0,10,4,3,0,0
101.2133,-1.0,10,10,3,0,0
101.3160,-1.0,10,1,3,0,0
101.4188,-1.0,10,7,3,0,0
101.5215,-1.0,10,4,3,0,0
101.6243,-1.0,83,10,3,0,0
101.6243,102.0352,110,10,3,0,0
101.8297,-1.0,900,10,3,0,0
102.0352,-1.0,50,1,3,0,0
102.3434,-1.0,10,4,3,0,0
102.4462,-1.0,83,10,3,0,0
102.4462,102.8571,110,10,3,0,0
102.6517,-1.0,900,10,3,0,0
102.8571,-1.0,50,1,3,0,0
103.2681,-1.0,20,1,3,0,0
103.2681,-1.0,20,10,3,0,0
103.4736,-1.0,20,7,3,0,0
103.6791,-1.0,20,4,3,0,0
103.6791,-1.0,20,10,3,0,0
103.8845,-1.0,83,1,3,0,0
103.8845,104.5010,110,1,3,0,0
103.8845,-1.0,83,10,3,0,0
103.8845,104.5010,110,10,3,0,0
104.0900,-1.0,900,1,3,0,0
104.0900,-1.0,900,10,3,0,0
104.2955,-1.0,900,1,3,0,0
104.2955,-1.0,40,1,3,0,0
104.2955,-1.0,900,10,3,0,0
104.2955,-1.0,40,10,3,0,0
104.9119,-1.0,83,1,3,0,0
104.9119,105.3229,110,1,3,0,0
104.9119,-1.0,10,7,3,0,0
105.1174,-1.0,900,1,3,0,0
105.3229,-1.0,50,10,3,0,0
105.7339,-1.0,83,1,3,0,0
105.7339,106.1448,110,1,3,0,0
105.7339,-1.0,10,7,3,0,0
105.9393,-1.0,900,1,3,0,0
106.1448,-1.0,50,10,3,0,0
106.3503,-1.0,10,4,3,0,0
106.5558,-1.0,20,4,3,0,0
106.5558,-1.0,20,10,3,0,0
106.7613,-1.0,10,10,3,0,0
106.9667,-1.0,20,1,3,0,0
106.9667,-1.0,20,7,3,0,0
107.1722,-1.0,83,1,3,0,0
107.1722,107.7886,110,1,3,0,0
107.1722,-1.0,83,10,3,0,0
107.1722,107.7886,110,10,3,0,0
107.3777,-1.0,900,1,3,0,0
107.3777,-1.0,900,10,3,0,0
107.5832,-1.0,900,1,3,0,0
107.5832,-1.0,40,1,3,0,0
107.5832,-1.0,900,10,3,0,0
107.5832,-1.0,40,10,3,0,0
108.1996,-1.0,10,7,3,0,0
108.3023,-1.0,10,4,3,0,0
108.4051,-1.0,10,7,3,0,0
108.5078,-1.0,10,4,3,0,0
108.6106,-1.0,50,1,3,0,0
108.6106,-1.0,50,10,3,0,0
109.0215,-1.0,10,4,3,0,0
109.0215,-1.0,83,10,3,0,0
109.0215,109.4325,110,10,3,0,0
109.2270,-1.0,900,10,3,0,0
109.4325,-1.0,50,1,3,0,0
109.6380,-1.0,20,7,3,0,0
109.8434,-1.0,20,4,3,0,0
109.8434,-1.0,20,10,3,0,0
110.0489,-1.0,20,1,3,0,0
110.2544,-1.0,20,4,3,0,0
110.2544,-1.0,20,7,3,0,0
110.4599,-1.0,83,1,3,0,0
110.4599,111.0763,110,1,3,0,0
110.4599,-1.0,83,10,3,0,0
110.4599,111.0763,110,10,3,0,0
110.6654,-1.0,900,1,3,0,0
110.6654,-1.0,900,10,3,0,0
110.8708,-1.0,900,1,3,0,0
110.8708,-1.0,40,1,3,0,0
110.8708,-1.0,900,10,3,0,0
110.8708,-1.0,40,10,3,0,0
111.2818,-1.0,10,7,3,0,0
111.4873,-1.0,83,4,3,0,0
111.4873,111.8982,110,4,3,0,0
111.4873,-1.0,10,10,3,0,0
111.6928,-1.0,900,4,3,0,0
111.8982,-1.0,50,7,3,0,0
112.1037,-1.0,10,4,3,0,0
112.2065,-1.0,10,7,3,0,0
112.3092,-1.0,20,1,4,0,0
112.5147,-1.0,10,10,3,0,0
112.7202,-1.0,20,4,3,0,0
112.7202,-1.0,20,7,3,0,0
112.9256,-1.0,50,1,6,0,0
112.9256,-1.0,50,7,6,0,0
113.3366,-1.0,10,7,6,0,0
113.4393,-1.0,10,4,3,0,0
113.5421,-1.0,10,7,6,0,0
113.7476,-1.0,10,1,6,0,0
113.9530,-1.0,10,9,4,0,0
114.0558,-1.0,10,4,3,0,0
114.1585,-1.0,10,7,3,0,0
114.2613,-1.0,10,1,4,0,0
114.3640,-1.0,50,7,6,0,0
114.5695,-1.0,50,1,6,0,0