0.3226,-1.0,10,4,3,0,0
63.2581,69.0323,0,0,0,14,10500
0.3226,-1.0,10,10,3,0,0
73.5806,79.3548,0,0,0,14,10500
0.4839,-1.0,10,4,3,0,0
94.2258,94.2258,0,0,0,13,3050
0.4839,-1.0,10,10,3,0,0
95.5161,95.5161,0,0,0,13,10500
0.6452,-1.0,10,1,3,0,0
96.8065,96.8065,0,0,0,11,3050
0.6452,-1.0,10,7,3,0,0
98.0968,98.0968,0,0,0,11,10500
0.8065,-1.0,10,4,3,0,0
99.3871,99.3871,0,0,0,13,3040
0.8065,-1.0,10,10,3,0,0
100.6774,100.6774,0,0,0,13,10500
1.1290,-1.0,50,3,4,0,0
101.9677,101.9677,0,0,0,11,3040
1.1290,-1.0,50,9,4,0,0
103.2581,103.2581,0,0,0,11,10500
1.4516,-1.0,80,1,4,0,0
1.4516,1.7742,100,1,4,0,0
104.5484,104.5484,0,0,0,13,4050
1.6129,-1.0,900,1,4,0,0
105.8387,105.8387,0,0,0,13,10500
1.7742,-1.0,10,10,3,0,0
107.1290,107.1290,0,0,0,11,4050
1.9355,-1.0,10,4,3,0,0
108.4194,108.4194,0,0,0,11,10500
2.0968,-1.0,10,7,3,0,0
114.8710,120.4839,0,0,0,14,10500
2.2581,-1.0,10,1,4,0,0
125.1935,130.8065,0,0,0,14,10500
2.4194,-1.0,10,7,3,0,0
2.5806,-1.0,10,4,3,0,0
2.7419,-1.0,10,9,4,0,0
2.9032,-1.0,10,1,3,0,0
2.9032,-1.0,10,7,3,0,0
3.0645,-1.0,10,1,3,0,0
3.0645,-1.0,10,7,3,0,0
3.2258,-1.0,10,4,3,0,0
3.2258,-1.0,10,10,3,0,0
3.3871,-1.0,10,1,3,0,0
3.3871,-1.0,10,7,3,0,0
3.7097,-1.0,82,1,4,0,0
3.7097,3.8710,110,1,4,JumpScratch,6
3.7097,-1.0,82,9,4,0,0
3.7097,3.8710,110,9,4,JumpScratch,-6
3.8710,4.0323,110,3,4,JumpScratch,-6
3.8710,4.0323,110,7,4,JumpScratch,6
4.5161,-1.0,50,1,6,0,0
4.5161,-1.0,20,7,3,0,0
4.8387,-1.0,20,4,3,0,0
4.8387,-1.0,50,7,6,0,0
5.1613,-1.0,50,1,6,0,0
5.1613,-1.0,20,7,3,0,0
5.4839,-1.0,10,1,6,0,0
5.4839,-1.0,10,10,3,0,0
5.6452,-1.0,10,1,3,0,0
5.6452,-1.0,10,7,3,0,0
5.8065,-1.0,10,1,3,0,0
5.8065,-1.0,10,7,6,0,0
5.9677,-1.0,10,4,3,0,0
5.9677,-1.0,10,10,3,0,0
6.2903,-1.0,50,3,4,0,0
6.2903,-1.0,50,9,4,0,0
6.6129,-1.0,80,1,4,0,0
6.6129,6.9355,100,1,4,0,0
6.7742,-1.0,900,1,4,0,0
6.9355,-1.0,10,10,3,0,0
7.0968,-1.0,10,7,3,0,0
7.2581,-1.0,10,4,3,0,0
7.4194,-1.0,10,1,3,0,0
7.4194,-1.0,10,10,3,0,0
7.5806,-1.0,10,4,3,0,0
7.7419,-1.0,10,7,3,0,0
7.9032,-1.0,10,10,3,0,0
8.0645,-1.0,10,1,3,0,0
8.0645,-1.0,10,7,6,0,0
8.2258,-1.0,10,4,3,0,0
8.2258,-1.0,10,10,3,0,0
8.3871,-1.0,10,1,6,0,0
8.3871,-1.0,10,10,3,0,0
8.5484,-1.0,10,1,3,0,0
8.5484,-1.0,10,7,3,0,0
8.8710,-1.0,82,3,3,0,0
8.8710,9.1935,110,3,3,JumpScratch,-5
8.8710,-1.0,82,8,3,0,0
8.8710,9.1935,110,8,3,JumpScratch,5
9.0323,-1.0,900,3,3,0,0
9.0323,-1.0,900,8,3,0,0
9.1935,9.5161,110,1,3,JumpScratch,6
9.3548,-1.0,900,1,3,0,0
9.5161,9.6774,110,4,3,JumpScratch,-6
9.6774,-1.0,20,7,3,0,0
10.0,-1.0,20,4,3,0,0
10.0,-1.0,50,7,6,0,0
10.3226,-1.0,50,1,6,0,0
10.3226,-1.0,20,7,3,0,0
10.6452,-1.0,10,1,6,0,0
10.6452,-1.0,10,10,3,0,0
10.8065,-1.0,10,1,3,0,0
10.8065,-1.0,10,7,3,0,0
10.9677,-1.0,10,1,3,0,0
10.9677,-1.0,10,7,6,0,0
11.1290,-1.0,10,4,3,0,0
11.1290,-1.0,10,10,3,0,0
11.4516,-1.0,50,1,4,0,0
11.4516,-1.0,50,7,4,0,0
11.7742,-1.0,80,9,4,0,0
11.7742,12.0968,100,9,4,0,0
11.9355,-1.0,900,9,4,0,0
12.0968,-1.0,10,1,3,0,0
12.2581,-1.0,10,4,3,0,0
12.4194,-1.0,10,7,3,0,0
12.5806,-1.0,10,1,3,0,0
12.5806,-1.0,10,10,3,0,0
12.7419,-1.0,10,7,3,0,0
12.9032,-1.0,10,4,3,0,0
13.0645,-1.0,10,7,3,0,0
13.2258,-1.0,20,1,4,0,0
13.2258,-1.0,83,10,3,0,0
13.2258,13.7097,110,10,3,JumpScratch,-6
13.3871,-1.0,10,1,3,0,0
13.3871,-1.0,900,10,3,0,0
13.5484,-1.0,10,1,3,0,0
13.5484,-1.0,900,10,3,0,0
13.7097,-1.0,20,3,4,0,0
13.7097,14.1935,110,7,3,0,0
13.8710,-1.0,10,4,3,0,0
13.8710,-1.0,900,7,3,0,0
14.0323,-1.0,10,4,3,0,0
14.0323,-1.0,900,7,3,0,0
14.1935,-1.0,83,1,3,0,0
14.1935,14.6774,110,1,3,JumpScratch,6
14.3548,-1.0,900,1,3,0,0
14.3548,-1.0,10,10,3,0,0
14.5161,-1.0,900,1,3,0,0
14.5161,-1.0,10,10,3,0,0
14.6774,15.1613,110,4,3,JumpScratch,-6
14.6774,-1.0,20,7,4,0,0
14.8387,-1.0,900,4,3,0,0
14.8387,-1.0,10,7,3,0,0
15.0,-1.0,900,4,3,0,0
15.0,-1.0,10,7,3,0,0
15.1613,-1.0,20,9,4,0,0
15.4839,-1.0,50,1,6,0,0
15.4839,-1.0,50,7,6,0,0
15.8065,-1.0,20,1,3,0,0
15.8065,-1.0,20,10,3,0,0
15.9677,-1.0,10,7,3,0,0
16.0484,-1.0,10,4,3,0,0
16.1290,-1.0,10,7,3,0,0
16.2903,-1.0,50,1,3,0,0
16.2903,-1.0,80,10,3,0,0
16.2903,18.0645,100,10,3,0,0
16.4516,-1.0,900,10,3,0,0
16.6129,-1.0,10,4,3,0,0
16.6129,-1.0,900,10,3,0,0
16.7742,-1.0,10,4,3,0,0
16.7742,-1.0,900,10,3,0,0
16.7742,-1.0,30,10,3,0,0
16.9355,-1.0,82,4,3,0,0
16.9355,17.2581,110,4,3,JumpScratch,-6
16.9355,-1.0,900,10,3,0,0
17.0968,-1.0,900,4,3,0,0
17.0968,-1.0,900,10,3,0,0
17.0968,-1.0,30,10,3,0,0
17.2581,17.5806,110,1,3,JumpScratch,6
17.2581,-1.0,900,10,3,0,0
17.4194,-1.0,900,1,3,0,0
17.4194,-1.0,900,10,3,0,0
17.4194,-1.0,30,10,3,0,0
17.5806,17.7419,110,4,3,JumpScratch,-5
17.5806,-1.0,900,10,3,0,0
17.7419,-1.0,900,10,3,0,0
17.7419,-1.0,30,10,3,0,0
17.9032,-1.0,900,10,3,0,0
17.9032,-1.0,30,10,3,0,0
18.0645,-1.0,50,1,6,0,0
18.3871,-1.0,20,1,3,0,0
18.3871,-1.0,20,10,3,0,0
18.5484,-1.0,10,4,3,0,0
18.6290,-1.0,10,7,3,0,0
18.7097,-1.0,10,4,3,0,0
18.8710,-1.0,80,1,3,0,0
18.8710,20.6452,100,1,3,0,0
18.8710,-1.0,50,10,3,0,0
19.0323,-1.0,900,1,3,0,0
19.1935,-1.0,900,1,3,0,0
19.1935,-1.0,10,7,3,0,0
19.3548,-1.0,900,1,3,0,0
19.3548,-1.0,30,1,3,0,0
19.3548,-1.0,10,7,3,0,0
19.5161,-1.0,900,1,3,0,0
19.5161,-1.0,82,7,3,0,0
19.5161,19.8387,110,7,3,JumpScratch,6
19.6774,-1.0,900,1,3,0,0
19.6774,-1.0,30,1,3,0,0
19.6774,-1.0,900,7,3,0,0
19.8387,-1.0,900,1,3,0,0
19.8387,20.1613,110,10,3,JumpScratch,-6
20.0,-1.0,900,1,3,0,0
20.0,-1.0,30,1,3,0,0
20.0,-1.0,900,10,3,0,0
20.1613,-1.0,900,1,3,0,0
20.1613,20.3226,110,7,3,JumpScratch,5
20.3226,-1.0,900,1,3,0,0
20.3226,-1.0,30,1,3,0,0
20.4839,-1.0,900,1,3,0,0
20.4839,-1.0,30,1,3,0,0
20.6452,-1.0,50,7,6,0,0
20.9677,-1.0,20,1,3,0,0
20.9677,-1.0,20,10,3,0,0
21.1290,-1.0,10,7,3,0,0
21.2097,-1.0,10,4,3,0,0
21.2903,-1.0,10,7,3,0,0
21.4516,-1.0,50,1,3,0,0
21.4516,-1.0,80,10,3,0,0
21.4516,23.2258,100,10,3,0,0
21.6129,-1.0,900,10,3,0,0
21.7742,-1.0,10,4,3,0,0
21.7742,-1.0,900,10,3,0,0
21.9355,-1.0,10,4,3,0,0
21.9355,-1.0,900,10,3,0,0
21.9355,-1.0,30,10,3,0,0
22.0968,-1.0,82,4,3,0,0
22.0968,22.4194,110,4,3,JumpScratch,-6
22.0968,-1.0,900,10,3,0,0
22.2581,-1.0,900,4,3,0,0
22.2581,-1.0,900,10,3,0,0
22.2581,-1.0,30,10,3,0,0
22.4194,22.7419,110,1,3,JumpScratch,6
22.4194,-1.0,900,10,3,0,0
22.5806,-1.0,900,1,3,0,0
22.5806,-1.0,900,10,3,0,0
22.5806,-1.0,30,10,3,0,0
22.7419,22.9032,110,4,3,JumpScratch,-5
22.7419,-1.0,900,10,3,0,0
22.9032,-1.0,900,10,3,0,0
22.9032,-1.0,30,10,3,0,0
23.0645,-1.0,900,10,3,0,0
23.0645,-1.0,30,10,3,0,0
23.2258,-1.0,50,1,9,0,0
23.5484,-1.0,50,1,4,0,0
23.5484,-1.0,83,5,4,0,0
23.5484,24.0323,110,5,4,JumpScratch,8
23.7097,-1.0,900,5,4,0,0
23.8710,-1.0,900,5,4,0,0
24.0323,-1.0,50,1,4,0,0
24.0323,24.3548,110,9,4,JumpScratch,-12
24.1935,-1.0,900,9,4,0,0
24.3548,24.6774,110,1,4,JumpScratch,8
24.5161,-1.0,900,1,4,0,0
24.6774,25.8065,110,5,4,0,0
24.8387,-1.0,900,5,4,0,0
25.0,-1.0,900,5,4,0,0
25.0,-1.0,31,5,4,0,0
25.1613,-1.0,900,5,4,0,0
25.1613,-1.0,31,5,4,0,0
25.3226,-1.0,900,5,4,0,0
25.3226,-1.0,31,5,4,0,0
25.4839,-1.0,900,5,4,0,0
25.4839,-1.0,31,5,4,0,0
25.6452,-1.0,900,5,4,0,0
26.1290,-1.0,81,4,3,0,0
26.1290,26.4516,101,4,3,0,0
26.1290,-1.0,10,7,3,0,0
26.2903,-1.0,900,4,3,0,0
26.2903,-1.0,10,7,3,0,0
26.4516,-1.0,50,9,4,0,0
26.6129,-1.0,50,1,6,0,0
26.9355,-1.0,10,1,3,0,0
26.9355,-1.0,10,7,3,0,0
27.0968,-1.0,10,4,3,0,0
27.0968,-1.0,10,10,3,0,0
27.2581,-1.0,82,1,3,0,0
27.2581,27.5806,110,1,3,JumpScratch,6
27.2581,-1.0,50,7,3,0,0
27.4194,-1.0,900,1,3,0,0
27.5806,27.9032,110,4,3,JumpScratch,-6
27.5806,-1.0,50,10,3,0,0
27.7419,-1.0,900,4,3,0,0
27.9032,28.0645,110,1,3,JumpScratch,6
27.9032,-1.0,83,7,3,0,0
27.9032,28.0645,110,7,3,JumpScratch,6
28.0645,28.3871,110,4,3,JumpScratch,-5
28.2258,-1.0,900,4,3,0,0
28.3871,-1.0,50,8,5,0,0
28.7097,-1.0,10,4,3,0,0
28.7097,-1.0,81,7,3,0,0
28.7097,29.0323,101,7,3,0,0
28.8710,-1.0,10,4,3,0,0
28.8710,-1.0,900,7,3,0,0
29.0323,-1.0,50,1,5,0,0
29.1935,-1.0,50,6,6,0,0
29.5161,-1.0,10,4,3,0,0
29.5161,-1.0,10,10,3,0,0
29.6774,-1.0,10,1,3,0,0
29.6774,-1.0,10,7,3,0,0
29.8387,-1.0,50,4,3,0,0
29.8387,-1.0,82,10,3,0,0
29.8387,30.1613,110,10,3,JumpScratch,-6
30.0,-1.0,900,10,3,0,0
30.1613,-1.0,50,1,3,0,0
30.1613,30.4839,110,7,3,JumpScratch,6
30.3226,-1.0,900,7,3,0,0
30.4839,-1.0,83,4,3,0,0
30.4839,30.6452,110,4,3,JumpScratch,-6
30.4839,30.6452,110,10,3,JumpScratch,-6
30.6452,30.9677,110,7,3,JumpScratch,5
30.8065,-1.0,900,7,3,0,0
30.9677,-1.0,50,1,5,0,0
31.2903,-1.0,81,4,3,0,0
31.2903,31.6129,101,4,3,0,0
31.2903,-1.0,10,7,3,0,0
31.4516,-1.0,900,4,3,0,0
31.4516,-1.0,10,7,3,0,0
31.6129,-1.0,50,7,6,0,0
31.7742,-1.0,50,3,6,0,0
32.0968,-1.0,10,1,4,0,0
32.0968,-1.0,10,7,4,0,0
32.2581,-1.0,10,3,4,0,0
32.2581,-1.0,10,9,4,0,0
32.4194,-1.0,10,1,4,0,0
32.4194,-1.0,10,7,4,0,0
32.5806,-1.0,50,3,4,0,0
32.5806,-1.0,83,9,4,0,0
32.5806,32.9032,110,9,4,JumpScratch,-6
32.7419,-1.0,900,9,4,0,0
32.9032,-1.0,50,1,4,0,0
32.9032,33.2258,110,7,4,JumpScratch,6
33.0645,-1.0,900,7,4,0,0
33.2258,-1.0,83,3,4,0,0
33.2258,33.5484,110,3,4,JumpScratch,-5
33.2258,33.5484,110,9,4,JumpScratch,-5
33.3871,-1.0,900,3,4,0,0
33.3871,-1.0,900,9,4,0,0
33.8710,-1.0,10,1,4,0,0
33.8710,-1.0,10,9,4,0,0
34.1935,-1.0,10,2,4,0,0
34.1935,-1.0,10,8,4,0,0
34.5161,-1.0,82,3,4,0,0
34.5161,34.8387,110,3,4,JumpScratch,-6
34.5161,-1.0,82,7,4,0,0
34.5161,34.8387,110,7,4,JumpScratch,6
34.6774,-1.0,900,3,4,0,0
34.6774,-1.0,900,7,4,0,0
35.0,-1.0,83,1,12,0,0
35.0,35.3226,110,1,12,0,0
35.1613,-1.0,900,1,12,0,0
35.3226,35.6452,110,3,8,0,0
35.4839,-1.0,900,3,8,0,0
35.6452,36.1290,110,5,4,0,0
35.8065,-1.0,900,5,4,0,0
35.9677,-1.0,900,5,4,0,0
35.9677,-1.0,40,5,4,0,0
36.4516,-1.0,50,1,4,0,0
36.4516,-1.0,20,5,4,0,0
36.6129,-1.0,10,5,4,0,0
36.7742,-1.0,50,1,4,0,0
36.7742,-1.0,20,5,4,0,0
36.9355,-1.0,10,5,4,0,0
37.0968,-1.0,20,5,4,0,0
37.0968,-1.0,50,9,4,0,0
37.2581,-1.0,10,5,4,0,0
37.4194,-1.0,20,5,4,0,0
37.4194,-1.0,50,9,4,0,0
37.5806,-1.0,10,5,4,0,0
37.7419,-1.0,83,1,4,0,0
37.7419,38.0645,110,1,4,JumpScratch,6
37.7419,-1.0,83,9,4,0,0
37.7419,38.0645,110,9,4,JumpScratch,-6
37.9032,-1.0,900,1,4,0,0
37.9032,-1.0,900,9,4,0,0
38.0645,38.3871,110,4,3,JumpScratch,-6
38.0645,38.3871,110,7,3,JumpScratch,6
38.2258,-1.0,900,4,3,0,0
38.2258,-1.0,900,7,3,0,0
38.3871,38.7097,110,1,4,JumpScratch,5
38.3871,38.7097,110,9,4,JumpScratch,-5
38.5484,-1.0,900,1,4,0,0
38.5484,-1.0,900,9,4,0,0
39.0323,-1.0,10,4,3,0,0
39.0323,-1.0,10,7,3,0,0
39.3548,-1.0,10,1,3,0,0
39.3548,-1.0,10,10,3,0,0
39.6774,-1.0,82,4,3,0,0
39.6774,40.0,110,4,3,0,0
39.6774,-1.0,82,7,3,0,0
39.6774,40.0,110,7,3,0,0
39.8387,-1.0,900,4,3,0,0
39.8387,-1.0,900,7,3,0,0
40.1613,-1.0,20,1,3,0,0
40.1613,-1.0,20,10,3,0,0
40.4839,-1.0,20,4,3,0,0
40.4839,-1.0,20,7,3,0,0
40.8065,-1.0,83,1,3,0,0
40.8065,41.1290,110,1,3,0,0
40.8065,-1.0,83,10,3,0,0
40.8065,41.1290,110,10,3,0,0
40.9677,-1.0,900,1,3,0,0
40.9677,-1.0,900,10,3,0,0
41.2903,-1.0,10,1,4,0,0
41.3710,-1.0,10,7,3,0,0
41.4516,-1.0,10,3,4,0,0
41.5323,-1.0,10,9,3,0,0
41.6129,-1.0,20,5,4,0,0
41.7742,-1.0,10,5,4,0,0
41.9355,-1.0,20,5,4,0,0
41.9355,-1.0,50,9,4,0,0
42.0968,-1.0,10,5,4,0,0
42.2581,-1.0,50,1,4,0,0
42.2581,-1.0,20,5,4,0,0
42.4194,-1.0,10,5,4,0,0
42.5806,-1.0,50,1,4,0,0
42.5806,-1.0,20,5,4,0,0
42.7419,-1.0,10,5,4,0,0
42.9032,-1.0,83,1,4,0,0
42.9032,43.2258,110,1,4,JumpScratch,6
42.9032,-1.0,83,9,4,0,0
42.9032,43.2258,110,9,4,JumpScratch,-6
43.0645,-1.0,900,1,4,0,0
43.0645,-1.0,900,9,4,0,0
43.2258,43.5484,110,4,3,JumpScratch,-6
43.2258,43.5484,110,7,3,JumpScratch,6
43.3871,-1.0,900,4,3,0,0
43.3871,-1.0,900,7,3,0,0
43.5484,43.8710,110,1,6,0,0
43.5484,43.8710,110,7,6,0,0
43.7097,-1.0,900,1,6,0,0
43.7097,-1.0,900,7,6,0,0
44.1935,-1.0,10,1,3,0,0
44.1935,-1.0,10,10,3,0,0
44.5161,-1.0,10,4,3,0,0
44.5161,-1.0,10,7,3,0,0
44.8387,-1.0,82,1,3,0,0
44.8387,45.1613,110,1,3,0,0
44.8387,-1.0,82,10,3,0,0
44.8387,45.1613,110,10,3,0,0
45.0,-1.0,900,1,3,0,0
45.0,-1.0,900,10,3,0,0
45.3226,-1.0,20,4,3,0,0
45.3226,-1.0,20,7,3,0,0
45.6452,-1.0,20,1,3,0,0
45.6452,-1.0,20,10,3,0,0
45.9677,-1.0,83,4,3,0,0
45.9677,46.2903,110,4,3,0,0
45.9677,-1.0,83,7,3,0,0
45.9677,46.2903,110,7,3,0,0
46.1290,-1.0,900,4,3,0,0
46.1290,-1.0,900,7,3,0,0
46.4516,-1.0,10,9,4,0,0
46.5323,-1.0,10,4,3,0,0
46.6129,-1.0,10,7,4,0,0
46.6935,-1.0,10,2,3,0,0
46.7742,-1.0,10,7,2,0,0
47.2581,-1.0,10,7,2,0,0
47.4194,-1.0,10,4,2,0,0
47.6613,-1.0,10,3,2,0,0
47.9032,-1.0,10,2,2,0,0
48.0645,-1.0,10,10,2,0,0
48.3871,-1.0,10,6,2,0,0
48.7097,-1.0,50,2,2,0,0
48.8710,-1.0,10,6,2,0,0
49.1935,-1.0,10,6,2,0,0
49.3548,-1.0,10,4,2,0,0
49.3548,-1.0,10,8,2,0,0
49.8387,-1.0,10,7,2,0,0
49.9194,-1.0,10,5,2,0,0
50.0,-1.0,10,9,2,0,0
50.2419,-1.0,10,3,2,0,0
50.4839,-1.0,10,9,2,0,0
50.5645,-1.0,10,5,2,0,0
50.6452,-1.0,10,7,2,0,0
50.9677,-1.0,10,2,2,0,0
51.2903,-1.0,20,3,2,0,0
51.2903,-1.0,50,9,2,0,0
51.4516,-1.0,10,6,2,0,0
51.6129,-1.0,50,1,2,0,0
51.6129,-1.0,20,11,2,0,0
51.9355,-1.0,81,4,3,0,0
51.9355,52.2581,101,4,3,0,0
51.9355,-1.0,20,7,6,0,0
52.0968,-1.0,900,4,3,0,0
52.2581,-1.0,10,10,3,0,0
52.5806,-1.0,20,1,6,0,0
52.5806,-1.0,81,7,3,0,0
52.5806,52.9032,101,7,3,0,0
52.7419,-1.0,10,4,3,0,0
52.7419,-1.0,900,7,3,0,0
52.9032,-1.0,10,1,3,0,0
53.2258,-1.0,81,4,3,0,0
53.2258,53.5484,101,4,3,0,0
53.2258,-1.0,10,7,3,0,0
53.3871,-1.0,900,4,3,0,0
53.3871,-1.0,10,7,3,0,0
53.5484,-1.0,50,7,6,0,0
53.7097,-1.0,10,4,3,0,0
53.8710,-1.0,81,7,3,0,0
53.8710,54.1935,101,7,3,0,0
54.0323,-1.0,10,4,3,0,0
54.0323,-1.0,900,7,3,0,0
54.1935,-1.0,50,1,6,0,0
54.5161,-1.0,50,1,6,0,0
54.5161,-1.0,20,10,3,0,0
54.6774,-1.0,10,7,3,0,0
54.8387,-1.0,20,1,3,0,0
54.8387,-1.0,50,7,6,0,0
55.0,-1.0,10,4,3,0,0
55.1613,-1.0,50,1,6,0,0
55.1613,-1.0,20,10,3,0,0
55.3226,-1.0,10,7,3,0,0
55.4839,-1.0,20,1,3,0,0
55.4839,-1.0,50,7,6,0,0
55.6452,-1.0,10,4,3,0,0
55.8065,-1.0,50,1,6,0,0
55.8065,-1.0,20,10,3,0,0
55.9677,-1.0,10,5,5,0,0
56.1290,-1.0,50,1,6,0,0
56.1290,-1.0,20,10,3,0,0
56.2903,-1.0,10,5,5,0,0
56.4516,-1.0,20,1,3,0,0
56.4516,-1.0,50,7,6,0,0
56.6129,-1.0,10,4,5,0,0
56.7742,-1.0,20,1,3,0,0
56.7742,-1.0,50,7,6,0,0
56.9355,-1.0,10,4,5,0,0
57.0968,-1.0,50,1,6,0,0
57.0968,-1.0,50,7,6,0,0
58.0645,-1.0,83,4,3,0,0
58.0645,58.3871,110,4,3,JumpScratch,-6
58.0645,-1.0,83,7,3,0,0
58.0645,58.3871,110,7,3,JumpScratch,6
58.2258,-1.0,900,4,3,0,0
58.2258,-1.0,900,7,3,0,0
59.3548,-1.0,83,1,6,0,0
59.3548,59.6774,110,1,6,0,0
59.3548,-1.0,83,7,6,0,0
59.3548,59.6774,110,7,6,0,0
59.5161,-1.0,900,1,6,0,0
59.5161,-1.0,900,7,6,0,0
60.3226,-1.0,50,1,6,0,0
60.3226,-1.0,50,7,6,0,0
60.9677,-1.0,50,1,6,0,0
60.9677,-1.0,50,7,6,0,0
61.2903,-1.0,83,4,3,0,0
61.2903,61.6129,110,4,3,JumpScratch,-6
61.2903,-1.0,83,7,3,0,0
61.2903,61.6129,110,7,3,JumpScratch,6
61.4516,-1.0,900,4,3,0,0
61.4516,-1.0,900,7,3,0,0
61.6129,61.9355,110,1,3,0,0
61.6129,61.9355,110,10,3,0,0
61.7742,-1.0,900,1,3,0,0
61.7742,-1.0,900,10,3,0,0
62.2581,-1.0,20,1,3,0,0
62.2581,-1.0,20,10,3,0,0
62.4194,-1.0,10,7,3,0,0
62.5000,-1.0,10,4,3,0,0
62.5806,-1.0,10,7,3,0,0
62.7419,-1.0,50,1,3,0,0
62.7419,-1.0,81,7,3,0,0
62.7419,62.9032,101,7,3,0,0
63.0645,-1.0,50,4,3,0,0
63.0645,-1.0,81,10,3,0,0
63.0645,63.2258,101,10,3,0,0
63.3871,-1.0,83,1,3,0,0
63.3871,63.8710,110,1,3,0,0
63.3871,-1.0,83,7,3,0,0
63.3871,63.8710,110,7,3,0,0
63.5484,-1.0,900,1,3,0,0
63.5484,-1.0,900,7,3,0,0
63.7097,-1.0,900,1,3,0,0
63.7097,-1.0,40,1,3,0,0
63.7097,-1.0,900,7,3,0,0
63.7097,-1.0,40,7,3,0,0
64.1935,-1.0,50,4,3,0,0
64.1935,-1.0,81,10,3,0,0
64.1935,64.5161,101,10,3,0,0
64.3548,-1.0,900,10,3,0,0
64.5161,-1.0,50,1,3,0,0
64.6774,-1.0,10,7,3,0,0
64.8387,-1.0,20,1,3,0,0
64.8387,-1.0,50,10,3,0,0
65.0,-1.0,10,4,3,0,0
65.0806,-1.0,10,7,3,0,0
65.1613,-1.0,10,4,3,0,0
65.3226,-1.0,81,1,3,0,0
65.3226,65.4839,101,1,3,0,0
65.3226,-1.0,50,7,3,0,0
65.6452,-1.0,81,4,3,0,0
65.6452,65.8065,101,4,3,0,0
65.6452,-1.0,50,10,3,0,0
65.9677,-1.0,50,1,3,0,0
65.9677,-1.0,50,10,3,0,0
66.2903,-1.0,20,4,3,0,0
66.2903,-1.0,20,7,3,0,0
66.4516,-1.0,83,1,3,0,0
66.4516,66.7742,110,1,3,0,0
66.4516,-1.0,83,10,3,0,0
66.4516,66.7742,110,10,3,0,0
66.6129,-1.0,900,1,3,0,0
66.6129,-1.0,900,10,3,0,0
66.9355,-1.0,10,1,3,0,0
67.0968,-1.0,10,7,3,0,0
67.1774,-1.0,10,4,3,0,0
67.2581,-1.0,10,7,3,0,0
67.3387,-1.0,10,4,3,0,0
67.4194,-1.0,20,10,3,0,0
67.5806,-1.0,10,7,3,0,0
67.6613,-1.0,10,4,3,0,0
67.7419,-1.0,10,7,3,0,0
67.9032,-1.0,50,1,3,0,0
67.9032,-1.0,81,7,3,0,0
67.9032,68.0645,101,7,3,0,0
68.2258,-1.0,50,4,3,0,0
68.2258,-1.0,81,10,3,0,0
68.2258,68.3871,101,10,3,0,0
68.5484,-1.0,83,1,3,0,0
68.5484,69.0323,110,1,3,0,0
68.5484,-1.0,83,7,3,0,0
68.5484,69.0323,110,7,3,0,0
68.7097,-1.0,900,1,3,0,0
68.7097,-1.0,900,7,3,0,0
68.8710,-1.0,900,1,3,0,0
68.8710,-1.0,40,1,3,0,0
68.8710,-1.0,900,7,3,0,0
68.8710,-1.0,40,7,3,0,0
69.3548,-1.0,50,4,3,0,0
69.3548,-1.0,81,10,3,0,0
69.3548,69.6774,101,10,3,0,0
69.5161,-1.0,900,10,3,0,0
69.6774,-1.0,50,1,3,0,0
70.0,-1.0,20,2,5,0,0
70.0,-1.0,83,10,3,0,0
70.0,70.1613,110,10,3,JumpScratch,-5
70.1613,-1.0,20,2,5,0,0
70.4839,-1.0,83,1,3,0,0
70.4839,70.6452,110,1,3,JumpScratch,5
70.4839,-1.0,20,7,5,0,0
70.6452,-1.0,20,7,5,0,0
70.9677,-1.0,20,2,5,0,0
70.9677,-1.0,20,7,5,0,0
71.1290,-1.0,50,1,6,0,0
71.1290,-1.0,50,7,6,0,0
71.6129,-1.0,83,4,3,0,0
71.6129,71.9355,110,4,3,JumpScratch,-6
71.6129,-1.0,83,7,3,0,0
71.6129,71.9355,110,7,3,JumpScratch,6
71.7742,-1.0,900,4,3,0,0
71.7742,-1.0,900,7,3,0,0
71.9355,72.2581,110,1,3,0,0
71.9355,72.2581,110,10,3,0,0
72.0968,-1.0,900,1,3,0,0
72.0968,-1.0,900,10,3,0,0
72.5806,-1.0,20,1,3,0,0
72.5806,-1.0,20,10,3,0,0
72.7419,-1.0,10,4,3,0,0
72.8226,-1.0,10,7,3,0,0
72.9032,-1.0,10,4,3,0,0
73.0645,-1.0,81,4,3,0,0
73.0645,73.2258,101,4,3,0,0
73.0645,-1.0,50,10,3,0,0
73.3871,-1.0,81,1,3,0,0
73.3871,73.5484,101,1,3,0,0
73.3871,-1.0,50,7,3,0,0
73.7097,-1.0,83,4,3,0,0
73.7097,74.1935,110,4,3,0,0
73.7097,-1.0,50,10,3,0,0
73.8710,-1.0,900,4,3,0,0
74.0323,-1.0,900,4,3,0,0
74.0323,-1.0,40,4,3,0,0
74.0323,-1.0,82,10,3,0,0
74.0323,74.1935,110,10,3,0,0
74.5161,-1.0,81,1,3,0,0
74.5161,74.8387,101,1,3,0,0
74.5161,-1.0,50,7,3,0,0
74.6774,-1.0,900,1,3,0,0
74.8387,-1.0,50,10,3,0,0
75.0,-1.0,10,4,3,0,0
75.1613,-1.0,50,1,3,0,0
75.1613,-1.0,20,10,3,0,0
75.3226,-1.0,10,7,3,0,0
75.4032,-1.0,10,4,3,0,0
75.4839,-1.0,10,7,3,0,0
75.6452,-1.0,50,4,3,0,0
75.6452,-1.0,81,10,3,0,0
75.6452,75.8065,101,10,3,0,0
75.9677,-1.0,50,1,3,0,0
75.9677,-1.0,81,7,3,0,0
75.9677,76.1290,101,7,3,0,0
76.2903,-1.0,50,1,3,0,0
76.2903,-1.0,50,10,3,0,0
76.6129,-1.0,20,4,3,0,0
76.6129,-1.0,20,7,3,0,0
76.7742,-1.0,83,1,3,0,0
76.7742,77.0968,110,1,3,0,0
76.7742,-1.0,83,10,3,0,0
76.7742,77.0968,110,10,3,0,0
76.9355,-1.0,900,1,3,0,0
76.9355,-1.0,900,10,3,0,0
77.2581,-1.0,10,10,3,0,0
77.4194,-1.0,10,4,3,0,0
77.5000,-1.0,10,7,3,0,0
77.5806,-1.0,10,4,3,0,0
77.6613,-1.0,10,7,3,0,0
77.7419,-1.0,20,1,3,0,0
77.9032,-1.0,10,4,3,0,0
77.9839,-1.0,10,7,3,0,0
78.0645,-1.0,10,4,3,0,0
78.2258,-1.0,81,4,3,0,0
78.2258,78.3871,101,4,3,0,0
78.2258,-1.0,50,10,3,0,0
78.5484,-1.0,81,1,3,0,0
78.5484,78.7097,101,1,3,0,0
78.5484,-1.0,50,7,3,0,0
78.8710,-1.0,83,4,3,0,0
78.8710,79.3548,110,4,3,0,0
78.8710,-1.0,50,10,3,0,0
79.0323,-1.0,900,4,3,0,0
79.1935,-1.0,900,4,3,0,0
79.1935,-1.0,40,4,3,0,0
79.1935,-1.0,82,10,3,0,0
79.1935,79.3548,110,10,3,0,0
79.6774,-1.0,81,1,3,0,0
79.6774,80.0,101,1,3,0,0
79.6774,-1.0,50,7,3,0,0
79.8387,-1.0,900,1,3,0,0
80.0,-1.0,50,10,3,0,0
80.3226,-1.0,50,1,6,0,0
80.3226,-1.0,20,10,3,0,0
80.4839,-1.0,10,4,6,0,0
80.6452,-1.0,10,4,6,0,0
80.8065,-1.0,20,1,3,0,0
80.8065,-1.0,50,7,6,0,0
80.9677,-1.0,10,4,6,0,0
81.1290,-1.0,10,4,6,0,0
81.2903,-1.0,10,7,6,0,0
81.3710,-1.0,10,1,6,0,0
81.4516,-1.0,10,7,6,0,0
81.5323,-1.0,10,1,6,0,0
81.6129,-1.0,50,7,6,0,0
81.9355,-1.0,83,4,3,0,0
81.9355,82.2581,110,4,3,JumpScratch,-6
81.9355,-1.0,83,7,3,0,0
81.9355,82.2581,110,7,3,JumpScratch,6
82.0968,-1.0,900,4,3,0,0
82.0968,-1.0,900,7,3,0,0
82.2581,82.5806,110,1,3,0,0
82.2581,82.5806,110,10,3,0,0
82.4194,-1.0,900,1,3,0,0
82.4194,-1.0,900,10,3,0,0
82.9032,-1.0,10,1,4,0,0
83.2258,-1.0,10,1,4,0,0
83.5484,-1.0,10,1,4,0,0
83.8710,-1.0,10,1,4,0,0
84.1935,-1.0,10,3,4,0,0
84.5161,-1.0,10,5,4,0,0
84.8387,-1.0,10,7,4,0,0
85.1613,-1.0,10,9,4,0,0
85.4839,-1.0,10,7,4,0,0
85.8065,-1.0,10,6,4,0,0
86.1290,-1.0,10,5,4,0,0
86.4516,-1.0,10,4,4,0,0
86.7742,-1.0,10,3,4,0,0
87.0968,-1.0,10,3,4,0,0
87.4194,-1.0,10,3,4,0,0
87.7419,-1.0,10,3,4,0,0
88.0645,-1.0,20,1,4,0,0
88.3871,-1.0,20,1,4,0,0
88.7097,-1.0,20,5,4,0,0
89.0323,-1.0,20,5,4,0,0
89.3548,-1.0,20,9,4,0,0
89.6774,-1.0,20,9,4,0,0
90.0,-1.0,20,5,4,0,0
90.3226,-1.0,20,5,4,0,0
90.6452,-1.0,20,1,4,0,0
90.9677,-1.0,20,9,4,0,0
91.2903,-1.0,20,1,4,0,0
91.6129,-1.0,20,9,4,0,0
91.9355,-1.0,10,5,4,0,0
92.2581,-1.0,10,5,4,0,0
92.5806,-1.0,10,5,4,0,0
92.7419,-1.0,10,5,4,0,0
92.9032,-1.0,10,5,4,0,0
93.2258,-1.0,10,1,4,0,0
93.5484,-1.0,10,1,4,0,0
93.8710,-1.0,80,1,4,0,0
93.8710,94.1935,100,1,4,0,0
94.0323,-1.0,900,1,4,0,0
94.5161,-1.0,20,1,4,0,0
94.8387,-1.0,20,1,4,0,0
95.1613,-1.0,83,1,4,0,0
95.1613,95.4839,110,1,4,0,0
95.3226,-1.0,900,1,4,0,0
95.8065,-1.0,20,1,2,0,0
95.9677,-1.0,20,3,2,0,0
96.1290,-1.0,20,5,2,0,0
96.2903,-1.0,20,7,2,0,0
96.4516,-1.0,20,7,2,0,0
96.6129,-1.0,20,5,2,0,0
96.7742,-1.0,20,3,2,0,0
97.0968,-1.0,20,1,4,0,0
97.4194,-1.0,20,1,4,0,0
97.7419,-1.0,83,1,4,0,0
97.7419,98.0645,110,1,4,0,0
97.8226,-1.0,31,1,4,0,0
97.9032,-1.0,900,1,4,0,0
97.9032,-1.0,31,1,4,0,0
97.9839,-1.0,31,1,4,0,0
98.3871,-1.0,10,5,4,0,0
98.7097,-1.0,10,5,4,0,0
99.0323,-1.0,80,5,4,0,0
99.0323,99.3548,100,5,4,0,0
99.1935,-1.0,900,5,4,0,0
99.6774,-1.0,20,5,4,0,0
100.0,-1.0,20,5,4,0,0
100.3226,-1.0,83,5,4,0,0
100.3226,100.6452,110,5,4,0,0
100.4839,-1.0,900,5,4,0,0
100.9677,-1.0,20,6,2,0,0
101.1290,-1.0,20,6,2,0,0
101.2903,-1.0,20,3,2,0,0
101.4516,-1.0,20,3,2,0,0
101.6129,-1.0,20,9,2,0,0
101.7742,-1.0,20,9,2,0,0
101.9355,-1.0,20,6,2,0,0
102.2581,-1.0,20,5,4,0,0
102.5806,-1.0,20,5,4,0,0
102.9032,-1.0,83,5,4,0,0
102.9032,103.2258,110,5,4,0,0
102.9839,-1.0,31,5,4,0,0
103.0645,-1.0,900,5,4,0,0
103.0645,-1.0,31,5,4,0,0
103.1452,-1.0,31,5,4,0,0
103.5484,-1.0,10,9,4,0,0
103.8710,-1.0,10,9,4,0,0
104.1935,-1.0,80,9,4,0,0
104.1935,104.5161,100,9,4,0,0
104.3548,-1.0,900,9,4,0,0
104.8387,-1.0,20,9,4,0,0
105.1613,-1.0,20,9,4,0,0
105.4839,-1.0,83,9,4,0,0
105.4839,105.8065,110,9,4,0,0
105.6452,-1.0,900,9,4,0,0
106.1290,-1.0,20,9,2,0,0
106.2903,-1.0,20,9,2,0,0
106.4516,-1.0,20,6,2,0,0
106.6129,-1.0,20,3,2,0,0
106.7742,-1.0,20,3,2,0,0
106.9355,-1.0,20,6,2,0,0
107.0968,-1.0,20,9,2,0,0
107.4194,-1.0,20,9,4,0,0
107.7419,-1.0,20,9,4,0,0
108.0645,-1.0,83,9,4,0,0
108.0645,108.3871,110,9,4,0,0
108.1452,-1.0,31,9,4,0,0
108.2258,-1.0,900,9,4,0,0
108.2258,-1.0,31,9,4,0,0
108.3065,-1.0,31,9,4,0,0
108.7097,-1.0,20,1,5,0,0
108.7097,-1.0,20,8,5,0,0
108.8710,-1.0,20,1,5,0,0
108.8710,-1.0,20,8,5,0,0
109.0323,-1.0,20,1,5,0,0
109.0323,-1.0,20,8,5,0,0
109.3548,-1.0,83,4,3,0,0
109.3548,109.5161,110,4,3,JumpScratch,-6
109.3548,-1.0,83,7,3,0,0
109.3548,109.5161,110,7,3,JumpScratch,6
109.5161,109.6774,110,1,3,0,0
109.5161,109.6774,110,10,3,0,0
110.0,-1.0,20,1,5,0,0
110.0,-1.0,20,8,5,0,0
110.1613,-1.0,20,1,5,0,0
110.1613,-1.0,20,8,5,0,0
110.3226,-1.0,20,1,5,0,0
110.3226,-1.0,20,8,5,0,0
110.6452,-1.0,83,4,3,0,0
110.6452,110.8065,110,4,3,JumpScratch,-6
110.6452,-1.0,83,7,3,0,0
110.6452,110.8065,110,7,3,JumpScratch,6
110.8065,110.9677,110,1,3,0,0
110.8065,110.9677,110,10,3,0,0
111.2903,-1.0,20,1,5,0,0
111.2903,-1.0,20,8,5,0,0
111.4516,-1.0,10,5,4,0,0
111.6129,-1.0,20,1,5,0,0
111.6129,-1.0,20,8,5,0,0
111.7742,-1.0,10,4,6,0,0
111.9355,-1.0,50,1,5,0,0
111.9355,-1.0,20,8,5,0,0
112.0968,-1.0,10,3,8,0,0
112.2581,-1.0,20,1,5,0,0
112.2581,-1.0,50,8,5,0,0
112.4194,-1.0,10,2,10,0,0
112.5806,-1.0,50,1,5,0,0
112.5806,-1.0,50,8,5,0,0
112.9032,-1.0,50,1,5,0,0
112.9032,-1.0,50,8,5,0,0
113.2258,-1.0,83,3,4,0,0
113.2258,113.5484,110,3,4,JumpScratch,-6
113.2258,-1.0,83,7,4,0,0
113.2258,113.5484,110,7,4,JumpScratch,6
113.2661,-1.0,31,7,4,0,0
113.3065,-1.0,31,3,4,0,0
113.3468,-1.0,31,7,4,0,0
113.3871,-1.0,900,3,4,0,0
113.3871,-1.0,31,3,4,0,0
113.3871,-1.0,900,7,4,0,0
113.4274,-1.0,31,7,4,0,0
113.4677,-1.0,31,3,4,0,0
113.5081,-1.0,31,7,4,0,0
113.8710,-1.0,20,1,3,0,0
113.8710,-1.0,20,10,3,0,0
114.0323,-1.0,10,4,3,0,0
114.1129,-1.0,10,7,3,0,0
114.1935,-1.0,10,4,3,0,0
114.3548,-1.0,81,4,3,0,0
114.3548,114.5161,101,4,3,0,0
114.3548,-1.0,20,10,3,0,0
114.5161,-1.0,10,7,3,0,0
114.6774,-1.0,81,1,3,0,0
114.6774,114.8387,101,1,3,0,0
114.6774,-1.0,20,10,3,0,0
114.8387,-1.0,10,7,3,0,0
115.0,-1.0,83,4,3,0,0
115.0,115.4839,110,4,3,0,0
115.0,-1.0,50,10,3,0,0
115.1613,-1.0,900,4,3,0,0
115.3226,-1.0,900,4,3,0,0
115.3226,-1.0,40,4,3,0,0
115.3226,-1.0,82,10,3,0,0
115.3226,115.4839,110,10,3,0,0
115.8065,-1.0,81,1,3,0,0
115.8065,116.1290,101,1,3,0,0
115.8065,-1.0,50,10,3,0,0
115.9677,-1.0,900,1,3,0,0
115.9677,-1.0,10,7,3,0,0
116.1290,-1.0,50,10,3,0,0
116.2903,-1.0,10,4,3,0,0
116.4516,-1.0,50,1,3,0,0
116.4516,-1.0,20,10,3,0,0
116.6129,-1.0,10,7,3,0,0
116.6935,-1.0,10,4,3,0,0
116.7742,-1.0,10,7,3,0,0
116.9355,-1.0,20,1,3,0,0
116.9355,-1.0,81,10,3,0,0
116.9355,117.0968,101,10,3,0,0
117.0968,-1.0,10,4,3,0,0
117.2581,-1.0,20,1,3,0,0
117.2581,-1.0,81,7,3,0,0
117.2581,117.4194,101,7,3,0,0
117.4194,-1.0,10,4,3,0,0
117.5806,-1.0,50,1,3,0,0
117.5806,-1.0,20,10,3,0,0
117.9032,-1.0,20,4,3,0,0
117.9032,-1.0,20,7,3,0,0
118.0645,-1.0,83,1,3,0,0
118.0645,118.3871,110,1,3,0,0
118.0645,-1.0,83,10,3,0,0
118.0645,118.3871,110,10,3,0,0
118.2258,-1.0,900,1,3,0,0
118.2258,-1.0,900,10,3,0,0
118.5484,-1.0,10,7,3,0,0
118.7097,-1.0,10,1,3,0,0
118.7903,-1.0,10,7,3,0,0
118.8710,-1.0,10,4,3,0,0
118.9516,-1.0,10,10,3,0,0
119.0323,-1.0,20,1,3,0,0
119.1935,-1.0,10,4,3,0,0
119.2742,-1.0,10,7,3,0,0
119.3548,-1.0,10,4,3,0,0
119.5161,-1.0,81,4,3,0,0
119.5161,119.6774,101,4,3,0,0
119.5161,-1.0,20,10,3,0,0
119.6774,-1.0,10,7,3,0,0
119.8387,-1.0,81,1,3,0,0
119.8387,120.0,101,1,3,0,0
119.8387,-1.0,20,10,3,0,0
120.0,-1.0,10,7,3,0,0
120.1613,-1.0,83,4,3,0,0
120.1613,120.6452,110,4,3,0,0
120.1613,-1.0,50,10,3,0,0
120.3226,-1.0,900,4,3,0,0
120.4839,-1.0,900,4,3,0,0
120.4839,-1.0,40,4,3,0,0
120.4839,-1.0,82,10,3,0,0
120.4839,120.6452,110,10,3,0,0
120.9677,-1.0,81,1,3,0,0
120.9677,121.2903,101,1,3,0,0
120.9677,-1.0,50,10,3,0,0
121.1290,-1.0,900,1,3,0,0
121.1290,-1.0,10,7,3,0,0
121.2903,-1.0,50,10,3,0,0
121.6129,-1.0,83,1,3,0,0
121.6129,121.7742,110,1,3,JumpScratch,5
121.6129,-1.0,20,7,5,0,0
121.7742,-1.0,20,7,5,0,0
122.0968,-1.0,20,2,5,0,0
122.0968,-1.0,83,10,3,0,0
122.0968,122.2581,110,10,3,JumpScratch,-5
122.2581,-1.0,20,2,5,0,0
122.5806,-1.0,20,1,5,0,0
122.5806,-1.0,20,8,5,0,0
122.7419,-1.0,50,1,6,0,0
122.7419,-1.0,50,7,6,0,0
123.2258,-1.0,83,4,3,0,0
123.2258,123.5484,110,4,3,JumpScratch,-6
123.2258,-1.0,83,7,3,0,0
123.2258,123.5484,110,7,3,JumpScratch,6
123.3871,-1.0,900,4,3,0,0
123.3871,-1.0,900,7,3,0,0
123.5484,123.8710,110,1,3,0,0
123.5484,123.8710,110,10,3,0,0
123.7097,-1.0,900,1,3,0,0
123.7097,-1.0,900,10,3,0,0
124.1935,-1.0,20,1,3,0,0
124.1935,-1.0,20,10,3,0,0
124.3548,-1.0,10,7,3,0,0
124.4355,-1.0,10,4,3,0,0
124.5161,-1.0,10,7,3,0,0
124.6774,-1.0,20,1,3,0,0
124.6774,-1.0,81,7,3,0,0
124.6774,124.8387,101,7,3,0,0
124.8387,-1.0,10,4,3,0,0
125.0,-1.0,20,1,3,0,0
125.0,-1.0,81,10,3,0,0
125.0,125.1613,101,10,3,0,0
125.1613,-1.0,10,4,3,0,0
125.3226,-1.0,50,1,3,0,0
125.3226,-1.0,83,7,3,0,0
125.3226,125.6452,110,7,3,0,0
125.4839,-1.0,900,7,3,0,0
125.6452,-1.0,82,1,3,0,0
125.6452,125.8065,110,1,3,0,0
125.8065,-1.0,50,7,3,0,0
126.1290,-1.0,50,1,3,0,0
126.1290,-1.0,81,10,3,0,0
126.1290,126.4516,101,10,3,0,0
126.2903,-1.0,82,4,3,0,0
126.2903,126.4516,110,4,3,0,0
126.2903,-1.0,900,10,3,0,0
126.6129,-1.0,10,7,3,0,0
126.7742,-1.0,20,1,3,0,0
126.7742,-1.0,50,10,3,0,0
126.9355,-1.0,10,4,3,0,0
127.0161,-1.0,10,7,3,0,0
127.0968,-1.0,10,4,3,0,0
127.2581,-1.0,81,1,3,0,0
127.2581,127.4194,101,1,3,0,0
127.2581,-1.0,20,10,3,0,0
127.4194,-1.0,10,7,3,0,0
127.5806,-1.0,81,4,3,0,0
127.5806,127.7419,101,4,3,0,0
127.5806,-1.0,20,10,3,0,0
127.7419,-1.0,10,7,3,0,0
127.9032,-1.0,20,1,3,0,0
127.9032,-1.0,50,10,3,0,0
128.2258,-1.0,20,4,3,0,0
128.2258,-1.0,20,7,3,0,0
128.3871,-1.0,83,1,3,0,0
128.3871,128.7097,110,1,3,0,0
128.3871,-1.0,83,10,3,0,0
128.3871,128.7097,110,10,3,0,0
128.5484,-1.0,900,1,3,0,0
128.5484,-1.0,900,10,3,0,0
128.8710,-1.0,10,4,3,0,0
129.0323,-1.0,10,10,3,0,0
129.1129,-1.0,10,4,3,0,0
129.1935,-1.0,10,7,3,0,0
129.2742,-1.0,10,1,3,0,0
129.3548,-1.0,20,10,3,0,0
129.5161,-1.0,10,7,3,0,0
129.5968,-1.0,10,4,3,0,0
129.6774,-1.0,10,7,3,0,0
129.8387,-1.0,20,1,3,0,0
129.8387,-1.0,81,7,3,0,0
129.8387,130.0,101,7,3,0,0
130.0,-1.0,10,4,3,0,0
130.1613,-1.0,20,1,3,0,0
130.1613,-1.0,81,10,3,0,0
130.1613,130.3226,101,10,3,0,0
130.3226,-1.0,10,4,3,0,0
130.4839,-1.0,50,1,3,0,0
130.4839,-1.0,83,7,3,0,0
130.4839,130.8065,110,7,3,0,0
130.6452,-1.0,900,7,3,0,0
130.8065,-1.0,82,1,3,0,0
130.8065,130.9677,110,1,3,0,0
130.9677,-1.0,50,7,3,0,0
131.2903,-1.0,50,1,3,0,0
131.2903,-1.0,81,10,3,0,0
131.2903,131.6129,101,10,3,0,0
131.4516,-1.0,82,4,3,0,0
131.4516,131.6129,110,4,3,0,0
131.4516,-1.0,900,10,3,0,0
131.9355,-1.0,20,1,6,0,0
131.9355,-1.0,50,7,6,0,0
132.0968,-1.0,10,3,8,0,0
132.2581,-1.0,10,3,8,0,0
132.4194,-1.0,50,1,6,0,0
132.4194,-1.0,20,7,6,0,0
132.5806,-1.0,10,3,8,0,0
132.7419,-1.0,10,3,8,0,0
132.9032,-1.0,20,5,8,0,0
132.9839,-1.0,20,1,8,0,0
133.0645,-1.0,20,5,8,0,0
133.1452,-1.0,20,1,8,0,0
133.2258,-1.0,50,1,12,0,0
133.5484,-1.0,83,4,3,0,0
133.5484,133.8710,110,4,3,JumpScratch,-6
133.5484,-1.0,83,7,3,0,0
133.5484,133.8710,110,7,3,JumpScratch,6
133.7097,-1.0,900,4,3,0,0
133.7097,-1.0,900,7,3,0,0
133.8710,134.1935,110,1,3,0,0
133.8710,134.1935,110,10,3,0,0
134.0323,-1.0,900,1,3,0,0
134.0323,-1.0,900,10,3,0,0
134.5161,-1.0,10,1,6,0,0
134.5161,-1.0,10,10,3,0,0
134.6774,-1.0,10,5,4,0,0
134.8387,-1.0,10,1,3,0,0
134.8387,-1.0,10,7,6,0,0
135.0,-1.0,10,5,4,0,0
135.3226,-1.0,50,1,4,0,0
135.3226,-1.0,50,9,4,0,0
135.6452,-1.0,80,1,4,0,0
135.6452,135.9677,100,1,4,0,0
135.8065,-1.0,900,1,4,0,0
135.9677,-1.0,10,10,3,0,0
136.1290,-1.0,10,7,3,0,0
136.2903,-1.0,10,4,3,0,0
136.4516,-1.0,10,1,3,0,0
136.4516,-1.0,10,10,3,0,0
136.6129,-1.0,10,4,3,0,0
136.7742,-1.0,10,7,3,0,0
136.9355,-1.0,10,10,3,0,0
137.0968,-1.0,10,1,3,0,0
137.0968,-1.0,10,7,6,0,0
137.2581,-1.0,10,5,4,0,0
137.4194,-1.0,10,1,6,0,0
137.4194,-1.0,10,10,3,0,0
137.5806,-1.0,10,5,4,0,0
137.9032,-1.0,82,3,3,0,0
137.9032,138.2258,110,3,3,JumpScratch,-5
137.9032,-1.0,82,8,3,0,0
137.9032,138.2258,110,8,3,JumpScratch,5
138.0645,-1.0,900,3,3,0,0
138.0645,-1.0,900,8,3,0,0
138.2258,138.5484,110,1,3,JumpScratch,6
138.3871,-1.0,900,1,3,0,0
138.5484,138.7097,110,4,3,JumpScratch,-6
138.7097,-1.0,20,7,6,0,0
139.0323,-1.0,20,1,6,0,0
139.0323,-1.0,50,7,6,0,0
139.3548,-1.0,50,1,6,0,0
139.3548,-1.0,50,7,6,0,0
139.6774,-1.0,10,1,3,0,0
139.6774,-1.0,10,7,6,0,0
139.8387,-1.0,10,5,4,0,0
140.0,-1.0,10,1,6,0,0
140.0,-1.0,10,10,3,0,0
140.1613,-1.0,10,5,4,0,0
140.4839,-1.0,50,1,4,0,0
140.4839,-1.0,50,9,4,0,0
140.8065,-1.0,80,9,4,0,0
140.8065,141.1290,100,9,4,0,0
140.9677,-1.0,900,9,4,0,0
141.1290,-1.0,10,1,3,0,0
141.2903,-1.0,10,4,3,0,0
141.4516,-1.0,10,7,3,0,0
141.6129,-1.0,10,1,3,0,0
141.6129,-1.0,10,10,3,0,0
141.7742,-1.0,10,7,3,0,0
141.9355,-1.0,10,4,3,0,0
142.0968,-1.0,10,1,3,0,0
142.2581,-1.0,50,1,5,0,0
142.2581,-1.0,20,8,5,0,0
142.4194,-1.0,10,6,7,0,0
142.5806,-1.0,10,3,10,0,0
142.7419,-1.0,20,1,5,0,0
142.7419,-1.0,50,8,5,0,0
142.9032,-1.0,10,1,7,0,0
143.0645,-1.0,10,1,10,0,0
143.2258,-1.0,50,1,5,0,0
143.2258,-1.0,20,8,5,0,0
143.3871,-1.0,10,6,7,0,0
143.5484,-1.0,10,3,10,0,0
143.7097,-1.0,20,1,5,0,0
143.7097,-1.0,50,8,5,0,0
143.8710,-1.0,10,1,7,0,0
144.0323,-1.0,10,1,10,0,0
144.1935,-1.0,83,1,6,0,0
144.1935,144.5161,110,1,6,0,0
144.1935,-1.0,83,7,6,0,0
144.1935,144.5161,110,7,6,0,0
144.3548,-1.0,900,1,6,0,0
144.3548,-1.0,900,7,6,0,0
144.8387,-1.0,82,1,3,0,0
144.8387,145.3226,110,1,3,JumpScratch,-3
144.8387,-1.0,82,10,3,0,0
144.8387,145.3226,110,10,3,JumpScratch,-5
145.0,-1.0,900,1,3,0,0
145.0,-1.0,900,10,3,0,0
145.1613,-1.0,900,1,3,0,0
145.1613,-1.0,900,10,3,0,0
145.3226,145.4032,110,8,3,JumpScratch,-5
145.4032,145.4839,110,6,3,JumpScratch,-5