0.0,-1.0,80,9,2,0,0
0.0,1.1732,100,9,2,0,0
5.3631,10.6844,0,0,0,14,11010
0.1676,-1.0,900,9,2,0,0
85.8101,95.1955,0,0,0,14,11010
0.1676,-1.0,30,9,2,0,0
0.3352,-1.0,900,9,2,0,0
0.5028,-1.0,900,9,2,0,0
0.5028,-1.0,30,9,2,0,0
0.6704,-1.0,900,9,2,0,0
0.6704,-1.0,30,9,2,0,0
0.8380,-1.0,900,9,2,0,0
1.0056,-1.0,900,9,2,0,0
1.0056,-1.0,30,9,2,0,0
2.6816,-1.0,80,3,2,0,0
2.6816,3.8547,100,3,2,0,0
2.8492,-1.0,900,3,2,0,0
2.8492,-1.0,30,3,2,0,0
3.0168,-1.0,900,3,2,0,0
3.1844,-1.0,900,3,2,0,0
3.1844,-1.0,30,3,2,0,0
3.3520,-1.0,900,3,2,0,0
3.3520,-1.0,30,3,2,0,0
3.5196,-1.0,900,3,2,0,0
3.6872,-1.0,900,3,2,0,0
3.6872,-1.0,30,3,2,0,0
4.0223,-1.0,20,10,3,0,0
4.3575,-1.0,20,10,3,0,0
4.6927,-1.0,20,10,3,0,0
5.0279,-1.0,10,4,3,0,0
5.0279,-1.0,10,7,3,0,0
5.3631,-1.0,10,4,3,0,0
5.3631,-1.0,81,7,3,0,0
5.3631,5.6983,101,7,3,0,0
5.5307,-1.0,900,7,3,0,0
5.6983,-1.0,50,1,3,0,0
6.0335,-1.0,10,4,3,0,0
6.0335,-1.0,80,10,3,0,0
6.0335,6.3687,100,10,3,0,0
6.2011,-1.0,10,4,3,0,0
6.2011,-1.0,900,10,3,0,0
6.3687,-1.0,50,1,3,0,0
6.5363,-1.0,80,7,3,0,0
6.5363,6.8715,100,7,3,0,0
6.7039,-1.0,900,7,3,0,0
6.8715,-1.0,80,4,3,0,0
6.8715,7.0391,100,4,3,0,0
7.0391,-1.0,50,10,3,0,0
7.3743,-1.0,10,1,3,0,0
7.3743,-1.0,10,7,3,0,0
7.5419,-1.0,10,1,3,0,0
7.7095,-1.0,50,10,3,0,0
8.0447,-1.0,10,4,3,0,0
8.0447,-1.0,81,7,3,0,0
8.0447,8.3799,101,7,3,0,0
8.2123,-1.0,900,7,3,0,0
8.3799,-1.0,50,1,3,0,0
8.7151,-1.0,10,4,3,0,0
8.7151,-1.0,80,10,3,0,0
8.7151,9.0503,100,10,3,0,0
8.8827,-1.0,10,4,3,0,0
8.8827,-1.0,900,10,3,0,0
9.0503,-1.0,50,1,3,0,0
9.2179,-1.0,80,7,3,0,0
9.2179,9.5531,100,7,3,0,0
9.3855,-1.0,900,7,3,0,0
9.5531,-1.0,80,4,3,0,0
9.5531,9.7207,100,4,3,0,0
9.7207,-1.0,50,10,3,0,0
10.0559,-1.0,10,1,3,0,0
10.0559,-1.0,10,10,3,0,0
10.2235,-1.0,10,7,3,0,0
10.3073,-1.0,10,4,3,0,0
10.3911,-1.0,10,7,3,0,0
10.5587,-1.0,10,4,3,0,0
10.6425,-1.0,10,7,3,0,0
10.7263,-1.0,81,4,3,0,0
10.7263,11.2291,101,4,3,0,0
10.8939,-1.0,900,4,3,0,0
11.0615,-1.0,900,4,3,0,0
11.0615,-1.0,10,7,3,0,0
11.2291,-1.0,80,10,3,0,0
11.2291,11.7318,100,10,3,0,0
11.3966,-1.0,900,10,3,0,0
11.5642,-1.0,10,4,3,0,0
11.5642,-1.0,900,10,3,0,0
11.7318,-1.0,10,1,3,0,0
11.8994,-1.0,82,7,3,0,0
11.8994,12.2346,110,7,3,JumpScratch,6
12.0670,-1.0,900,7,3,0,0
12.2346,-1.0,80,4,3,0,0
12.2346,12.4022,100,4,3,0,0
12.2346,12.4022,110,10,3,0,0
12.7374,-1.0,82,1,3,0,0
12.7374,13.0726,110,1,3,0,0
12.7374,-1.0,82,7,3,0,0
12.7374,13.0726,110,7,3,0,0
12.9050,-1.0,900,1,3,0,0
12.9050,-1.0,900,7,3,0,0
13.4078,-1.0,10,4,3,0,0
13.4078,-1.0,20,10,3,0,0
13.5754,-1.0,80,7,3,0,0
13.5754,13.9106,100,7,3,0,0
13.7430,-1.0,900,7,3,0,0
13.9106,-1.0,80,1,3,0,0
13.9106,14.4134,100,1,3,0,0
14.0782,-1.0,900,1,3,0,0
14.2458,-1.0,900,1,3,0,0
14.2458,-1.0,10,7,3,0,0
14.4134,-1.0,10,10,3,0,0
14.5810,-1.0,82,4,3,0,0
14.5810,14.9162,110,4,3,JumpScratch,-6
14.7486,-1.0,900,4,3,0,0
14.9162,15.0838,110,1,3,0,0
14.9162,-1.0,80,7,3,0,0
14.9162,15.0838,100,7,3,0,0
15.4190,-1.0,82,4,3,0,0
15.4190,15.7542,110,4,3,0,0
15.4190,-1.0,82,10,3,0,0
15.4190,15.7542,110,10,3,0,0
15.5866,-1.0,900,4,3,0,0
15.5866,-1.0,900,10,3,0,0
16.0894,-1.0,81,1,3,0,0
16.0894,16.5922,101,1,3,0,0
16.0894,-1.0,10,7,3,0,0
16.2570,-1.0,900,1,3,0,0
16.4246,-1.0,900,1,3,0,0
16.4246,-1.0,10,10,3,0,0
16.5922,-1.0,80,7,3,0,0
16.5922,17.0950,100,7,3,0,0
16.7598,-1.0,900,7,3,0,0
16.9274,-1.0,10,1,3,0,0
16.9274,-1.0,900,7,3,0,0
17.0950,-1.0,10,4,3,0,0
17.2626,-1.0,82,10,3,0,0
17.2626,17.5978,110,10,3,JumpScratch,-6
17.4302,-1.0,900,10,3,0,0
17.5978,-1.0,80,1,3,0,0
17.5978,17.7654,100,1,3,0,0
17.5978,17.7654,110,7,3,0,0
18.1006,-1.0,82,4,3,0,0
18.1006,18.4358,110,4,3,0,0
18.1006,-1.0,82,10,3,0,0
18.1006,18.4358,110,10,3,0,0
18.2682,-1.0,900,4,3,0,0
18.2682,-1.0,900,10,3,0,0
18.7709,-1.0,10,1,3,0,0
18.7709,-1.0,20,10,3,0,0
18.9385,-1.0,80,7,3,0,0
18.9385,19.2737,100,7,3,0,0
19.1061,-1.0,900,7,3,0,0
19.2737,-1.0,80,4,3,0,0
19.2737,19.7765,100,4,3,0,0
19.4413,-1.0,900,4,3,0,0
19.6089,-1.0,900,4,3,0,0
19.6089,-1.0,10,10,3,0,0
19.7765,-1.0,10,7,3,0,0
19.9441,-1.0,10,4,3,0,0
20.1117,-1.0,20,10,3,0,0
20.1955,-1.0,10,4,3,0,0
20.2793,-1.0,10,10,3,0,0
20.3631,-1.0,10,4,3,0,0
20.4469,-1.0,20,7,4,0,0
20.5307,-1.0,10,1,4,0,0
20.6145,-1.0,10,7,4,0,0
20.6983,-1.0,10,1,4,0,0
20.7821,-1.0,20,8,5,0,0
20.8659,-1.0,10,2,5,0,0
20.9497,-1.0,10,8,5,0,0
21.0335,-1.0,10,2,5,0,0
21.1173,-1.0,50,7,6,0,0
21.4525,-1.0,80,3,3,0,0
21.4525,21.7877,100,3,3,0,0
21.4525,-1.0,10,10,3,0,0
21.6201,-1.0,900,3,3,0,0
21.7877,-1.0,10,10,3,0,0
21.9553,-1.0,10,1,3,0,0
21.9553,-1.0,80,8,3,0,0
21.9553,22.4581,100,8,3,0,0
22.1229,-1.0,900,8,3,0,0
22.2905,-1.0,900,8,3,0,0
22.4581,-1.0,50,1,3,0,0
22.7933,-1.0,10,3,3,0,0
22.7933,-1.0,80,10,3,0,0
22.7933,23.1285,100,10,3,0,0
22.9609,-1.0,900,10,3,0,0
23.1285,-1.0,10,3,3,0,0
23.2961,-1.0,80,1,3,0,0
23.2961,23.7989,100,1,3,0,0
23.2961,-1.0,10,8,3,0,0
23.4637,-1.0,900,1,3,0,0
23.6313,-1.0,900,1,3,0,0
23.7989,-1.0,10,7,3,0,0
23.9665,-1.0,10,4,3,0,0
24.1341,-1.0,82,1,3,0,0
24.1341,24.4693,110,1,3,JumpScratch,6
24.1341,-1.0,82,7,3,0,0
24.1341,24.6369,110,7,3,JumpScratch,6
24.3017,-1.0,900,1,3,0,0
24.3017,-1.0,900,7,3,0,0
24.4693,25.1397,110,4,3,JumpScratch,-6
24.4693,-1.0,900,7,3,0,0
24.6369,-1.0,900,4,3,0,0
24.6369,25.1397,110,10,3,JumpScratch,-6
24.8045,-1.0,900,4,3,0,0
24.8045,-1.0,900,10,3,0,0
24.9721,-1.0,900,4,3,0,0
24.9721,-1.0,900,10,3,0,0
25.1397,25.3073,110,1,3,JumpScratch,6
25.1397,25.3073,110,7,3,JumpScratch,6
25.3073,26.1453,110,4,3,0,0
25.3073,26.1453,110,10,3,0,0
25.4749,-1.0,900,4,3,0,0
25.4749,-1.0,900,10,3,0,0
25.6425,-1.0,900,4,3,0,0
25.6425,-1.0,900,10,3,0,0
25.8101,-1.0,900,4,3,0,0
25.8101,-1.0,900,10,3,0,0
25.9777,-1.0,900,4,3,0,0
25.9777,-1.0,900,10,3,0,0
26.4804,-1.0,10,4,3,0,0
26.8156,-1.0,10,1,3,0,0
26.8156,-1.0,80,8,3,0,0
26.8156,27.1508,100,8,3,0,0
26.9832,-1.0,900,8,3,0,0
27.1508,-1.0,10,1,3,0,0
27.3184,-1.0,80,3,3,0,0
27.3184,27.8212,100,3,3,0,0
27.3184,-1.0,10,10,3,0,0
27.4860,-1.0,900,3,3,0,0
27.6536,-1.0,900,3,3,0,0
27.8212,-1.0,50,10,3,0,0
28.1564,-1.0,80,1,3,0,0
28.1564,28.4916,100,1,3,0,0
28.1564,-1.0,10,8,3,0,0
28.3240,-1.0,900,1,3,0,0
28.4916,-1.0,10,8,3,0,0
28.6592,-1.0,10,3,3,0,0
28.6592,-1.0,80,10,3,0,0
28.6592,29.1620,100,10,3,0,0
28.8268,-1.0,900,10,3,0,0
28.9944,-1.0,900,10,3,0,0
29.1620,-1.0,10,1,3,0,0
29.3296,-1.0,10,7,3,0,0
29.4972,-1.0,10,4,3,0,0
29.4972,-1.0,82,10,3,0,0
29.4972,30.0,110,10,3,JumpScratch,-6
29.6648,-1.0,900,10,3,0,0
29.8324,-1.0,10,4,3,0,0
29.8324,-1.0,900,10,3,0,0
30.0,-1.0,10,1,3,0,0
30.0,30.5028,110,7,3,JumpScratch,6
30.1676,-1.0,900,7,3,0,0
30.3352,-1.0,10,1,3,0,0
30.3352,-1.0,900,7,3,0,0
30.5028,-1.0,80,4,3,0,0
30.5028,31.5084,100,4,3,0,0
30.5028,31.5084,110,10,3,0,0
30.6704,-1.0,900,4,3,0,0
30.6704,-1.0,900,10,3,0,0
30.8380,-1.0,900,4,3,0,0
30.8380,-1.0,900,10,3,0,0
31.0056,-1.0,900,4,3,0,0
31.0056,-1.0,900,10,3,0,0
31.1732,-1.0,900,4,3,0,0
31.1732,-1.0,900,10,3,0,0
31.3408,-1.0,900,4,3,0,0
31.3408,-1.0,900,10,3,0,0
31.8436,-1.0,10,3,3,0,0
31.8436,-1.0,10,8,3,0,0
32.1788,-1.0,80,3,3,0,0
32.1788,32.5140,100,3,3,0,0
32.1788,-1.0,10,10,3,0,0
32.3464,-1.0,900,3,3,0,0
32.5140,-1.0,10,8,3,0,0
32.6816,-1.0,10,1,3,0,0
32.6816,-1.0,80,8,3,0,0
32.6816,33.1844,100,8,3,0,0
32.8492,-1.0,900,8,3,0,0
33.0168,-1.0,900,8,3,0,0
33.1844,-1.0,50,3,3,0,0
33.5196,-1.0,10,1,3,0,0
33.5196,-1.0,80,10,3,0,0
33.5196,33.8547,100,10,3,0,0
33.6872,-1.0,900,10,3,0,0
33.8547,-1.0,10,3,3,0,0
34.0223,-1.0,80,1,3,0,0
34.0223,34.5251,100,1,3,0,0
34.0223,-1.0,10,10,3,0,0
34.1899,-1.0,900,1,3,0,0
34.3575,-1.0,900,1,3,0,0
34.5251,-1.0,10,7,3,0,0
34.6927,-1.0,10,4,3,0,0
34.8603,-1.0,82,1,3,0,0
34.8603,35.3631,110,1,3,JumpScratch,6
34.8603,-1.0,82,10,3,0,0
34.8603,35.1955,110,10,3,JumpScratch,-6
35.0279,-1.0,900,1,3,0,0
35.0279,-1.0,900,10,3,0,0
35.1955,-1.0,900,1,3,0,0
35.1955,35.8659,110,7,3,JumpScratch,6
35.3631,35.8659,110,4,3,JumpScratch,-6
35.3631,-1.0,900,7,3,0,0
35.5307,-1.0,900,4,3,0,0
35.5307,-1.0,900,7,3,0,0
35.6983,-1.0,900,4,3,0,0
35.6983,-1.0,900,7,3,0,0
35.8659,36.0335,110,1,3,JumpScratch,6
35.8659,36.0335,110,10,3,JumpScratch,-6
36.0335,36.8715,110,4,3,0,0
36.0335,36.8715,110,7,3,0,0
36.2011,-1.0,900,4,3,0,0
36.2011,-1.0,900,7,3,0,0
36.3687,-1.0,900,4,3,0,0
36.3687,-1.0,900,7,3,0,0
36.5363,-1.0,900,4,3,0,0
36.5363,-1.0,900,7,3,0,0
36.7039,-1.0,900,4,3,0,0
36.7039,-1.0,900,7,3,0,0
37.2067,-1.0,10,4,3,0,0
37.5419,-1.0,10,3,3,0,0
37.5419,-1.0,80,8,3,0,0
37.5419,37.8771,100,8,3,0,0
37.7095,-1.0,900,8,3,0,0
37.8771,-1.0,10,1,3,0,0
38.0447,-1.0,80,3,3,0,0
38.0447,38.5475,100,3,3,0,0
38.0447,-1.0,10,8,3,0,0
38.2123,-1.0,900,3,3,0,0
38.3799,-1.0,900,3,3,0,0
38.5475,-1.0,50,10,3,0,0
38.8827,-1.0,80,1,3,0,0
38.8827,39.2179,100,1,3,0,0
38.8827,-1.0,10,8,3,0,0
39.0503,-1.0,900,1,3,0,0
39.2179,-1.0,10,9,3,0,0
39.3855,-1.0,10,3,3,0,0
39.3855,-1.0,80,10,3,0,0
39.3855,39.8883,100,10,3,0,0
39.5531,-1.0,900,10,3,0,0
39.7207,-1.0,900,10,3,0,0
39.8883,-1.0,10,4,3,0,0
40.0559,-1.0,10,10,3,0,0
40.2235,-1.0,82,4,3,0,0
40.2235,40.7263,110,4,3,JumpScratch,-6
40.2235,-1.0,82,7,3,0,0
40.2235,40.5587,110,7,3,JumpScratch,6
40.3911,-1.0,900,4,3,0,0
40.3911,-1.0,900,7,3,0,0
40.5587,-1.0,900,4,3,0,0
40.5587,41.0615,110,10,3,JumpScratch,-6
40.7263,41.0615,110,1,3,JumpScratch,6
40.7263,-1.0,900,10,3,0,0
40.8939,-1.0,900,1,3,0,0
40.8939,-1.0,900,10,3,0,0
41.0615,41.2291,110,4,3,JumpScratch,-6
41.0615,41.2291,110,7,3,JumpScratch,6
41.2291,41.8994,110,1,3,0,0
41.2291,41.8994,110,10,3,0,0
41.3966,-1.0,900,1,3,0,0
41.3966,-1.0,900,10,3,0,0
41.5642,-1.0,900,1,3,0,0
41.5642,-1.0,900,10,3,0,0
41.7318,-1.0,900,1,3,0,0
41.7318,-1.0,900,10,3,0,0
42.2346,-1.0,10,3,3,0,0
42.2346,-1.0,10,8,3,0,0
42.4022,-1.0,10,7,3,0,0
42.4860,-1.0,10,4,3,0,0
42.5698,-1.0,10,7,3,0,0
42.7374,-1.0,10,4,3,0,0
42.8212,-1.0,10,7,3,0,0
42.9050,-1.0,81,4,3,0,0
42.9050,43.4078,101,4,3,0,0
43.0726,-1.0,900,4,3,0,0
43.2402,-1.0,900,4,3,0,0
43.2402,-1.0,10,7,3,0,0
43.4078,-1.0,80,10,3,0,0
43.4078,43.9106,100,10,3,0,0
43.5754,-1.0,900,10,3,0,0
43.7430,-1.0,10,4,3,0,0
43.7430,-1.0,900,10,3,0,0
43.9106,-1.0,10,1,3,0,0
44.0782,-1.0,82,7,3,0,0
44.0782,44.4134,110,7,3,JumpScratch,6
44.2458,-1.0,900,7,3,0,0
44.4134,-1.0,80,4,3,0,0
44.4134,44.5810,100,4,3,0,0
44.4134,44.5810,110,10,3,0,0
44.9162,-1.0,82,1,3,0,0
44.9162,45.2514,110,1,3,0,0
44.9162,-1.0,82,7,3,0,0
44.9162,45.2514,110,7,3,0,0
45.0838,-1.0,900,1,3,0,0
45.0838,-1.0,900,7,3,0,0
45.5866,-1.0,10,4,3,0,0
45.5866,-1.0,20,10,3,0,0
45.7542,-1.0,80,7,3,0,0
45.7542,46.0894,100,7,3,0,0
45.9218,-1.0,900,7,3,0,0
46.0894,-1.0,80,1,3,0,0
46.0894,46.5922,100,1,3,0,0
46.2570,-1.0,900,1,3,0,0
46.4246,-1.0,900,1,3,0,0
46.4246,-1.0,10,7,3,0,0
46.5922,-1.0,10,10,3,0,0
46.7598,-1.0,82,4,3,0,0
46.7598,47.0950,110,4,3,JumpScratch,-6
46.9274,-1.0,900,4,3,0,0
47.0950,47.2626,110,1,3,0,0
47.0950,-1.0,80,7,3,0,0
47.0950,47.2626,100,7,3,0,0
47.5978,-1.0,82,4,3,0,0
47.5978,47.9330,110,4,3,0,0
47.5978,-1.0,82,10,3,0,0
47.5978,47.9330,110,10,3,0,0
47.7654,-1.0,900,4,3,0,0
47.7654,-1.0,900,10,3,0,0
48.2682,-1.0,81,4,3,0,0
48.2682,48.7709,101,4,3,0,0
48.2682,-1.0,10,7,3,0,0
48.4358,-1.0,900,4,3,0,0
48.6034,-1.0,900,4,3,0,0
48.6034,-1.0,10,10,3,0,0
48.7709,-1.0,80,7,3,0,0
48.7709,49.2737,100,7,3,0,0
48.9385,-1.0,900,7,3,0,0
49.1061,-1.0,10,1,3,0,0
49.1061,-1.0,900,7,3,0,0
49.2737,-1.0,10,4,3,0,0
49.4413,-1.0,82,10,3,0,0
49.4413,49.7765,110,10,3,JumpScratch,-6
49.6089,-1.0,900,10,3,0,0
49.7765,-1.0,80,1,3,0,0
49.7765,49.9441,100,1,3,0,0
49.7765,49.9441,110,7,3,0,0
50.2793,-1.0,82,4,3,0,0
50.2793,50.6145,110,4,3,0,0
50.2793,-1.0,82,10,3,0,0
50.2793,50.6145,110,10,3,0,0
50.4469,-1.0,900,4,3,0,0
50.4469,-1.0,900,10,3,0,0
50.9497,-1.0,10,4,3,0,0
50.9497,-1.0,20,10,3,0,0
51.1173,-1.0,80,7,3,0,0
51.1173,51.4525,100,7,3,0,0
51.2849,-1.0,900,7,3,0,0
51.4525,-1.0,80,4,3,0,0
51.4525,51.9553,100,4,3,0,0
51.6201,-1.0,900,4,3,0,0
51.7877,-1.0,900,4,3,0,0
51.7877,-1.0,10,10,3,0,0
51.9553,-1.0,10,7,3,0,0
52.1229,-1.0,10,4,3,0,0
52.2905,-1.0,20,7,3,0,0
52.3743,-1.0,10,1,3,0,0
52.4581,-1.0,10,7,3,0,0
52.5419,-1.0,10,1,3,0,0
52.6257,-1.0,20,9,4,0,0
52.7095,-1.0,10,3,4,0,0
52.7933,-1.0,10,9,4,0,0
52.8771,-1.0,10,3,4,0,0
52.9609,-1.0,20,7,5,0,0
53.0447,-1.0,10,1,5,0,0
53.1285,-1.0,10,7,5,0,0
53.2123,-1.0,10,1,5,0,0
53.2961,-1.0,50,7,6,0,0
53.6313,-1.0,10,3,4,0,0
53.6313,-1.0,80,10,3,0,0
53.6313,53.9665,100,10,3,0,0
53.7989,-1.0,900,10,3,0,0
53.9665,-1.0,10,1,3,0,0
54.1341,-1.0,80,3,3,0,0
54.1341,54.4693,100,3,3,0,0
54.1341,-1.0,10,9,4,0,0
54.3017,-1.0,900,3,3,0,0
54.4693,-1.0,10,7,3,0,0
54.6369,-1.0,50,2,4,0,0
54.9721,-1.0,80,1,3,0,0
54.9721,55.3073,100,1,3,0,0
54.9721,-1.0,10,7,4,0,0
55.1397,-1.0,900,1,3,0,0
55.3073,-1.0,10,10,3,0,0
55.4749,-1.0,10,1,4,0,0
55.4749,-1.0,80,8,3,0,0
55.4749,55.8101,100,8,3,0,0
55.6425,-1.0,900,8,3,0,0
55.8101,-1.0,10,4,3,0,0
55.9777,-1.0,50,8,4,0,0
56.1453,-1.0,10,4,3,0,0
56.3128,-1.0,10,1,4,0,0
56.3128,-1.0,80,10,3,0,0
56.3128,56.6480,100,10,3,0,0
56.4804,-1.0,900,10,3,0,0
56.6480,-1.0,10,4,3,0,0
56.8156,-1.0,80,1,3,0,0
56.8156,57.1508,100,1,3,0,0
56.8156,-1.0,10,7,4,0,0
56.9832,-1.0,900,1,3,0,0
57.1508,-1.0,10,10,3,0,0
57.3184,-1.0,10,4,3,0,0
57.4860,-1.0,80,7,3,0,0
57.4860,58.3240,100,7,3,0,0
57.6536,-1.0,10,4,3,0,0
57.6536,-1.0,900,7,3,0,0
57.8212,-1.0,900,7,3,0,0
57.9888,-1.0,50,1,3,0,0
57.9888,-1.0,900,7,3,0,0
58.1564,-1.0,900,7,3,0,0
58.3240,-1.0,10,4,3,0,0
58.4916,-1.0,10,7,3,0,0
58.6592,-1.0,50,1,4,0,0
58.6592,-1.0,10,10,3,0,0
58.9944,-1.0,80,1,3,0,0
58.9944,59.3296,100,1,3,0,0
58.9944,-1.0,10,7,4,0,0
59.1620,-1.0,900,1,3,0,0
59.3296,-1.0,10,10,3,0,0
59.4972,-1.0,10,1,4,0,0
59.4972,-1.0,80,8,3,0,0
59.4972,59.8324,100,8,3,0,0
59.6648,-1.0,900,8,3,0,0
59.8324,-1.0,10,4,3,0,0
60.0,-1.0,50,8,4,0,0
60.3352,-1.0,10,3,4,0,0
60.3352,-1.0,80,10,3,0,0
60.3352,60.6704,100,10,3,0,0
60.5028,-1.0,900,10,3,0,0
60.6704,-1.0,10,1,3,0,0
60.8380,-1.0,80,3,3,0,0
60.8380,61.1732,100,3,3,0,0
60.8380,-1.0,10,9,4,0,0
61.0056,-1.0,900,3,3,0,0
61.1732,-1.0,10,7,3,0,0
61.3408,-1.0,50,2,4,0,0
61.5084,-1.0,10,7,3,0,0
61.6760,-1.0,80,1,3,0,0
61.6760,62.0112,100,1,3,0,0
61.6760,-1.0,10,9,4,0,0
61.8436,-1.0,900,1,3,0,0
62.0112,-1.0,10,7,3,0,0
62.1788,-1.0,10,1,4,0,0
62.1788,-1.0,80,10,3,0,0
62.1788,62.5140,100,10,3,0,0
62.3464,-1.0,900,10,3,0,0
62.5140,-1.0,10,4,3,0,0
62.6816,-1.0,80,2,3,0,0
62.6816,63.3520,100,2,3,0,0
62.6816,-1.0,10,9,4,0,0
62.8492,-1.0,900,2,3,0,0
63.0168,-1.0,900,2,3,0,0
63.0168,-1.0,10,7,3,0,0
63.1844,-1.0,900,2,3,0,0
63.1844,-1.0,10,7,3,0,0
63.3520,-1.0,50,9,4,0,0
63.6872,-1.0,10,9,4,0,0
63.8547,-1.0,10,4,3,0,0
63.9385,-1.0,10,7,3,0,0
64.0223,-1.0,10,1,3,0,0
64.1899,-1.0,10,7,3,0,0
64.2737,-1.0,10,4,3,0,0
64.3575,-1.0,83,10,3,0,0
64.3575,64.8603,110,10,3,JumpScratch,-6
64.5251,-1.0,900,10,3,0,0
64.6927,-1.0,10,4,3,0,0
64.6927,-1.0,900,10,3,0,0
64.8603,-1.0,10,1,4,0,0
64.8603,65.3631,110,7,3,0,0
65.0279,-1.0,900,7,3,0,0
65.1955,-1.0,10,1,4,0,0
65.1955,-1.0,900,7,3,0,0
65.3631,-1.0,50,1,4,0,0
65.6983,-1.0,83,1,3,0,0
65.6983,66.2011,110,1,3,JumpScratch,6
65.6983,-1.0,10,9,4,0,0
65.8659,-1.0,900,1,3,0,0
66.0335,-1.0,900,1,3,0,0
66.0335,-1.0,10,7,3,0,0
66.2011,66.7039,110,4,3,0,0
66.2011,-1.0,10,9,4,0,0
66.3687,-1.0,900,4,3,0,0
66.5363,-1.0,900,4,3,0,0
66.5363,-1.0,10,9,4,0,0
66.7039,-1.0,10,9,4,0,0
66.8715,-1.0,10,7,3,0,0
67.0391,-1.0,10,1,4,0,0
67.0391,-1.0,83,10,3,0,0
67.0391,67.5419,110,10,3,JumpScratch,-6
67.2067,-1.0,900,10,3,0,0
67.3743,-1.0,10,4,3,0,0
67.3743,-1.0,900,10,3,0,0
67.5419,-1.0,10,1,4,0,0
67.5419,68.0447,110,7,3,JumpScratch,6
67.7095,-1.0,900,7,3,0,0
67.8771,-1.0,10,1,4,0,0
67.8771,-1.0,900,7,3,0,0
68.0447,-1.0,10,4,3,0,0
68.0447,68.2123,110,10,3,JumpScratch,-6
68.2123,-1.0,80,1,4,0,0
68.2123,69.0503,100,1,4,0,0
68.3799,-1.0,900,1,4,0,0
68.3799,-1.0,10,7,3,0,0
68.5475,-1.0,900,1,4,0,0
68.7151,-1.0,900,1,4,0,0
68.7151,-1.0,50,9,4,0,0
68.8827,-1.0,900,1,4,0,0
69.0503,-1.0,10,7,3,0,0
69.2179,-1.0,10,4,3,0,0
69.3855,-1.0,50,1,4,0,0
69.3855,-1.0,10,10,3,0,0
69.7207,-1.0,83,1,3,0,0
69.7207,70.2235,110,1,3,JumpScratch,6
69.7207,-1.0,10,9,4,0,0
69.8883,-1.0,900,1,3,0,0
70.0559,-1.0,900,1,3,0,0
70.0559,-1.0,10,7,3,0,0
70.2235,70.7263,110,4,3,0,0
70.2235,-1.0,10,9,4,0,0
70.3911,-1.0,900,4,3,0,0
70.5587,-1.0,900,4,3,0,0
70.5587,-1.0,10,9,4,0,0
70.7263,-1.0,50,9,4,0,0
71.0615,-1.0,10,1,4,0,0
71.0615,-1.0,83,10,3,0,0
71.0615,71.5642,110,10,3,JumpScratch,-6
71.2291,-1.0,900,10,3,0,0
71.3966,-1.0,10,4,3,0,0
71.3966,-1.0,900,10,3,0,0
71.5642,-1.0,10,1,4,0,0
71.5642,72.0670,110,7,3,0,0
71.7318,-1.0,900,7,3,0,0
71.8994,-1.0,10,1,4,0,0
71.8994,-1.0,900,7,3,0,0
72.0670,-1.0,10,1,4,0,0
72.2346,-1.0,10,4,3,0,0
72.4022,-1.0,81,1,3,0,0
72.4022,72.7374,101,1,3,0,0
72.4022,-1.0,10,9,4,0,0
72.5698,-1.0,900,1,3,0,0
72.7374,-1.0,10,7,3,0,0
72.9050,-1.0,10,3,4,0,0
72.9050,-1.0,80,10,3,0,0
72.9050,73.2402,100,10,3,0,0
73.0726,-1.0,900,10,3,0,0
73.2402,-1.0,10,1,3,0,0
73.4078,-1.0,80,4,3,0,0
73.4078,73.7430,100,4,3,0,0
73.4078,-1.0,10,9,4,0,0
73.5754,-1.0,900,4,3,0,0
73.7430,-1.0,20,8,4,0,0
73.9106,-1.0,20,6,4,0,0
74.0782,-1.0,20,4,4,0,0
74.2458,-1.0,20,2,4,0,0
74.4134,-1.0,50,7,6,0,0
74.7486,-1.0,10,3,3,0,0
74.7486,-1.0,10,8,3,0,0
75.0838,-1.0,50,1,6,0,0
75.0838,-1.0,83,10,3,0,0
75.0838,76.7598,110,10,3,0,0
75.2514,-1.0,900,10,3,0,0
75.4190,-1.0,10,1,3,0,0
75.4190,-1.0,900,10,3,0,0
75.5866,-1.0,900,10,3,0,0
75.7542,-1.0,10,3,3,0,0
75.7542,-1.0,900,10,3,0,0
75.9218,-1.0,900,10,3,0,0
76.0894,-1.0,10,1,3,0,0
76.0894,-1.0,900,10,3,0,0
76.2570,-1.0,900,10,3,0,0
76.4246,-1.0,10,4,3,0,0
76.4246,-1.0,900,10,3,0,0
76.5922,-1.0,900,10,3,0,0
76.7598,-1.0,10,1,3,0,0
76.9274,-1.0,10,4,3,0,0
77.0950,-1.0,10,1,3,0,0
77.0950,-1.0,80,8,3,0,0
77.0950,77.4302,100,8,3,0,0
77.2626,-1.0,900,8,3,0,0
77.4302,-1.0,10,4,3,0,0
77.7654,-1.0,83,1,3,0,0
77.7654,79.4413,110,1,3,0,0
77.7654,-1.0,50,7,6,0,0
77.9330,-1.0,900,1,3,0,0
78.1006,-1.0,900,1,3,0,0
78.1006,-1.0,10,10,3,0,0
78.2682,-1.0,900,1,3,0,0
78.4358,-1.0,900,1,3,0,0
78.4358,-1.0,10,8,3,0,0
78.6034,-1.0,900,1,3,0,0
78.7709,-1.0,900,1,3,0,0
78.7709,-1.0,10,10,3,0,0
78.9385,-1.0,900,1,3,0,0
79.1061,-1.0,900,1,3,0,0
79.1061,-1.0,10,7,3,0,0
79.2737,-1.0,900,1,3,0,0
79.4413,-1.0,10,10,3,0,0
79.6089,-1.0,10,7,3,0,0
79.7765,-1.0,80,3,3,0,0
79.7765,80.1117,100,3,3,0,0
79.7765,-1.0,10,10,3,0,0
79.9441,-1.0,900,3,3,0,0
80.1117,-1.0,10,7,3,0,0
80.4469,-1.0,20,1,3,0,0
80.4469,-1.0,20,9,4,0,0
80.6145,-1.0,10,4,3,0,0
80.7821,-1.0,50,1,4,0,0
80.7821,-1.0,83,7,3,0,0
80.7821,81.1173,110,7,3,JumpScratch,6
80.9497,-1.0,900,7,3,0,0
81.1173,-1.0,83,4,3,0,0
81.1173,81.4525,110,4,3,JumpScratch,-6
81.2849,-1.0,900,4,3,0,0
81.4525,-1.0,81,7,3,0,0
81.4525,82.1229,101,7,3,0,0
81.6201,-1.0,900,7,3,0,0
81.7877,-1.0,10,4,3,0,0
81.7877,-1.0,900,7,3,0,0
81.9553,-1.0,900,7,3,0,0
82.1229,-1.0,50,1,4,0,0
82.2905,-1.0,10,7,3,0,0
82.4581,-1.0,80,4,3,0,0
82.4581,82.7933,100,4,3,0,0
82.4581,-1.0,10,9,4,0,0
82.6257,-1.0,900,4,3,0,0
82.7933,-1.0,10,7,3,0,0
82.9609,-1.0,10,4,3,0,0
83.1285,-1.0,20,1,4,0,0
83.1285,-1.0,20,9,4,0,0
83.2961,-1.0,10,7,3,0,0
83.4637,-1.0,83,4,3,0,0
83.4637,83.7989,110,4,3,JumpScratch,-6
83.4637,-1.0,50,9,4,0,0
83.6313,-1.0,900,4,3,0,0
83.7989,-1.0,83,7,3,0,0
83.7989,84.1341,110,7,3,JumpScratch,6
83.9665,-1.0,900,7,3,0,0
84.1341,-1.0,20,4,3,0,0
84.4693,-1.0,81,1,3,0,0
84.4693,84.8045,101,1,3,0,0
84.4693,-1.0,81,7,3,0,0
84.4693,84.8045,101,7,3,0,0
84.6369,-1.0,900,1,3,0,0
84.6369,-1.0,900,7,3,0,0
85.1397,-1.0,10,4,3,0,0
85.1397,-1.0,20,10,3,0,0
85.4749,-1.0,20,1,3,0,0
85.4749,-1.0,10,7,3,0,0
85.8101,-1.0,50,4,3,0,0
85.8101,-1.0,83,7,3,0,0
85.8101,87.4860,110,7,3,0,0
85.9777,-1.0,900,7,3,0,0
86.1453,-1.0,10,1,3,0,0
86.1453,-1.0,900,7,3,0,0
86.3128,-1.0,900,7,3,0,0
86.4804,-1.0,10,4,3,0,0
86.4804,-1.0,900,7,3,0,0
86.6480,-1.0,900,7,3,0,0
86.8156,-1.0,10,1,3,0,0
86.8156,-1.0,900,7,3,0,0
86.9832,-1.0,900,7,3,0,0
87.1508,-1.0,10,4,3,0,0
87.1508,-1.0,900,7,3,0,0
87.3184,-1.0,900,7,3,0,0
87.4860,-1.0,10,1,3,0,0
87.6536,-1.0,10,4,3,0,0
87.8212,-1.0,10,1,3,0,0
87.8212,-1.0,80,10,3,0,0
87.8212,88.1564,100,10,3,0,0
87.9888,-1.0,900,10,3,0,0
88.1564,-1.0,10,4,3,0,0
88.4916,-1.0,83,4,3,0,0
88.4916,90.1676,110,4,3,0,0
88.4916,-1.0,50,7,3,0,0
88.6592,-1.0,900,4,3,0,0
88.8268,-1.0,900,4,3,0,0
88.8268,-1.0,10,10,3,0,0
88.9944,-1.0,900,4,3,0,0
89.1620,-1.0,900,4,3,0,0
89.1620,-1.0,10,7,3,0,0
89.3296,-1.0,900,4,3,0,0
89.4972,-1.0,900,4,3,0,0
89.4972,-1.0,10,10,3,0,0
89.6648,-1.0,900,4,3,0,0
89.8324,-1.0,900,4,3,0,0
89.8324,-1.0,10,7,3,0,0
90.0,-1.0,900,4,3,0,0
90.1676,-1.0,10,10,3,0,0
90.3352,-1.0,10,7,3,0,0
90.5028,-1.0,80,1,3,0,0
90.5028,90.8380,100,1,3,0,0
90.5028,-1.0,10,10,3,0,0
90.6704,-1.0,900,1,3,0,0
90.8380,-1.0,10,7,3,0,0
91.1732,-1.0,20,1,3,0,0
91.1732,-1.0,20,10,3,0,0
91.3408,-1.0,10,4,3,0,0
91.5084,-1.0,50,1,3,0,0
91.5084,-1.0,83,7,3,0,0
91.5084,91.8436,110,7,3,0,0
91.6760,-1.0,900,7,3,0,0
91.8436,-1.0,83,4,3,0,0
91.8436,92.1788,110,4,3,0,0
92.0112,-1.0,900,4,3,0,0
92.1788,-1.0,81,10,3,0,0
92.1788,92.8492,101,10,3,0,0
92.3464,-1.0,900,10,3,0,0
92.5140,-1.0,10,1,3,0,0
92.5140,-1.0,900,10,3,0,0
92.6816,-1.0,900,10,3,0,0
92.8492,-1.0,50,4,3,0,0
93.0168,-1.0,10,7,3,0,0
93.1844,-1.0,82,1,3,0,0
93.1844,93.5196,110,1,3,0,0
93.1844,-1.0,82,10,3,0,0
93.1844,93.5196,110,10,3,0,0
93.3520,-1.0,900,1,3,0,0
93.3520,-1.0,900,10,3,0,0
93.8547,-1.0,20,4,3,0,0
93.8547,-1.0,50,10,3,0,0
94.0223,-1.0,10,4,3,0,0
94.1899,-1.0,50,1,3,0,0
94.1899,-1.0,83,7,3,0,0
94.1899,94.5251,110,7,3,0,0
94.3575,-1.0,900,7,3,0,0
94.5251,-1.0,83,4,3,0,0
94.5251,94.8603,110,4,3,0,0
94.6927,-1.0,900,4,3,0,0
94.8603,-1.0,83,10,3,0,0
94.8603,95.1955,110,10,3,0,0
95.0279,-1.0,900,10,3,0,0
95.1955,-1.0,20,4,3,0,0
95.5307,-1.0,50,1,3,0,0
95.5307,-1.0,20,7,3,0,0
95.8659,-1.0,20,4,3,0,0
95.8659,-1.0,50,10,3,0,0
96.2011,-1.0,50,1,3,0,0
96.2011,-1.0,20,7,3,0,0
96.5363,-1.0,20,4,3,0,0
96.5363,-1.0,81,10,3,0,0
96.5363,96.8715,101,10,3,0,0
96.7039,-1.0,900,10,3,0,0
96.8715,-1.0,50,1,4,0,0
97.2067,-1.0,80,4,3,0,0
97.2067,97.5419,100,4,3,0,0
97.2067,-1.0,10,10,3,0,0
97.3743,-1.0,900,4,3,0,0
97.3743,-1.0,10,7,3,0,0
97.5419,-1.0,50,9,4,0,0
97.8771,-1.0,20,4,3,0,0
97.8771,-1.0,81,10,3,0,0
97.8771,98.2123,101,10,3,0,0
98.0447,-1.0,900,10,3,0,0
98.2123,-1.0,50,1,4,0,0
98.5475,-1.0,10,4,3,0,0
98.5475,-1.0,10,10,3,0,0
98.7151,-1.0,82,7,3,0,0
98.7151,98.8827,110,7,3,JumpScratch,6
98.8827,-1.0,10,1,3,0,0
98.8827,99.0503,110,10,3,JumpScratch,-6
99.0503,99.5531,110,7,3,0,0
99.2179,-1.0,10,4,3,0,0
99.2179,-1.0,900,7,3,0,0
99.3855,-1.0,900,7,3,0,0
99.5531,-1.0,50,1,3,0,0
99.8883,-1.0,80,1,3,0,0
99.8883,100.2235,100,1,3,0,0
99.8883,-1.0,10,10,3,0,0
100.0559,-1.0,900,1,3,0,0
100.0559,-1.0,10,7,3,0,0
100.2235,-1.0,50,10,3,0,0
100.5587,-1.0,20,4,3,0,0
100.5587,-1.0,81,10,3,0,0
100.5587,100.8939,101,10,3,0,0
100.7263,-1.0,900,10,3,0,0
100.8939,-1.0,50,1,4,0,0
101.2291,-1.0,80,1,3,0,0
101.2291,101.5642,100,1,3,0,0
101.2291,-1.0,10,10,3,0,0
101.3966,-1.0,900,1,3,0,0
101.3966,-1.0,10,7,3,0,0
101.5642,-1.0,50,10,3,0,0
101.7318,-1.0,82,4,3,0,0
101.7318,103.2402,110,4,3,0,0
101.8994,-1.0,900,4,3,0,0
101.8994,-1.0,10,7,3,0,0
102.0670,-1.0,900,4,3,0,0
102.2346,-1.0,900,4,3,0,0
102.2346,-1.0,10,10,3,0,0
102.4022,-1.0,900,4,3,0,0
102.5698,-1.0,900,4,3,0,0
102.5698,-1.0,10,7,3,0,0
102.7374,-1.0,900,4,3,0,0
102.7374,-1.0,10,7,3,0,0
102.9050,-1.0,900,4,3,0,0
102.9050,-1.0,10,10,3,0,0
103.0726,-1.0,900,4,3,0,0
103.2402,-1.0,10,7,3,0,0
103.5754,-1.0,82,3,4,0,0
103.5754,103.9106,110,3,4,JumpScratch,-6
103.5754,-1.0,82,10,3,0,0
103.5754,104.2458,110,10,3,JumpScratch,-6
103.7430,-1.0,900,3,4,0,0
103.7430,-1.0,900,10,3,0,0
103.9106,104.5810,110,1,3,JumpScratch,6
103.9106,-1.0,900,10,3,0,0
104.0782,-1.0,900,1,3,0,0
104.0782,-1.0,900,10,3,0,0
104.2458,-1.0,900,1,3,0,0
104.2458,104.5810,110,7,4,JumpScratch,6
104.4134,-1.0,900,1,3,0,0
104.4134,-1.0,900,7,4,0,0
104.5810,105.0838,110,3,4,JumpScratch,-6
104.5810,105.0838,110,10,3,JumpScratch,-6
104.7486,-1.0,900,3,4,0,0
104.7486,-1.0,900,10,3,0,0
104.9162,-1.0,900,3,4,0,0
104.9162,-1.0,900,10,3,0,0
105.0838,105.5866,110,1,3,JumpScratch,6
105.0838,105.5866,110,7,4,JumpScratch,6
105.2514,-1.0,900,1,3,0,0
105.2514,-1.0,900,7,4,0,0
105.4190,-1.0,900,1,3,0,0
105.4190,-1.0,900,7,4,0,0
105.5866,106.9274,110,3,4,0,0
105.5866,106.9274,110,10,3,0,0
105.7542,-1.0,900,3,4,0,0
105.7542,-1.0,900,10,3,0,0
105.9218,-1.0,900,3,4,0,0
105.9218,-1.0,900,10,3,0,0
106.0894,-1.0,900,3,4,0,0
106.0894,-1.0,900,10,3,0,0
106.2570,-1.0,900,3,4,0,0
106.2570,-1.0,900,10,3,0,0
106.4246,-1.0,900,3,4,0,0
106.4246,-1.0,900,10,3,0,0
106.5922,-1.0,900,3,4,0,0
106.5922,-1.0,900,10,3,0,0
106.7598,-1.0,900,3,4,0,0
106.7598,-1.0,900,10,3,0,0
107.2626,-1.0,80,4,3,0,0
107.2626,107.5978,100,4,3,0,0
107.2626,-1.0,10,7,3,0,0
107.4302,-1.0,900,4,3,0,0
107.5978,-1.0,50,9,4,0,0
107.9330,-1.0,10,1,4,0,0
107.9330,-1.0,80,7,3,0,0
107.9330,108.2682,100,7,3,0,0
108.1006,-1.0,10,4,3,0,0
108.1006,-1.0,900,7,3,0,0
108.2682,-1.0,50,1,4,0,0
108.6034,-1.0,10,1,4,0,0
108.6034,-1.0,10,10,3,0,0
108.7709,-1.0,10,4,3,0,0
108.9385,-1.0,50,9,4,0,0
109.1061,-1.0,10,4,3,0,0
109.2737,-1.0,10,1,3,0,0
109.2737,-1.0,10,9,4,0,0
109.4413,-1.0,10,7,3,0,0
109.6089,-1.0,50,1,6,0,0
109.9441,-1.0,80,3,3,0,0
109.9441,110.2793,100,3,3,0,0
109.9441,-1.0,10,7,3,0,0
110.1117,-1.0,900,3,3,0,0
110.2793,-1.0,50,9,4,0,0
110.6145,-1.0,10,1,4,0,0
110.6145,-1.0,80,8,3,0,0
110.6145,110.9497,100,8,3,0,0
110.7821,-1.0,10,4,3,0,0
110.7821,-1.0,900,8,3,0,0
110.9497,-1.0,50,1,4,0,0
111.2849,-1.0,10,1,4,0,0
111.2849,-1.0,10,10,3,0,0
111.4525,-1.0,10,4,3,0,0
111.6201,-1.0,50,8,4,0,0
111.7877,-1.0,10,4,3,0,0
111.9553,-1.0,10,1,3,0,0
111.9553,-1.0,10,9,4,0,0
112.1229,-1.0,10,7,3,0,0
112.2905,-1.0,50,1,6,0,0
112.6257,-1.0,80,2,3,0,0
112.6257,112.9609,100,2,3,0,0
112.6257,-1.0,10,7,3,0,0
112.7933,-1.0,900,2,3,0,0
112.9609,-1.0,50,9,4,0,0
113.2961,-1.0,10,1,4,0,0
113.2961,-1.0,80,9,3,0,0
113.2961,113.6313,100,9,3,0,0
113.4637,-1.0,10,4,3,0,0
113.4637,-1.0,900,9,3,0,0
113.6313,-1.0,50,1,4,0,0
113.9665,-1.0,10,1,4,0,0
113.9665,-1.0,10,10,3,0,0
114.1341,-1.0,10,4,3,0,0
114.3017,-1.0,50,7,4,0,0
114.4693,-1.0,10,4,3,0,0
114.6369,-1.0,10,1,3,0,0
114.6369,-1.0,10,9,4,0,0
114.8045,-1.0,10,7,3,0,0
114.9721,-1.0,50,1,6,0,0
115.3073,-1.0,80,1,3,0,0
115.3073,115.6425,100,1,3,0,0
115.3073,-1.0,10,7,3,0,0
115.4749,-1.0,900,1,3,0,0
115.6425,-1.0,50,9,4,0,0
115.9777,-1.0,10,1,4,0,0
115.9777,-1.0,80,10,3,0,0
115.9777,116.3128,100,10,3,0,0
116.1453,-1.0,10,4,3,0,0
116.1453,-1.0,900,10,3,0,0
116.3128,-1.0,50,1,4,0,0
116.6480,-1.0,10,1,4,0,0
116.6480,-1.0,10,10,3,0,0
116.8156,-1.0,10,4,3,0,0
116.9832,-1.0,50,6,4,0,0
117.3184,-1.0,10,7,3,0,0
117.4022,-1.0,10,4,3,0,0
117.4860,-1.0,10,7,3,0,0
117.5698,-1.0,10,4,3,0,0
117.6536,-1.0,10,7,3,0,0
117.8212,-1.0,10,4,3,0,0
117.9050,-1.0,10,7,3,0,0
117.9888,-1.0,50,1,6,0,0
118.9944,-1.0,10,7,3,0,0
119.1620,-1.0,81,4,3,0,0
119.1620,119.4972,101,4,3,0,0
119.1620,-1.0,50,9,4,0,0
119.3296,-1.0,900,4,3,0,0
119.4972,-1.0,10,7,3,0,0
119.6648,-1.0,50,1,4,0,0
120.0,-1.0,10,1,4,0,0
120.0,-1.0,10,7,3,0,0
120.1676,-1.0,10,4,3,0,0
120.3352,-1.0,50,9,4,0,0
120.6704,-1.0,10,4,3,0,0
120.6704,-1.0,81,7,3,0,0
120.6704,121.0056,101,7,3,0,0
120.8380,-1.0,900,7,3,0,0
121.0056,-1.0,50,1,4,0,0
121.3408,-1.0,80,4,3,0,0
121.3408,121.6760,100,4,3,0,0
121.3408,-1.0,10,7,3,0,0
121.5084,-1.0,900,4,3,0,0
121.5084,-1.0,10,8,3,0,0
121.6760,-1.0,50,9,4,0,0
121.8436,-1.0,80,1,3,0,0
121.8436,122.1788,100,1,3,0,0
122.0112,-1.0,900,1,3,0,0
122.1788,-1.0,80,7,3,0,0
122.1788,122.3464,100,7,3,0,0
122.3464,-1.0,50,1,4,0,0
122.6816,-1.0,10,1,4,0,0
122.6816,-1.0,10,7,3,0,0
122.8492,-1.0,10,4,3,0,0
123.0168,-1.0,50,9,4,0,0
123.3520,-1.0,10,4,3,0,0
123.3520,-1.0,81,10,3,0,0
123.3520,123.6872,101,10,3,0,0
123.5196,-1.0,900,10,3,0,0
123.6872,-1.0,50,1,4,0,0
124.0223,-1.0,80,3,3,0,0
124.0223,124.3575,100,3,3,0,0
124.0223,-1.0,10,10,3,0,0
124.1899,-1.0,900,3,3,0,0
124.1899,-1.0,10,7,3,0,0
124.3575,-1.0,50,9,4,0,0
124.5251,-1.0,80,1,3,0,0
124.5251,124.8603,100,1,3,0,0
124.6927,-1.0,900,1,3,0,0
124.8603,-1.0,80,7,3,0,0
124.8603,125.0279,100,7,3,0,0
125.0279,-1.0,50,1,4,0,0
125.3631,-1.0,10,4,3,0,0
125.5307,-1.0,10,7,3,0,0
125.6983,-1.0,50,1,4,0,0
125.6983,-1.0,50,9,4,0,0
126.0335,-1.0,80,5,4,0,0
126.0335,127.2067,100,5,4,0,0
126.2011,-1.0,900,5,4,0,0
126.2011,-1.0,30,5,4,0,0
126.3687,-1.0,900,5,4,0,0
126.5363,-1.0,900,5,4,0,0
126.5363,-1.0,30,5,4,0,0
126.7039,-1.0,900,5,4,0,0
126.7039,-1.0,30,5,4,0,0
126.8715,-1.0,900,5,4,0,0
127.0391,-1.0,900,5,4,0,0
127.0391,-1.0,30,5,4,0,0