0.4225,-1.0,10,7,3,0,0
14.1549,30.6338,0,0,0,14,10060
0.5282,-1.0,10,4,3,0,0
75.0,91.4789,0,0,0,14,10060
0.6338,-1.0,50,9,4,0,0
115.2958,115.2958,0,0,0,11,10120
1.0563,-1.0,10,1,2,0,0
147.8310,147.8310,0,0,0,11,4030
1.4789,-1.0,10,1,2,0,0
154.5915,154.5915,0,0,0,11,4040
1.9014,-1.0,10,1,2,0,0
161.3521,161.3521,0,0,0,11,10120
2.3239,-1.0,10,1,2,0,0
168.9577,168.9577,0,0,0,11,4040
2.7465,-1.0,10,1,2,0,0
172.3380,172.3380,0,0,0,11,4030
3.1690,-1.0,10,1,2,0,0
184.0141,199.6479,0,0,0,14,10060
3.3803,-1.0,82,4,3,0,0
3.3803,3.6972,110,4,3,JumpScratch,-6
185.0141,185.0141,0,0,0,11,4030
3.3803,-1.0,82,10,3,0,0
3.3803,3.6972,110,10,3,JumpScratch,-6
185.8592,185.8592,0,0,0,11,4040
3.5915,-1.0,900,4,3,0,0
186.7042,186.7042,0,0,0,11,10120
3.5915,-1.0,900,10,3,0,0
208.5211,220.3521,0,0,0,14,10060
3.6972,4.0141,110,1,3,JumpScratch,6
3.6972,4.0141,110,7,3,JumpScratch,6
3.9085,-1.0,900,1,3,0,0
3.9085,-1.0,900,7,3,0,0
4.4366,-1.0,10,11,2,0,0
4.8592,-1.0,10,11,2,0,0
5.2817,-1.0,10,11,2,0,0
5.7042,-1.0,10,11,2,0,0
6.1268,-1.0,10,11,2,0,0
6.5493,-1.0,10,11,2,0,0
6.7606,-1.0,82,1,3,0,0
6.7606,7.0775,110,1,3,JumpScratch,6
6.7606,-1.0,82,7,3,0,0
6.7606,7.0775,110,7,3,JumpScratch,6
6.9718,-1.0,900,1,3,0,0
6.9718,-1.0,900,7,3,0,0
7.0775,7.3944,110,4,3,JumpScratch,-6
7.0775,7.3944,110,10,3,JumpScratch,-6
7.2887,-1.0,900,4,3,0,0
7.2887,-1.0,900,10,3,0,0
7.6056,-1.0,10,1,3,0,0
7.8169,-1.0,10,8,3,0,0
7.9225,-1.0,10,4,3,0,0
8.1338,-1.0,80,10,3,0,0
8.1338,8.4507,100,10,3,0,0
8.3451,-1.0,900,10,3,0,0
8.4507,-1.0,10,4,3,0,0
8.6620,-1.0,10,1,3,0,0
8.8732,-1.0,10,7,3,0,0
8.9789,-1.0,10,3,3,0,0
9.1901,-1.0,82,10,3,0,0
9.1901,9.5070,110,10,3,JumpScratch,-6
9.2958,-1.0,31,10,3,0,0
9.4014,-1.0,900,10,3,0,0
9.4014,-1.0,31,10,3,0,0
9.5070,9.8239,110,7,3,0,0
9.6127,-1.0,31,7,3,0,0
9.7183,-1.0,900,7,3,0,0
9.7183,-1.0,31,7,3,0,0
10.1408,-1.0,20,4,3,0,0
10.1408,-1.0,50,10,3,0,0
10.4577,-1.0,50,1,3,0,0
10.4577,-1.0,20,7,3,0,0
10.7746,-1.0,20,4,3,0,0
10.7746,-1.0,50,10,3,0,0
10.9859,-1.0,10,1,3,0,0
11.1972,-1.0,10,8,3,0,0
11.3028,-1.0,10,4,3,0,0
11.5141,-1.0,80,10,3,0,0
11.5141,11.8310,100,10,3,0,0
11.7254,-1.0,900,10,3,0,0
11.8310,-1.0,10,1,3,0,0
12.0423,-1.0,10,4,3,0,0
12.2535,-1.0,10,7,3,0,0
12.4648,-1.0,50,1,3,0,0
12.4648,-1.0,50,10,3,0,0
13.3099,-1.0,82,4,3,0,0
13.3099,13.7324,110,4,3,0,0
13.3099,-1.0,82,7,3,0,0
13.3099,13.7324,110,7,3,0,0
13.5211,-1.0,900,4,3,0,0
13.5211,-1.0,900,7,3,0,0
14.1549,-1.0,83,10,3,0,0
14.1549,14.5775,110,10,3,0,0
14.2606,-1.0,31,10,3,0,0
14.3662,-1.0,900,10,3,0,0
14.3662,-1.0,31,10,3,0,0
14.4718,-1.0,31,10,3,0,0
14.7887,-1.0,10,1,3,0,0
14.8944,-1.0,80,7,3,0,0
14.8944,15.2113,100,7,3,0,0
15.1056,-1.0,900,7,3,0,0
15.2113,-1.0,10,4,3,0,0
15.4225,-1.0,10,7,3,0,0
15.6338,-1.0,10,10,3,0,0
15.8451,-1.0,82,1,3,0,0
15.8451,16.2676,110,1,3,0,0
15.9507,-1.0,31,1,3,0,0
16.0563,-1.0,900,1,3,0,0
16.0563,-1.0,31,1,3,0,0
16.1620,-1.0,31,1,3,0,0
16.4789,-1.0,10,10,3,0,0
16.5845,-1.0,80,4,3,0,0
16.5845,16.9014,100,4,3,0,0
16.7958,-1.0,900,4,3,0,0
16.9014,-1.0,83,7,3,0,0
16.9014,17.1127,110,7,3,0,0
17.5352,-1.0,10,1,3,0,0
17.7465,-1.0,10,7,3,0,0
17.8521,-1.0,10,4,3,0,0
17.9577,-1.0,50,10,3,0,0
18.1690,-1.0,10,4,3,0,0
18.3803,-1.0,10,10,3,0,0
18.5915,-1.0,20,4,3,0,0
18.6972,-1.0,10,7,3,0,0
18.8028,-1.0,50,1,3,0,0
19.0141,-1.0,10,7,3,0,0
19.2254,-1.0,10,4,3,0,0
19.3310,-1.0,10,7,3,0,0
19.4366,-1.0,10,4,3,0,0
19.5423,-1.0,10,7,3,0,0
19.6479,-1.0,10,4,3,0,0
19.8592,-1.0,10,10,3,0,0
19.9648,-1.0,80,4,3,0,0
19.9648,20.2817,100,4,3,0,0
20.1761,-1.0,900,4,3,0,0
20.2817,-1.0,20,7,3,0,0
20.4930,-1.0,20,4,3,0,0
20.7042,-1.0,20,1,3,0,0
20.9155,-1.0,10,7,3,0,0
21.0211,-1.0,10,4,3,0,0
21.1268,-1.0,10,7,3,0,0
21.2324,-1.0,10,4,3,0,0
21.3380,-1.0,10,7,3,0,0
21.5493,-1.0,10,4,3,0,0
21.6549,-1.0,80,10,3,0,0
21.6549,21.9718,100,10,3,0,0
21.8662,-1.0,900,10,3,0,0
21.9718,-1.0,10,4,3,0,0
22.1831,-1.0,10,10,3,0,0
22.3944,-1.0,10,7,3,0,0
22.5000,-1.0,80,1,3,0,0
22.5000,22.8169,100,1,3,0,0
22.7113,-1.0,900,1,3,0,0
22.8169,-1.0,10,10,3,0,0
23.0282,-1.0,10,4,3,0,0
23.2394,-1.0,10,7,3,0,0
23.4507,-1.0,80,1,3,0,0
23.4507,23.6620,100,1,3,0,0
23.6620,-1.0,20,7,3,0,0
23.7676,-1.0,10,1,3,0,0
23.8732,-1.0,50,7,3,0,0
24.0845,-1.0,10,10,3,0,0
24.1901,-1.0,10,4,3,0,0
24.2958,-1.0,10,7,3,0,0
24.4014,-1.0,10,1,3,0,0
24.6127,-1.0,82,10,3,0,0
24.6127,24.9296,110,10,3,0,0
24.8239,-1.0,900,10,3,0,0
25.1408,-1.0,10,4,3,0,0
25.2465,-1.0,10,10,3,0,0
25.4577,-1.0,82,1,3,0,0
25.4577,25.7746,110,1,3,0,0
25.6690,-1.0,900,1,3,0,0
25.9859,-1.0,82,4,3,0,0
25.9859,27.2535,110,4,3,0,0
25.9859,-1.0,82,7,3,0,0
25.9859,27.2535,110,7,3,0,0
26.1972,-1.0,900,4,3,0,0
26.1972,-1.0,900,7,3,0,0
26.4085,-1.0,900,4,3,0,0
26.4085,-1.0,31,4,3,0,0
26.4085,-1.0,900,7,3,0,0
26.4085,-1.0,31,7,3,0,0
26.6197,-1.0,900,4,3,0,0
26.6197,-1.0,900,7,3,0,0
26.8310,-1.0,900,4,3,0,0
26.8310,-1.0,31,4,3,0,0
26.8310,-1.0,900,7,3,0,0
26.8310,-1.0,31,7,3,0,0
27.0423,-1.0,900,4,3,0,0
27.0423,-1.0,900,7,3,0,0
27.6761,-1.0,50,4,3,0,0
27.6761,-1.0,82,10,3,0,0
27.6761,28.0986,110,10,3,0,0
27.8873,-1.0,900,10,3,0,0
28.5211,-1.0,82,1,3,0,0
28.5211,28.9437,110,1,3,0,0
28.5211,-1.0,50,7,3,0,0
28.7324,-1.0,900,1,3,0,0
29.3662,-1.0,20,4,3,0,0
29.3662,-1.0,50,10,3,0,0
29.6831,-1.0,50,1,3,0,0
29.6831,-1.0,20,7,3,0,0
30.0,-1.0,20,4,3,0,0
30.0,-1.0,50,10,3,0,0
30.2113,-1.0,83,4,3,0,0
30.2113,30.6338,110,4,3,0,0
30.2113,-1.0,83,7,3,0,0
30.2113,30.6338,110,7,3,0,0
30.4225,-1.0,900,4,3,0,0
30.4225,-1.0,900,7,3,0,0
31.0563,-1.0,10,10,3,0,0
31.2676,-1.0,10,1,3,0,0
31.4789,-1.0,10,8,3,0,0
31.5845,-1.0,10,4,3,0,0
31.7958,-1.0,80,10,3,0,0
31.7958,32.1127,100,10,3,0,0
32.0070,-1.0,900,10,3,0,0
32.1127,-1.0,10,4,3,0,0
32.3239,-1.0,10,1,3,0,0
32.5352,-1.0,10,7,3,0,0
32.6408,-1.0,10,3,3,0,0
32.8521,-1.0,82,10,3,0,0
32.8521,33.1690,110,10,3,JumpScratch,-6
32.9577,-1.0,31,10,3,0,0
33.0634,-1.0,900,10,3,0,0
33.0634,-1.0,31,10,3,0,0
33.1690,33.4859,110,7,3,0,0
33.2746,-1.0,31,7,3,0,0
33.3803,-1.0,900,7,3,0,0
33.3803,-1.0,31,7,3,0,0
33.8028,-1.0,20,4,3,0,0
33.8028,-1.0,50,10,3,0,0
34.1197,-1.0,50,1,3,0,0
34.1197,-1.0,20,7,3,0,0
34.4366,-1.0,20,4,3,0,0
34.4366,-1.0,50,10,3,0,0
34.6479,-1.0,10,1,3,0,0
34.8592,-1.0,10,8,3,0,0
34.9648,-1.0,10,4,3,0,0
35.1761,-1.0,80,10,3,0,0
35.1761,35.4930,100,10,3,0,0
35.3873,-1.0,900,10,3,0,0
35.4930,-1.0,10,1,3,0,0
35.7042,-1.0,10,4,3,0,0
35.9155,-1.0,10,7,3,0,0
36.1268,-1.0,81,10,3,0,0
36.1268,36.4437,101,10,3,0,0
36.3380,-1.0,900,10,3,0,0
36.4437,-1.0,81,4,3,0,0
36.4437,36.7606,101,4,3,0,0
36.6549,-1.0,900,4,3,0,0
36.7606,-1.0,20,7,3,0,0
36.9718,-1.0,50,1,3,0,0
37.3944,-1.0,82,4,3,0,0
37.3944,37.8169,110,4,3,JumpScratch,-6
37.3944,-1.0,82,7,3,0,0
37.3944,37.8169,110,7,3,JumpScratch,6
37.6056,-1.0,900,4,3,0,0
37.6056,-1.0,900,7,3,0,0
37.8169,39.2958,110,1,3,JumpScratch,6
38.0282,-1.0,900,1,3,0,0
38.2394,-1.0,900,1,3,0,0
38.2394,-1.0,10,11,2,0,0
38.4507,-1.0,900,1,3,0,0
38.6620,-1.0,900,1,3,0,0
38.6620,-1.0,10,11,2,0,0
38.8732,-1.0,900,1,3,0,0
39.0845,-1.0,900,1,3,0,0
39.0845,-1.0,10,11,2,0,0
39.2958,39.5070,110,4,3,JumpScratch,-6
39.5070,-1.0,82,10,3,0,0
39.5070,40.7746,110,10,3,JumpScratch,-6
39.7183,-1.0,900,10,3,0,0
39.9296,-1.0,10,1,2,0,0
39.9296,-1.0,900,10,3,0,0
40.1408,-1.0,900,10,3,0,0
40.3521,-1.0,10,1,2,0,0
40.3521,-1.0,900,10,3,0,0
40.5634,-1.0,900,10,3,0,0
40.7746,-1.0,10,1,2,0,0
40.7746,40.9859,110,7,3,JumpScratch,6
40.9859,41.1972,110,10,3,JumpScratch,-6
41.1972,-1.0,82,1,3,0,0
41.1972,41.6197,110,1,3,0,0
41.4085,-1.0,900,1,3,0,0
41.6197,-1.0,10,8,2,0,0
42.0423,-1.0,10,4,2,0,0
42.0423,-1.0,82,10,3,0,0
42.0423,42.4648,110,10,3,0,0
42.2535,-1.0,900,10,3,0,0
42.4648,-1.0,10,4,2,0,0
42.6761,-1.0,10,1,3,0,0
42.7817,-1.0,10,7,3,0,0
42.8873,-1.0,20,3,4,0,0
43.0986,-1.0,10,1,3,0,0
43.2042,-1.0,20,7,4,0,0
43.4155,-1.0,10,10,3,0,0
43.5211,-1.0,20,3,4,0,0
43.7324,-1.0,10,1,3,0,0
43.8380,-1.0,20,7,4,0,0
44.0493,-1.0,10,10,3,0,0
44.1549,-1.0,20,3,4,0,0
44.3662,-1.0,10,1,3,0,0
44.4718,-1.0,82,7,3,0,0
44.4718,45.8451,110,7,3,0,0
44.6831,-1.0,900,7,3,0,0
44.8944,-1.0,900,7,3,0,0
45.1056,-1.0,900,7,3,0,0
45.3169,-1.0,900,7,3,0,0
45.5282,-1.0,900,7,3,0,0
45.7394,-1.0,900,7,3,0,0
46.2676,-1.0,83,1,4,0,0
46.2676,46.3732,110,1,4,0,0
46.5845,-1.0,83,9,4,0,0
46.5845,46.6901,110,9,4,0,0
46.9014,-1.0,83,3,4,0,0
46.9014,47.0070,110,3,4,0,0
47.2183,-1.0,83,7,4,0,0
47.2183,47.3239,110,7,4,0,0
47.5352,-1.0,83,5,4,0,0
47.5352,47.9577,110,5,4,0,0
47.7465,-1.0,900,5,4,0,0
48.1690,-1.0,10,9,3,0,0
48.2746,-1.0,10,4,3,0,0
48.3803,-1.0,10,9,3,0,0
48.5915,-1.0,10,1,3,0,0
48.8028,-1.0,82,7,3,0,0
48.8028,49.1197,110,7,3,0,0
49.0141,-1.0,900,7,3,0,0
49.4366,-1.0,83,1,3,0,0
49.4366,49.6479,110,1,3,0,0
49.8592,-1.0,10,7,3,0,0
49.9648,-1.0,10,2,3,0,0
50.0704,-1.0,10,7,3,0,0
50.1761,-1.0,10,2,3,0,0
50.4930,-1.0,82,4,3,0,0
50.4930,50.8099,110,4,3,0,0
50.7042,-1.0,900,4,3,0,0
51.1268,-1.0,50,10,3,0,0
51.3380,-1.0,50,10,3,0,0
51.5493,-1.0,80,1,3,0,0
51.5493,51.7606,100,1,3,0,0
51.7606,-1.0,80,10,3,0,0
51.7606,51.9718,100,10,3,0,0
51.9718,-1.0,80,4,3,0,0
51.9718,52.1831,100,4,3,0,0
52.1831,-1.0,82,7,3,0,0
52.1831,52.5000,110,7,3,0,0
52.3944,-1.0,900,7,3,0,0
52.8169,-1.0,80,4,3,0,0
52.8169,53.0282,100,4,3,0,0
53.0282,-1.0,20,9,4,0,0
53.2394,-1.0,10,7,3,0,0
53.3451,-1.0,20,1,4,0,0
53.5563,-1.0,10,4,3,0,0
53.6620,-1.0,20,9,4,0,0
53.8732,-1.0,10,7,3,0,0
53.9789,-1.0,20,1,4,0,0
54.1901,-1.0,10,4,3,0,0
54.2958,-1.0,20,9,4,0,0
54.5070,-1.0,20,1,4,0,0
54.7183,-1.0,83,5,4,0,0
54.7183,55.9859,110,5,4,0,0
54.9296,-1.0,900,5,4,0,0
55.1408,-1.0,900,5,4,0,0
55.3521,-1.0,900,5,4,0,0
55.5634,-1.0,900,5,4,0,0
55.7746,-1.0,900,5,4,0,0
56.4085,-1.0,83,9,4,0,0
56.4085,56.5141,110,9,4,0,0
56.7254,-1.0,83,1,4,0,0
56.7254,56.8310,110,1,4,0,0
57.0423,-1.0,83,7,4,0,0
57.0423,57.1479,110,7,4,0,0
57.3592,-1.0,83,3,4,0,0
57.3592,57.4648,110,3,4,0,0
57.6761,-1.0,83,5,4,0,0
57.6761,57.8873,110,5,4,0,0
58.0986,-1.0,80,4,2,0,0
58.0986,58.4155,100,4,2,0,0
58.3099,-1.0,900,4,2,0,0
58.4155,-1.0,10,10,2,0,0
58.7324,-1.0,80,1,2,0,0
58.7324,59.1549,100,1,2,0,0
58.9437,-1.0,900,1,2,0,0
59.1549,-1.0,10,7,2,0,0
59.3662,-1.0,10,4,2,0,0
59.5775,-1.0,80,8,2,0,0
59.5775,60.0,100,8,2,0,0
59.7887,-1.0,900,8,2,0,0
60.0,-1.0,10,2,2,0,0
60.2113,-1.0,10,5,2,0,0
60.4225,-1.0,82,11,2,0,0
60.4225,61.0563,110,11,2,0,0
60.6338,-1.0,900,11,2,0,0
60.8451,-1.0,900,11,2,0,0
61.2676,-1.0,10,4,2,0,0
61.4789,-1.0,80,1,2,0,0
61.4789,61.7958,100,1,2,0,0
61.6901,-1.0,900,1,2,0,0
61.7958,-1.0,10,7,2,0,0
62.1127,-1.0,80,4,2,0,0
62.1127,62.5352,100,4,2,0,0
62.3239,-1.0,900,4,2,0,0
62.5352,-1.0,10,10,2,0,0
62.7465,-1.0,10,7,2,0,0
62.9577,-1.0,10,4,2,0,0
63.0634,-1.0,82,8,2,0,0
63.0634,64.4366,110,8,2,0,0
63.2746,-1.0,900,8,2,0,0
63.4859,-1.0,900,8,2,0,0
63.5915,-1.0,10,1,2,0,0
63.5915,-1.0,31,8,2,0,0
63.6972,-1.0,900,8,2,0,0
63.9085,-1.0,900,8,2,0,0
64.0141,-1.0,10,4,2,0,0
64.0141,-1.0,31,8,2,0,0
64.1197,-1.0,900,8,2,0,0
64.3310,-1.0,900,8,2,0,0
64.6479,-1.0,10,4,2,0,0
64.8592,-1.0,80,1,3,0,0
64.8592,65.2817,100,1,3,0,0
64.8592,-1.0,80,7,3,0,0
64.8592,65.2817,100,7,3,0,0
65.0704,-1.0,900,1,3,0,0
65.0704,-1.0,900,7,3,0,0
65.7042,-1.0,80,4,3,0,0
65.7042,66.1268,100,4,3,0,0
65.7042,-1.0,80,10,3,0,0
65.7042,66.1268,100,10,3,0,0
65.9155,-1.0,900,4,3,0,0
65.9155,-1.0,900,10,3,0,0
66.5493,-1.0,80,10,3,0,0
66.5493,66.7606,100,10,3,0,0
66.7606,-1.0,80,3,3,0,0
66.7606,66.9718,100,3,3,0,0
66.9718,-1.0,80,9,3,0,0
66.9718,67.1831,100,9,3,0,0
67.1831,-1.0,80,2,3,0,0
67.1831,67.3944,100,2,3,0,0
67.3944,-1.0,80,8,3,0,0
67.3944,67.6056,100,8,3,0,0
67.6056,-1.0,50,1,5,0,0
67.8169,-1.0,50,8,5,0,0
68.0282,-1.0,82,4,3,0,0
68.0282,68.2394,110,4,3,JumpScratch,-6
68.2394,68.4507,110,1,3,JumpScratch,6
68.4507,68.6620,110,4,3,JumpScratch,-6
68.6620,68.8732,110,1,3,JumpScratch,5
68.8732,68.9789,110,3,3,JumpScratch,5
68.9789,69.1901,110,5,3,JumpScratch,-5
69.1901,69.2958,110,3,3,JumpScratch,-5
69.2958,69.5070,110,1,3,0,0
69.7183,-1.0,82,7,3,0,0
69.7183,69.9296,110,7,3,JumpScratch,6
69.9296,70.1408,110,10,3,JumpScratch,-6
70.1408,70.3521,110,7,3,JumpScratch,6
70.3521,70.5634,110,10,3,JumpScratch,-5
70.5634,70.6690,110,8,3,JumpScratch,-5
70.9859,-1.0,10,1,3,0,0
71.1972,-1.0,10,4,3,0,0
71.4085,-1.0,10,7,3,0,0
71.6197,-1.0,20,4,3,0,0
71.6197,-1.0,20,10,3,0,0
71.8310,-1.0,20,10,3,0,0
72.0423,-1.0,20,1,3,0,0
72.0423,-1.0,20,7,3,0,0
72.2535,-1.0,20,1,3,0,0
72.4648,-1.0,83,4,3,0,0
72.4648,72.7817,110,4,3,0,0
72.4648,-1.0,83,10,3,0,0
72.4648,72.7817,110,10,3,0,0
72.6761,-1.0,900,4,3,0,0
72.6761,-1.0,900,10,3,0,0
73.0986,-1.0,83,1,3,0,0
73.0986,73.3099,110,1,3,0,0
73.0986,-1.0,83,7,3,0,0
73.0986,73.3099,110,7,3,0,0
74.1549,-1.0,82,4,3,0,0
74.1549,74.5775,110,4,3,0,0
74.1549,-1.0,82,7,3,0,0
74.1549,74.5775,110,7,3,0,0
74.3662,-1.0,900,4,3,0,0
74.3662,-1.0,900,7,3,0,0
75.0,-1.0,83,1,3,0,0
75.0,75.4225,110,1,3,0,0
75.1056,-1.0,31,1,3,0,0
75.2113,-1.0,900,1,3,0,0
75.2113,-1.0,31,1,3,0,0
75.3169,-1.0,31,1,3,0,0
75.6338,-1.0,10,10,3,0,0
75.7394,-1.0,80,4,3,0,0
75.7394,76.0563,100,4,3,0,0
75.9507,-1.0,900,4,3,0,0
76.0563,-1.0,10,7,3,0,0
76.2676,-1.0,10,4,3,0,0
76.4789,-1.0,10,1,3,0,0
76.6901,-1.0,82,10,3,0,0
76.6901,77.1127,110,10,3,0,0
76.7958,-1.0,31,10,3,0,0
76.9014,-1.0,900,10,3,0,0
76.9014,-1.0,31,10,3,0,0
77.0070,-1.0,31,10,3,0,0
77.3239,-1.0,10,1,3,0,0
77.4296,-1.0,80,7,3,0,0
77.4296,77.7465,100,7,3,0,0
77.6408,-1.0,900,7,3,0,0
77.7465,-1.0,83,4,3,0,0
77.7465,77.9577,110,4,3,0,0
78.3803,-1.0,10,10,3,0,0
78.5915,-1.0,10,4,3,0,0
78.6972,-1.0,10,7,3,0,0
78.8028,-1.0,50,1,3,0,0
79.0141,-1.0,10,7,3,0,0
79.2254,-1.0,10,1,3,0,0
79.4366,-1.0,20,7,3,0,0
79.5423,-1.0,10,4,3,0,0
79.6479,-1.0,50,10,3,0,0
79.8592,-1.0,10,4,3,0,0
80.0704,-1.0,10,7,3,0,0
80.1761,-1.0,10,4,3,0,0
80.2817,-1.0,10,7,3,0,0
80.3873,-1.0,10,4,3,0,0
80.4930,-1.0,10,7,3,0,0
80.7042,-1.0,10,1,3,0,0
80.8099,-1.0,80,7,3,0,0
80.8099,81.1268,100,7,3,0,0
81.0211,-1.0,900,7,3,0,0
81.1268,-1.0,20,4,3,0,0
81.3380,-1.0,20,7,3,0,0
81.5493,-1.0,20,10,3,0,0
81.7606,-1.0,10,4,3,0,0
81.8662,-1.0,10,7,3,0,0
81.9718,-1.0,10,4,3,0,0
82.0775,-1.0,10,7,3,0,0
82.1831,-1.0,10,4,3,0,0
82.3944,-1.0,10,7,3,0,0
82.5000,-1.0,80,1,3,0,0
82.5000,82.8169,100,1,3,0,0
82.7113,-1.0,900,1,3,0,0
82.8169,-1.0,10,7,3,0,0
83.0282,-1.0,10,1,3,0,0
83.2394,-1.0,10,4,3,0,0
83.3451,-1.0,80,10,3,0,0
83.3451,83.6620,100,10,3,0,0
83.5563,-1.0,900,10,3,0,0
83.6620,-1.0,10,1,3,0,0
83.8732,-1.0,10,7,3,0,0
84.0845,-1.0,10,4,3,0,0
84.2958,-1.0,80,10,3,0,0
84.2958,84.5070,100,10,3,0,0
84.5070,-1.0,20,4,3,0,0
84.6127,-1.0,10,10,3,0,0
84.7183,-1.0,50,4,3,0,0
84.9296,-1.0,10,1,3,0,0
85.0352,-1.0,10,7,3,0,0
85.1408,-1.0,10,4,3,0,0
85.2465,-1.0,10,10,3,0,0
85.4577,-1.0,82,1,3,0,0
85.4577,85.7746,110,1,3,0,0
85.6690,-1.0,900,1,3,0,0
85.9859,-1.0,10,7,3,0,0
86.0915,-1.0,10,1,3,0,0
86.3028,-1.0,82,10,3,0,0
86.3028,86.6197,110,10,3,0,0
86.5141,-1.0,900,10,3,0,0
86.8310,-1.0,82,4,3,0,0
86.8310,88.0986,110,4,3,0,0
86.8310,-1.0,82,7,3,0,0
86.8310,88.0986,110,7,3,0,0
87.0423,-1.0,900,4,3,0,0
87.0423,-1.0,900,7,3,0,0
87.2535,-1.0,900,4,3,0,0
87.2535,-1.0,31,4,3,0,0
87.2535,-1.0,900,7,3,0,0
87.2535,-1.0,31,7,3,0,0
87.4648,-1.0,900,4,3,0,0
87.4648,-1.0,900,7,3,0,0
87.6761,-1.0,900,4,3,0,0
87.6761,-1.0,31,4,3,0,0
87.6761,-1.0,900,7,3,0,0
87.6761,-1.0,31,7,3,0,0
87.8873,-1.0,900,4,3,0,0
87.8873,-1.0,900,7,3,0,0
88.5211,-1.0,82,1,3,0,0
88.5211,88.9437,110,1,3,0,0
88.5211,-1.0,50,7,3,0,0
88.7324,-1.0,900,1,3,0,0
89.3662,-1.0,50,4,3,0,0
89.3662,-1.0,82,10,3,0,0
89.3662,89.7887,110,10,3,0,0
89.5775,-1.0,900,10,3,0,0
90.2113,-1.0,50,1,3,0,0
90.2113,-1.0,20,7,3,0,0
90.5282,-1.0,20,4,3,0,0
90.5282,-1.0,50,10,3,0,0
90.8451,-1.0,50,1,3,0,0
90.8451,-1.0,20,7,3,0,0
91.0563,-1.0,83,4,3,0,0
91.0563,91.4789,110,4,3,0,0
91.0563,-1.0,83,7,3,0,0
91.0563,91.4789,110,7,3,0,0
91.2676,-1.0,900,4,3,0,0
91.2676,-1.0,900,7,3,0,0
91.9014,-1.0,10,1,3,0,0
92.1127,-1.0,10,10,3,0,0
92.3239,-1.0,10,3,3,0,0
92.4296,-1.0,10,7,3,0,0
92.6408,-1.0,80,1,3,0,0
92.6408,92.9577,100,1,3,0,0
92.8521,-1.0,900,1,3,0,0
92.9577,-1.0,10,7,3,0,0
93.1690,-1.0,10,10,3,0,0
93.3803,-1.0,10,4,3,0,0
93.4859,-1.0,10,8,3,0,0
93.6972,-1.0,83,1,3,0,0
93.6972,94.0141,110,1,3,JumpScratch,6
93.8028,-1.0,31,1,3,0,0
93.9085,-1.0,900,1,3,0,0
93.9085,-1.0,31,1,3,0,0
94.0141,94.3310,110,4,3,0,0
94.1197,-1.0,31,4,3,0,0
94.2254,-1.0,900,4,3,0,0
94.2254,-1.0,31,4,3,0,0
94.6479,-1.0,50,1,3,0,0
94.6479,-1.0,20,7,3,0,0
94.9648,-1.0,20,4,3,0,0
94.9648,-1.0,50,10,3,0,0
95.2817,-1.0,50,1,3,0,0
95.2817,-1.0,20,7,3,0,0
95.4930,-1.0,10,10,3,0,0
95.7042,-1.0,10,3,3,0,0
95.8099,-1.0,10,7,3,0,0
96.0211,-1.0,80,1,3,0,0
96.0211,96.3380,100,1,3,0,0
96.2324,-1.0,900,1,3,0,0
96.3380,-1.0,10,10,3,0,0
96.5493,-1.0,10,4,3,0,0
96.7606,-1.0,10,7,3,0,0
96.9718,-1.0,20,1,4,0,0
97.1127,-1.0,10,7,4,0,0
97.2535,-1.0,10,1,4,0,0
97.3944,-1.0,20,9,4,0,0
97.5352,-1.0,10,3,4,0,0
97.6761,-1.0,10,9,4,0,0
97.8169,-1.0,50,1,4,0,0
98.2394,-1.0,83,4,3,0,0
98.2394,98.6620,110,4,3,0,0
98.2394,-1.0,83,7,3,0,0
98.2394,98.6620,110,7,3,0,0
98.4507,-1.0,900,4,3,0,0
98.4507,-1.0,900,7,3,0,0
98.9437,-1.0,10,9,3,0,0
99.0845,-1.0,10,4,3,0,0
99.3662,-1.0,10,7,3,0,0
99.5070,-1.0,80,2,3,0,0
99.5070,99.9296,100,2,3,0,0
99.7183,-1.0,900,2,3,0,0
99.9296,-1.0,82,7,3,0,0
99.9296,100.3521,110,7,3,0,0
100.1408,-1.0,900,7,3,0,0
100.6338,-1.0,10,2,3,0,0
100.7746,-1.0,10,7,3,0,0
101.0563,-1.0,10,4,3,0,0
101.1972,-1.0,82,9,3,0,0
101.1972,101.6197,110,9,3,JumpScratch,-5
101.4085,-1.0,900,9,3,0,0
101.6197,102.0423,110,7,3,0,0
101.8310,-1.0,900,7,3,0,0
102.3239,-1.0,10,4,3,0,0
102.4648,-1.0,10,9,3,0,0
102.7465,-1.0,10,2,3,0,0
102.8873,-1.0,82,7,3,0,0
102.8873,103.3099,110,7,3,0,0
103.0986,-1.0,900,7,3,0,0
103.7324,-1.0,50,1,4,0,0
103.9437,-1.0,10,7,3,0,0
104.0493,-1.0,20,4,3,0,0
104.3662,-1.0,50,9,4,0,0
104.5775,-1.0,10,4,3,0,0
104.6831,-1.0,20,7,3,0,0
104.8944,-1.0,10,7,3,0,0
105.0,-1.0,50,1,4,0,0
105.2113,-1.0,20,10,3,0,0
105.3169,-1.0,81,4,3,0,0
105.3169,106.6901,101,4,3,0,0
105.5282,-1.0,900,4,3,0,0
105.7394,-1.0,900,4,3,0,0
105.9507,-1.0,900,4,3,0,0
106.1620,-1.0,900,4,3,0,0
106.3732,-1.0,900,4,3,0,0
106.5845,-1.0,900,4,3,0,0
107.1127,-1.0,83,10,3,0,0
107.1127,107.2183,110,10,3,JumpScratch,-4
107.4296,-1.0,83,1,3,0,0
107.4296,107.5352,110,1,3,JumpScratch,4
107.7465,-1.0,83,7,3,0,0
107.7465,107.8521,110,7,3,JumpScratch,4
108.0634,-1.0,83,4,3,0,0
108.0634,108.1690,110,4,3,JumpScratch,-4
108.3803,-1.0,83,5,4,0,0
108.3803,108.8028,110,5,4,0,0
108.5915,-1.0,900,5,4,0,0
109.0141,-1.0,10,1,3,0,0
109.1197,-1.0,10,7,3,0,0
109.2254,-1.0,10,2,3,0,0
109.4366,-1.0,10,10,3,0,0
109.6479,-1.0,82,4,3,0,0
109.6479,109.9648,110,4,3,0,0
109.8592,-1.0,900,4,3,0,0
110.2817,-1.0,83,10,3,0,0
110.2817,110.4930,110,10,3,0,0
110.7042,-1.0,10,4,3,0,0
110.8099,-1.0,10,9,3,0,0
110.9155,-1.0,10,2,3,0,0
111.0211,-1.0,10,7,3,0,0
111.3380,-1.0,82,8,3,0,0
111.3380,111.6549,110,8,3,0,0
111.5493,-1.0,900,8,3,0,0
111.9718,-1.0,50,1,3,0,0
112.1831,-1.0,50,1,3,0,0
112.3944,-1.0,83,4,3,0,0
112.3944,112.7113,110,4,3,JumpScratch,-6
112.3944,-1.0,83,10,3,0,0
112.3944,112.7113,110,10,3,JumpScratch,-6
112.6056,-1.0,900,4,3,0,0
112.6056,-1.0,900,10,3,0,0
112.7113,113.0282,110,1,3,JumpScratch,6
112.7113,113.0282,110,7,3,JumpScratch,6
112.9225,-1.0,900,1,3,0,0
112.9225,-1.0,900,7,3,0,0
113.0282,113.3451,110,4,3,JumpScratch,-6
113.0282,113.3451,110,10,3,JumpScratch,-6
113.2394,-1.0,900,4,3,0,0
113.2394,-1.0,900,10,3,0,0
113.3451,113.6620,110,1,3,JumpScratch,6
113.3451,113.6620,110,7,3,JumpScratch,6
113.5563,-1.0,900,1,3,0,0
113.5563,-1.0,900,7,3,0,0
113.6620,113.8732,110,4,3,JumpScratch,-6
113.6620,113.8732,110,10,3,JumpScratch,-6
115.1408,-1.0,20,4,3,0,0
115.1408,-1.0,20,10,3,0,0
115.3521,-1.0,20,1,3,0,0
115.3521,-1.0,20,7,3,0,0
115.5634,-1.0,83,4,3,0,0
115.5634,115.9859,110,4,3,JumpScratch,-6
115.5634,-1.0,83,10,3,0,0
115.5634,115.9859,110,10,3,JumpScratch,-6
115.7746,-1.0,900,4,3,0,0
115.7746,-1.0,900,10,3,0,0
115.9859,116.8310,110,1,3,0,0
115.9859,116.8310,110,7,3,0,0
116.1972,-1.0,900,1,3,0,0
116.1972,-1.0,900,7,3,0,0
116.4085,-1.0,900,1,3,0,0
116.4085,-1.0,900,7,3,0,0
116.6197,-1.0,900,1,3,0,0
116.6197,-1.0,900,7,3,0,0
117.2535,-1.0,83,1,3,0,0
117.2535,117.3592,110,1,3,JumpScratch,4
117.5704,-1.0,83,10,3,0,0
117.5704,117.6761,110,10,3,JumpScratch,-4
117.8873,-1.0,83,4,3,0,0
117.8873,117.9930,110,4,3,JumpScratch,-4
118.2042,-1.0,83,7,3,0,0
118.2042,118.3099,110,7,3,JumpScratch,4
118.5211,-1.0,83,5,4,0,0
118.5211,118.7324,110,5,4,0,0
118.9437,-1.0,80,11,2,0,0
118.9437,119.2606,100,11,2,0,0
119.1549,-1.0,900,11,2,0,0
119.2606,-1.0,10,5,2,0,0
119.5775,-1.0,80,8,2,0,0
119.5775,120.0,100,8,2,0,0
119.7887,-1.0,900,8,2,0,0
120.0,-1.0,10,1,2,0,0
120.2113,-1.0,10,8,2,0,0
120.4225,-1.0,80,4,2,0,0
120.4225,120.8451,100,4,2,0,0
120.6338,-1.0,900,4,2,0,0
120.8451,-1.0,10,7,2,0,0
121.0563,-1.0,10,4,2,0,0
121.2676,-1.0,82,1,2,0,0
121.2676,121.9014,110,1,2,0,0
121.4789,-1.0,900,1,2,0,0
121.6901,-1.0,900,1,2,0,0
122.1127,-1.0,10,8,2,0,0
122.2183,-1.0,10,4,2,0,0
122.3239,-1.0,80,11,2,0,0
122.3239,122.6408,100,11,2,0,0
122.5352,-1.0,900,11,2,0,0
122.6408,-1.0,10,5,2,0,0
122.9577,-1.0,80,8,2,0,0
122.9577,123.3803,100,8,2,0,0
123.1690,-1.0,900,8,2,0,0
123.3803,-1.0,10,2,2,0,0
123.5915,-1.0,10,5,2,0,0
123.8028,-1.0,10,8,2,0,0
123.9085,-1.0,82,4,2,0,0
123.9085,124.4366,110,4,2,JumpScratch,-4
124.1197,-1.0,900,4,2,0,0
124.3310,-1.0,900,4,2,0,0
124.4366,124.8592,110,2,2,JumpScratch,4
124.4366,-1.0,10,10,2,0,0
124.6479,-1.0,900,2,2,0,0
124.8592,125.2817,110,4,2,0,0
124.8592,-1.0,10,8,2,0,0
125.0704,-1.0,900,4,2,0,0
125.2817,-1.0,10,10,2,0,0
125.7042,-1.0,10,10,3,0,0
125.9155,-1.0,10,7,3,0,0
126.0211,-1.0,10,4,3,0,0
126.1268,-1.0,50,8,3,0,0
126.5493,-1.0,10,1,3,0,0
126.7606,-1.0,10,4,3,0,0
126.8662,-1.0,10,7,3,0,0
126.9718,-1.0,50,3,3,0,0
127.3944,-1.0,10,10,3,0,0
127.6056,-1.0,10,7,3,0,0
127.7113,-1.0,10,4,3,0,0
127.8169,-1.0,50,8,3,0,0
128.0282,-1.0,10,1,4,0,0
128.2394,-1.0,10,5,4,0,0
128.4507,-1.0,50,8,5,0,0
128.6620,-1.0,50,1,5,0,0
128.8732,-1.0,82,7,3,0,0
128.8732,129.0845,110,7,3,JumpScratch,6
129.0845,129.2958,110,10,3,JumpScratch,-6
129.2958,129.5070,110,7,3,JumpScratch,6
129.5070,129.7183,110,10,3,JumpScratch,-5
129.7183,129.8239,110,8,3,JumpScratch,-5
129.8239,130.0352,110,6,3,JumpScratch,5
130.0352,130.1408,110,8,3,JumpScratch,5
130.1408,130.3521,110,10,3,0,0
130.5634,-1.0,82,4,3,0,0
130.5634,130.7746,110,4,3,JumpScratch,-6
130.7746,130.9859,110,1,3,JumpScratch,6
130.9859,131.1972,110,4,3,JumpScratch,-6
131.1972,131.4085,110,1,3,JumpScratch,5
131.4085,131.5141,110,3,3,JumpScratch,5
131.8310,-1.0,10,10,3,0,0
132.0423,-1.0,10,7,3,0,0
132.2535,-1.0,10,4,3,0,0
132.4648,-1.0,20,1,3,0,0
132.4648,-1.0,20,7,3,0,0
132.6761,-1.0,20,1,3,0,0
132.8873,-1.0,20,4,3,0,0
132.8873,-1.0,20,10,3,0,0
133.0986,-1.0,20,10,3,0,0
133.3099,-1.0,83,1,3,0,0
133.3099,133.6268,110,1,3,0,0
133.3099,-1.0,83,7,3,0,0
133.3099,133.6268,110,7,3,0,0
133.5211,-1.0,900,1,3,0,0
133.5211,-1.0,900,7,3,0,0
133.9437,-1.0,83,4,3,0,0
133.9437,134.1549,110,4,3,0,0
133.9437,-1.0,83,10,3,0,0
133.9437,134.1549,110,10,3,0,0
134.7887,-1.0,83,1,3,0,0
134.7887,135.0,110,1,3,JumpScratch,6
134.7887,-1.0,83,10,3,0,0
134.7887,135.0,110,10,3,JumpScratch,-6
135.0,135.4225,110,4,3,JumpScratch,-6
135.0,135.4225,110,7,3,JumpScratch,6
135.2113,-1.0,900,4,3,0,0
135.2113,-1.0,900,7,3,0,0
135.8451,-1.0,83,3,3,0,0
135.8451,137.5352,110,3,3,0,0
135.8451,-1.0,83,8,3,0,0
135.8451,137.5352,110,8,3,0,0
136.0563,-1.0,900,3,3,0,0
136.0563,-1.0,900,8,3,0,0
136.2676,-1.0,900,3,3,0,0
136.2676,-1.0,900,8,3,0,0
136.4789,-1.0,900,3,3,0,0
136.4789,-1.0,900,8,3,0,0
136.6901,-1.0,900,3,3,0,0
136.6901,-1.0,900,8,3,0,0
136.9014,-1.0,900,3,3,0,0
136.9014,-1.0,900,8,3,0,0
137.1127,-1.0,900,3,3,0,0
137.1127,-1.0,900,8,3,0,0
137.3239,-1.0,900,3,3,0,0
137.3239,-1.0,900,8,3,0,0
139.2254,-1.0,50,1,3,0,0
139.4366,-1.0,10,10,3,0,0
139.5423,-1.0,10,4,3,0,0
139.6479,-1.0,10,10,3,0,0
139.8592,-1.0,10,1,3,0,0
139.8592,-1.0,10,7,3,0,0
140.0704,-1.0,50,2,3,0,0
140.0704,-1.0,20,8,3,0,0
140.3873,-1.0,50,3,3,0,0
140.3873,-1.0,20,9,3,0,0
140.7042,-1.0,50,4,3,0,0
140.7042,-1.0,83,10,3,0,0
140.7042,140.9155,110,10,3,0,0
141.1268,-1.0,10,1,3,0,0
141.2324,-1.0,10,7,3,0,0
141.3380,-1.0,10,1,3,0,0
141.5493,-1.0,10,4,3,0,0
141.5493,-1.0,10,10,3,0,0
141.7606,-1.0,20,3,3,0,0
141.7606,-1.0,50,9,3,0,0
142.0775,-1.0,20,2,3,0,0
142.0775,-1.0,50,8,3,0,0
142.3944,-1.0,83,1,3,0,0
142.3944,142.6056,110,1,3,0,0
142.3944,-1.0,50,7,3,0,0
143.0282,-1.0,80,10,3,0,0
143.0282,143.4507,100,10,3,0,0
143.1690,-1.0,30,10,3,0,0
143.2394,-1.0,900,10,3,0,0
143.3099,-1.0,30,10,3,0,0
143.4507,-1.0,10,1,3,0,0
143.5563,-1.0,10,7,3,0,0
143.6620,-1.0,10,1,3,0,0
143.7676,-1.0,10,7,3,0,0
143.8732,-1.0,10,4,3,0,0
143.9789,-1.0,10,10,3,0,0
144.0845,-1.0,10,4,3,0,0
144.1901,-1.0,10,10,3,0,0
144.2958,-1.0,10,1,3,0,0
144.4014,-1.0,10,7,3,0,0
144.5070,-1.0,10,2,3,0,0
144.6127,-1.0,10,8,3,0,0
144.7183,-1.0,10,3,3,0,0
144.8239,-1.0,10,9,3,0,0
144.9296,-1.0,10,4,3,0,0
145.0352,-1.0,10,10,3,0,0
145.1408,-1.0,80,4,3,0,0
145.1408,145.3521,100,4,3,0,0
145.3521,-1.0,10,10,3,0,0
145.5634,-1.0,80,7,3,0,0
145.5634,145.7746,100,7,3,0,0
145.7746,-1.0,10,1,3,0,0
145.9859,-1.0,50,4,3,0,0
145.9859,-1.0,81,10,3,0,0
145.9859,146.4085,101,10,3,0,0
146.1972,-1.0,900,10,3,0,0
146.6197,-1.0,10,4,3,0,0
146.7254,-1.0,10,7,3,0,0
146.8310,-1.0,82,1,3,0,0
146.8310,147.2535,110,1,3,0,0
147.0423,-1.0,900,1,3,0,0
147.6761,-1.0,80,5,2,0,0
147.6761,148.9437,100,5,2,0,0
147.6761,-1.0,50,9,4,0,0
147.8873,-1.0,900,5,2,0,0
148.0986,-1.0,900,5,2,0,0
148.3099,-1.0,900,5,2,0,0
148.5211,-1.0,900,5,2,0,0
148.7324,-1.0,900,5,2,0,0
149.3662,-1.0,80,1,2,0,0
149.3662,150.6338,100,1,2,0,0
149.3662,-1.0,50,5,4,0,0
149.5775,-1.0,900,1,2,0,0
149.7887,-1.0,900,1,2,0,0
150.0,-1.0,900,1,2,0,0
150.2113,-1.0,900,1,2,0,0
150.4225,-1.0,900,1,2,0,0
151.0563,-1.0,50,1,4,0,0
151.0563,-1.0,80,7,2,0,0
151.0563,152.3239,100,7,2,0,0
151.2676,-1.0,900,7,2,0,0
151.4789,-1.0,900,7,2,0,0
151.6901,-1.0,900,7,2,0,0
151.9014,-1.0,900,7,2,0,0
152.1127,-1.0,900,7,2,0,0
152.7465,-1.0,50,5,4,0,0
152.7465,-1.0,80,11,2,0,0
152.7465,154.0141,100,11,2,0,0
152.9577,-1.0,900,11,2,0,0
153.1690,-1.0,900,11,2,0,0
153.3803,-1.0,900,11,2,0,0
153.5915,-1.0,900,11,2,0,0
153.8028,-1.0,900,11,2,0,0
154.4366,-1.0,80,5,2,0,0
154.4366,155.7042,100,5,2,0,0
154.4366,-1.0,50,9,4,0,0
154.6479,-1.0,900,5,2,0,0
154.8592,-1.0,900,5,2,0,0
155.0704,-1.0,900,5,2,0,0
155.2817,-1.0,900,5,2,0,0
155.4930,-1.0,900,5,2,0,0
156.1268,-1.0,50,1,4,0,0
156.1268,-1.0,80,7,2,0,0
156.1268,157.3944,100,7,2,0,0
156.3380,-1.0,900,7,2,0,0
156.5493,-1.0,900,7,2,0,0
156.7606,-1.0,900,7,2,0,0
156.9718,-1.0,900,7,2,0,0
157.1831,-1.0,900,7,2,0,0
157.8169,-1.0,80,1,2,0,0
157.8169,159.0845,100,1,2,0,0
157.8169,-1.0,50,5,4,0,0
158.0282,-1.0,900,1,2,0,0
158.2394,-1.0,900,1,2,0,0
158.4507,-1.0,900,1,2,0,0
158.6620,-1.0,900,1,2,0,0
158.8732,-1.0,900,1,2,0,0
159.5070,-1.0,50,5,4,0,0
159.5070,-1.0,82,11,2,0,0
159.5070,160.3521,110,11,2,JumpScratch,-8
159.7183,-1.0,900,11,2,0,0
159.9296,-1.0,900,11,2,0,0
160.1408,-1.0,900,11,2,0,0
160.3521,160.7746,110,5,4,0,0
160.5634,-1.0,900,5,4,0,0
161.1972,-1.0,50,3,4,0,0
161.1972,-1.0,81,10,3,0,0
161.1972,161.6197,101,10,3,0,0
161.4085,-1.0,900,10,3,0,0
161.8310,-1.0,10,1,3,0,0
162.0423,-1.0,80,7,3,0,0
162.0423,162.3592,100,7,3,0,0
162.2535,-1.0,900,7,3,0,0
162.3592,-1.0,80,4,3,0,0
162.3592,162.6761,100,4,3,0,0
162.5704,-1.0,900,4,3,0,0
162.6761,-1.0,10,10,3,0,0
162.8873,-1.0,81,1,3,0,0
162.8873,163.3099,101,1,3,0,0
162.8873,-1.0,50,7,4,0,0
163.0986,-1.0,900,1,3,0,0
163.5211,-1.0,10,10,3,0,0
163.7324,-1.0,80,4,3,0,0
163.7324,164.0493,100,4,3,0,0
163.9437,-1.0,900,4,3,0,0
164.0493,-1.0,80,7,3,0,0
164.0493,164.3662,100,7,3,0,0
164.2606,-1.0,900,7,3,0,0
164.3662,-1.0,10,1,3,0,0
164.5775,-1.0,80,4,3,0,0
164.5775,164.7887,100,4,3,0,0
164.5775,-1.0,82,10,3,0,0
164.5775,165.0,110,10,3,JumpScratch,-6
164.7887,-1.0,900,10,3,0,0
165.0,-1.0,80,1,3,0,0
165.0,165.2113,100,1,3,0,0
165.0,165.4225,110,7,3,JumpScratch,6
165.2113,-1.0,900,7,3,0,0
165.4225,-1.0,80,4,3,0,0
165.4225,165.6338,100,4,3,0,0
165.4225,165.8451,110,10,3,JumpScratch,-6
165.6338,-1.0,900,10,3,0,0
165.8451,-1.0,80,1,3,0,0
165.8451,166.0563,100,1,3,0,0
165.8451,166.2676,110,7,3,JumpScratch,6
166.0563,-1.0,900,7,3,0,0
166.2676,-1.0,80,4,3,0,0
166.2676,166.6901,100,4,3,0,0
166.2676,166.6901,110,10,3,0,0
166.4789,-1.0,900,4,3,0,0
166.4789,-1.0,900,10,3,0,0
166.9014,-1.0,10,4,3,0,0
167.0070,-1.0,10,7,3,0,0
167.1127,-1.0,82,1,3,0,0
167.1127,167.5352,110,1,3,0,0
167.3239,-1.0,900,1,3,0,0
167.7465,-1.0,10,10,3,0,0
167.8521,-1.0,10,4,3,0,0
167.9577,-1.0,81,7,3,0,0
167.9577,168.2746,101,7,3,0,0
168.1690,-1.0,900,7,3,0,0
168.2746,-1.0,80,1,3,0,0
168.2746,168.5915,100,1,3,0,0
168.4859,-1.0,900,1,3,0,0
168.5915,-1.0,10,10,3,0,0
168.8028,-1.0,81,4,3,0,0
168.8028,169.1197,101,4,3,0,0
169.0141,-1.0,900,4,3,0,0
169.1197,-1.0,80,10,3,0,0
169.1197,169.4366,100,10,3,0,0
169.3310,-1.0,900,10,3,0,0
169.4366,-1.0,10,1,3,0,0
169.6479,-1.0,81,7,3,0,0
169.6479,169.9648,101,7,3,0,0
169.8592,-1.0,900,7,3,0,0
169.9648,-1.0,80,1,3,0,0
169.9648,170.2817,100,1,3,0,0
170.1761,-1.0,900,1,3,0,0
170.2817,-1.0,10,10,3,0,0
170.4930,-1.0,83,4,3,0,0
170.4930,170.7042,110,4,3,JumpScratch,-6
170.7042,170.9155,110,1,3,JumpScratch,6
171.1268,-1.0,10,7,3,0,0
171.3380,-1.0,81,1,3,0,0
171.3380,171.6549,101,1,3,0,0
171.5493,-1.0,900,1,3,0,0
171.6549,-1.0,80,7,3,0,0
171.6549,171.9718,100,7,3,0,0
171.8662,-1.0,900,7,3,0,0
171.9718,-1.0,10,4,3,0,0
172.1831,-1.0,81,10,3,0,0
172.1831,172.5000,101,10,3,0,0
172.3944,-1.0,900,10,3,0,0
172.5000,-1.0,80,4,3,0,0
172.5000,172.8169,100,4,3,0,0
172.7113,-1.0,900,4,3,0,0
172.8169,-1.0,10,7,3,0,0
173.0282,-1.0,20,4,3,0,0
173.0282,-1.0,20,10,3,0,0
173.2394,-1.0,20,4,3,0,0
173.2394,-1.0,20,10,3,0,0
173.4507,-1.0,20,1,3,0,0
173.4507,-1.0,20,7,3,0,0
173.6620,-1.0,81,1,3,0,0
173.6620,174.0845,101,1,3,0,0
173.6620,-1.0,83,7,3,0,0
173.6620,174.0845,110,7,3,JumpScratch,6
173.8732,-1.0,900,1,3,0,0
173.8732,-1.0,900,7,3,0,0
174.0845,174.2958,110,10,3,JumpScratch,-6
174.5070,-1.0,82,4,3,0,0
174.5070,174.7183,110,4,3,JumpScratch,-6
174.7183,174.9296,110,1,3,JumpScratch,6
174.9296,175.1408,110,4,3,JumpScratch,-6
175.1408,175.3521,110,1,3,JumpScratch,5
175.3521,175.4577,110,3,3,JumpScratch,5
175.4577,175.6690,110,5,3,JumpScratch,-5
175.6690,175.7746,110,3,3,JumpScratch,-5
175.7746,175.9859,110,1,3,0,0
176.1972,-1.0,82,7,3,0,0
176.1972,176.4085,110,7,3,JumpScratch,6
176.4085,176.6197,110,10,3,JumpScratch,-6
176.6197,176.8310,110,7,3,JumpScratch,6
176.8310,177.0423,110,10,3,JumpScratch,-5
177.0423,177.1479,110,8,3,JumpScratch,-5
177.4648,-1.0,10,1,3,0,0
177.6761,-1.0,10,4,3,0,0
177.8873,-1.0,10,7,3,0,0
178.0986,-1.0,20,4,3,0,0
178.0986,-1.0,20,10,3,0,0
178.3099,-1.0,20,10,3,0,0
178.5211,-1.0,20,1,3,0,0
178.5211,-1.0,20,7,3,0,0
178.7324,-1.0,20,1,3,0,0
178.9437,-1.0,83,4,3,0,0
178.9437,179.2606,110,4,3,0,0
178.9437,-1.0,83,10,3,0,0
178.9437,179.2606,110,10,3,0,0
179.1549,-1.0,900,4,3,0,0
179.1549,-1.0,900,10,3,0,0
179.5775,-1.0,50,4,3,0,0
179.5775,-1.0,50,10,3,0,0
179.7887,-1.0,20,1,3,0,0
179.7887,-1.0,20,7,3,0,0
180.0,-1.0,20,1,3,0,0
180.2113,-1.0,20,4,3,0,0
180.2113,-1.0,20,10,3,0,0
180.4225,-1.0,20,10,3,0,0
180.6338,-1.0,83,1,3,0,0
180.6338,180.9507,110,1,3,0,0
180.6338,-1.0,83,7,3,0,0
180.6338,180.9507,110,7,3,0,0
180.8451,-1.0,900,1,3,0,0
180.8451,-1.0,900,7,3,0,0
181.2676,-1.0,50,1,3,0,0
181.2676,-1.0,50,7,3,0,0
181.4789,-1.0,83,4,3,0,0
181.4789,181.6901,110,4,3,JumpScratch,-6
181.4789,-1.0,83,10,3,0,0
181.4789,181.6901,110,10,3,JumpScratch,-6
181.6901,181.9014,110,1,3,JumpScratch,6
181.6901,181.9014,110,7,3,JumpScratch,6
181.9014,182.1127,110,4,3,JumpScratch,-6
181.9014,182.1127,110,10,3,JumpScratch,-6
182.3239,-1.0,83,1,3,0,0
182.3239,182.6408,110,1,3,JumpScratch,4
182.3239,-1.0,83,7,3,0,0
182.3239,182.6408,110,7,3,JumpScratch,4
182.5352,-1.0,900,1,3,0,0
182.5352,-1.0,900,7,3,0,0
182.9577,-1.0,83,4,3,0,0
182.9577,183.1690,110,4,3,0,0
182.9577,-1.0,83,10,3,0,0
182.9577,183.1690,110,10,3,0,0
184.0141,-1.0,81,1,3,0,0
184.0141,184.4366,101,1,3,0,0
184.0141,-1.0,81,10,3,0,0
184.0141,184.4366,101,10,3,0,0
184.2254,-1.0,900,1,3,0,0
184.2254,-1.0,900,10,3,0,0
184.8592,-1.0,83,4,3,0,0
184.8592,185.7042,110,4,3,0,0
184.8592,-1.0,83,7,3,0,0
184.8592,185.7042,110,7,3,0,0
185.0704,-1.0,900,4,3,0,0
185.0704,-1.0,900,7,3,0,0
185.2817,-1.0,900,4,3,0,0
185.2817,-1.0,900,7,3,0,0
185.4930,-1.0,900,4,3,0,0
185.4930,-1.0,900,7,3,0,0
186.5493,-1.0,10,4,3,0,0
186.6549,-1.0,10,10,3,0,0
186.7606,-1.0,10,4,3,0,0
186.8662,-1.0,10,10,3,0,0
186.9718,-1.0,10,4,3,0,0
187.1831,-1.0,10,7,3,0,0
187.2887,-1.0,80,1,3,0,0
187.2887,187.6056,100,1,3,0,0
187.5000,-1.0,900,1,3,0,0
187.6056,-1.0,10,10,3,0,0
187.8169,-1.0,10,7,3,0,0
188.0282,-1.0,10,1,3,0,0
188.2394,-1.0,10,7,3,0,0
188.3451,-1.0,10,1,3,0,0
188.4507,-1.0,10,7,3,0,0
188.5563,-1.0,10,1,3,0,0
188.6620,-1.0,10,7,3,0,0
188.8732,-1.0,10,4,3,0,0
188.9789,-1.0,80,10,3,0,0
188.9789,189.2958,100,10,3,0,0
189.1901,-1.0,900,10,3,0,0
189.2958,-1.0,83,4,3,0,0
189.2958,189.5070,110,4,3,0,0
189.9296,-1.0,10,10,3,0,0
190.1408,-1.0,10,4,3,0,0
190.2465,-1.0,10,7,3,0,0
190.3521,-1.0,50,1,3,0,0
190.5634,-1.0,10,7,3,0,0
190.7746,-1.0,10,1,3,0,0
190.9859,-1.0,20,7,3,0,0
191.0915,-1.0,10,4,3,0,0
191.1972,-1.0,50,10,3,0,0
191.4085,-1.0,10,4,3,0,0
191.6197,-1.0,10,7,3,0,0
191.7254,-1.0,10,4,3,0,0
191.8310,-1.0,10,7,3,0,0
191.9366,-1.0,10,4,3,0,0
192.0423,-1.0,10,7,3,0,0
192.2535,-1.0,10,4,3,0,0
192.3592,-1.0,80,10,3,0,0
192.3592,192.6761,100,10,3,0,0
192.5704,-1.0,900,10,3,0,0
192.6761,-1.0,20,1,3,0,0
192.8873,-1.0,20,4,3,0,0
193.0986,-1.0,20,7,3,0,0
193.3099,-1.0,10,1,3,0,0
193.4155,-1.0,10,7,3,0,0
193.5211,-1.0,10,1,3,0,0
193.6268,-1.0,10,7,3,0,0
193.7324,-1.0,10,1,3,0,0
193.9437,-1.0,10,10,3,0,0
194.0493,-1.0,80,4,3,0,0
194.0493,194.3662,100,4,3,0,0
194.2606,-1.0,900,4,3,0,0
194.3662,-1.0,10,7,3,0,0
194.5775,-1.0,10,4,3,0,0
194.7887,-1.0,10,1,3,0,0
194.8944,-1.0,10,7,3,0,0
195.0,-1.0,10,4,3,0,0
195.2113,-1.0,10,10,3,0,0
195.4225,-1.0,10,4,3,0,0
195.6338,-1.0,10,7,3,0,0
195.8451,-1.0,80,1,3,0,0
195.8451,196.0563,100,1,3,0,0
196.0563,-1.0,20,7,3,0,0
196.1620,-1.0,10,1,3,0,0
196.2676,-1.0,50,7,3,0,0
196.4789,-1.0,10,1,3,0,0
196.5845,-1.0,10,7,3,0,0
196.6901,-1.0,10,4,3,0,0
196.7958,-1.0,10,10,3,0,0
197.0070,-1.0,82,1,3,0,0
197.0070,197.3239,110,1,3,0,0
197.2183,-1.0,900,1,3,0,0
197.5352,-1.0,10,7,3,0,0
197.6408,-1.0,10,1,3,0,0
197.8521,-1.0,82,10,3,0,0
197.8521,198.1690,110,10,3,0,0
198.0634,-1.0,900,10,3,0,0
198.3803,-1.0,82,4,3,0,0
198.3803,199.6479,110,4,3,0,0
198.3803,-1.0,82,7,3,0,0
198.3803,199.6479,110,7,3,0,0
198.5915,-1.0,900,4,3,0,0
198.5915,-1.0,900,7,3,0,0
198.8028,-1.0,900,4,3,0,0
198.8028,-1.0,31,4,3,0,0
198.8028,-1.0,900,7,3,0,0
198.8028,-1.0,31,7,3,0,0
199.0141,-1.0,900,4,3,0,0
199.0141,-1.0,900,7,3,0,0
199.2254,-1.0,900,4,3,0,0
199.2254,-1.0,31,4,3,0,0
199.2254,-1.0,900,7,3,0,0
199.2254,-1.0,31,7,3,0,0
199.4366,-1.0,900,4,3,0,0
199.4366,-1.0,900,7,3,0,0
200.0704,-1.0,50,4,3,0,0
200.0704,-1.0,82,10,3,0,0
200.0704,200.4930,110,10,3,0,0
200.2817,-1.0,900,10,3,0,0
200.9155,-1.0,82,1,3,0,0
200.9155,201.3380,110,1,3,0,0
200.9155,-1.0,50,7,3,0,0
201.1268,-1.0,900,1,3,0,0
201.7606,-1.0,20,4,3,0,0
201.7606,-1.0,50,9,4,0,0
202.0775,-1.0,50,1,4,0,0
202.0775,-1.0,20,7,3,0,0
202.3944,-1.0,20,4,3,0,0
202.3944,-1.0,50,9,4,0,0
202.6056,-1.0,83,1,4,0,0
202.6056,203.0282,110,1,4,0,0
202.8169,-1.0,900,1,4,0,0
203.2394,-1.0,80,7,3,0,0
203.2394,203.4507,100,7,3,0,0
203.3451,-1.0,30,7,3,0,0
203.4507,-1.0,50,1,4,0,0
203.7676,-1.0,20,4,3,0,0
203.7676,-1.0,50,9,4,0,0
204.0845,-1.0,50,1,4,0,0
204.0845,-1.0,20,7,3,0,0
204.2958,-1.0,83,9,4,0,0
204.2958,204.7183,110,9,4,0,0
204.5070,-1.0,900,9,4,0,0
204.5070,-1.0,40,9,4,0,0
204.9296,-1.0,80,4,3,0,0
204.9296,205.1408,100,4,3,0,0
205.0352,-1.0,30,4,3,0,0
205.1408,-1.0,20,10,3,0,0
205.2465,-1.0,20,3,3,0,0
205.4577,-1.0,83,7,3,0,0
205.4577,205.7746,110,7,3,0,0
205.6690,-1.0,900,7,3,0,0
205.9859,-1.0,20,1,3,0,0
206.0915,-1.0,20,8,3,0,0
206.3028,-1.0,83,4,3,0,0
206.3028,206.6197,110,4,3,0,0
206.5141,-1.0,900,4,3,0,0
206.8310,-1.0,50,1,3,0,0
206.8310,-1.0,50,10,3,0,0
208.0986,-1.0,50,4,3,0,0
208.0986,-1.0,50,7,3,0,0
208.5211,-1.0,83,1,3,0,0
208.5211,210.2113,110,1,3,0,0
208.5211,-1.0,83,10,3,0,0
208.5211,210.2113,110,10,3,0,0
208.7324,-1.0,900,1,3,0,0
208.7324,-1.0,900,10,3,0,0
208.9437,-1.0,900,1,3,0,0
208.9437,-1.0,900,10,3,0,0
209.1549,-1.0,900,1,3,0,0
209.1549,-1.0,900,10,3,0,0
209.3662,-1.0,900,1,3,0,0
209.3662,-1.0,900,10,3,0,0
209.5775,-1.0,900,1,3,0,0
209.5775,-1.0,900,10,3,0,0
209.7887,-1.0,900,1,3,0,0
209.7887,-1.0,900,10,3,0,0
210.0,-1.0,900,1,3,0,0
210.0,-1.0,900,10,3,0,0
210.8451,-1.0,10,4,3,0,0
210.9507,-1.0,10,7,3,0,0
211.0563,-1.0,10,4,3,0,0
211.4789,-1.0,50,1,3,0,0
211.4789,-1.0,50,10,3,0,0
211.9014,-1.0,81,4,3,0,0
211.9014,212.7465,101,4,3,0,0
211.9014,-1.0,81,7,3,0,0
211.9014,212.7465,101,7,3,0,0
212.1127,-1.0,900,4,3,0,0
212.1127,-1.0,900,7,3,0,0
212.3239,-1.0,900,4,3,0,0
212.3239,-1.0,900,7,3,0,0
212.5352,-1.0,900,4,3,0,0
212.5352,-1.0,900,7,3,0,0
212.9577,-1.0,10,10,3,0,0
213.1690,-1.0,10,4,3,0,0
213.3803,-1.0,10,7,3,0,0
213.4859,-1.0,80,1,3,0,0
213.4859,214.4366,100,1,3,0,0
213.6972,-1.0,900,1,3,0,0
213.9085,-1.0,900,1,3,0,0
214.0141,-1.0,10,10,3,0,0
214.1197,-1.0,900,1,3,0,0
214.3310,-1.0,900,1,3,0,0
214.4366,-1.0,10,7,3,0,0
214.6479,-1.0,10,10,3,0,0
214.8592,-1.0,10,7,3,0,0
215.0704,-1.0,10,4,3,0,0
215.1761,-1.0,80,10,3,0,0
215.1761,216.9718,100,10,3,0,0
215.3873,-1.0,900,10,3,0,0
215.4930,-1.0,10,1,3,0,0
215.5986,-1.0,900,10,3,0,0
215.7042,-1.0,82,4,3,0,0
215.7042,216.0211,110,4,3,0,0
215.8099,-1.0,900,10,3,0,0
215.9155,-1.0,900,4,3,0,0
216.0211,-1.0,900,10,3,0,0
216.2324,-1.0,900,10,3,0,0
216.3380,-1.0,10,1,3,0,0
216.4437,-1.0,900,10,3,0,0
216.5493,-1.0,10,1,3,0,0
216.6549,-1.0,900,10,3,0,0
216.8662,-1.0,900,10,3,0,0
216.9718,-1.0,10,4,3,0,0
217.1831,-1.0,10,1,3,0,0
217.3944,-1.0,10,7,3,0,0
217.5000,-1.0,10,4,3,0,0
217.7113,-1.0,82,1,3,0,0
217.7113,218.0282,110,1,3,0,0
217.7113,-1.0,82,10,3,0,0
217.7113,218.0282,110,10,3,0,0
217.9225,-1.0,900,1,3,0,0
217.9225,-1.0,900,10,3,0,0
218.4507,-1.0,20,1,3,0,0
218.4507,-1.0,20,10,3,0,0
218.6620,-1.0,83,4,3,0,0
218.6620,219.0845,110,4,3,0,0
218.6620,-1.0,83,7,3,0,0
218.6620,219.0845,110,7,3,0,0
218.8732,-1.0,900,4,3,0,0
218.8732,-1.0,900,7,3,0,0
219.2958,-1.0,20,10,3,0,0
219.4014,-1.0,20,4,3,0,0
219.6127,-1.0,20,7,3,0,0
219.7183,-1.0,20,1,3,0,0
219.9296,-1.0,20,10,3,0,0
220.1408,-1.0,20,4,3,0,0
220.2465,-1.0,20,7,3,0,0
220.3521,-1.0,50,1,3,0,0
220.6690,-1.0,50,10,3,0,0
220.9859,-1.0,50,1,3,0,0
221.1972,-1.0,83,4,3,0,0
221.1972,221.6197,110,4,3,JumpScratch,-6
221.1972,-1.0,83,7,3,0,0
221.1972,221.6197,110,7,3,JumpScratch,6
221.4085,-1.0,900,4,3,0,0
221.4085,-1.0,900,7,3,0,0