1.2000,-1.0,20,9,4,0,0
7.0,7.0,0,0,0,32,10950
2.4000,-1.0,20,1,5,0,0
49.2000,57.6000,0,0,0,12,10950
3.6000,-1.0,81,7,6,0,0
3.6000,4.8000,101,7,6,0,0
68.4000,76.8000,0,0,0,12,10950
3.7500,-1.0,900,7,6,0,0
3.9000,-1.0,900,7,6,0,0
4.0500,-1.0,900,7,6,0,0
4.2000,-1.0,900,7,6,0,0
4.3500,-1.0,900,7,6,0,0
4.5000,-1.0,900,7,6,0,0
4.6500,-1.0,900,7,6,0,0
6.0,-1.0,81,1,6,0,0
6.0,8.4000,101,1,6,0,0
6.1500,-1.0,900,1,6,0,0
6.3000,-1.0,900,1,6,0,0
6.4500,-1.0,900,1,6,0,0
6.6000,-1.0,900,1,6,0,0
6.7500,-1.0,900,1,6,0,0
6.9000,-1.0,900,1,6,0,0
7.0500,-1.0,900,1,6,0,0
7.2000,-1.0,900,1,6,0,0
7.3500,-1.0,900,1,6,0,0
7.5000,-1.0,900,1,6,0,0
7.6500,-1.0,900,1,6,0,0
7.8000,-1.0,900,1,6,0,0
7.9500,-1.0,900,1,6,0,0
8.1000,-1.0,900,1,6,0,0
8.2500,-1.0,900,1,6,0,0
10.8000,-1.0,10,9,4,0,0
12.0,-1.0,10,1,4,0,0
13.2000,-1.0,80,7,4,0,0
13.2000,14.4000,100,7,4,0,0
13.3500,-1.0,900,7,4,0,0
13.5000,-1.0,900,7,4,0,0
13.6500,-1.0,900,7,4,0,0
13.8000,-1.0,900,7,4,0,0
13.9500,-1.0,900,7,4,0,0
14.1000,-1.0,900,7,4,0,0
14.2500,-1.0,900,7,4,0,0
15.6000,-1.0,10,1,4,0,0
16.8000,-1.0,10,7,4,0,0
18.0,-1.0,80,1,4,0,0
18.0,19.2000,100,1,4,0,0
18.1500,-1.0,900,1,4,0,0
18.3000,-1.0,900,1,4,0,0
18.4500,-1.0,900,1,4,0,0
18.6000,-1.0,900,1,4,0,0
18.7500,-1.0,900,1,4,0,0
18.9000,-1.0,900,1,4,0,0
19.0500,-1.0,900,1,4,0,0
20.4000,-1.0,10,9,4,0,0
21.6000,-1.0,10,3,4,0,0
22.8000,-1.0,80,9,4,0,0
22.8000,24.0,100,9,4,0,0
22.9500,-1.0,900,9,4,0,0
23.1000,-1.0,900,9,4,0,0
23.2500,-1.0,900,9,4,0,0
23.4000,-1.0,900,9,4,0,0
23.5500,-1.0,900,9,4,0,0
23.7000,-1.0,900,9,4,0,0
23.8500,-1.0,900,9,4,0,0
25.2000,-1.0,10,1,4,0,0
26.4000,-1.0,10,9,4,0,0
27.6000,-1.0,80,3,4,0,0
27.6000,28.8000,100,3,4,0,0
27.7500,-1.0,900,3,4,0,0
27.9000,-1.0,900,3,4,0,0
28.0500,-1.0,900,3,4,0,0
28.2000,-1.0,900,3,4,0,0
28.3500,-1.0,900,3,4,0,0
28.5000,-1.0,900,3,4,0,0
28.6500,-1.0,900,3,4,0,0
30.0,-1.0,10,9,4,0,0
31.2000,-1.0,10,1,4,0,0
32.4000,-1.0,80,7,4,0,0
32.4000,33.6000,100,7,4,0,0
32.5500,-1.0,900,7,4,0,0
32.7000,-1.0,900,7,4,0,0
32.8500,-1.0,900,7,4,0,0
33.0,-1.0,900,7,4,0,0
33.1500,-1.0,900,7,4,0,0
33.3000,-1.0,900,7,4,0,0
33.4500,-1.0,900,7,4,0,0
34.8000,-1.0,80,1,4,0,0
34.8000,36.0,100,1,4,0,0
34.9500,-1.0,900,1,4,0,0
35.1000,-1.0,900,1,4,0,0
35.2500,-1.0,900,1,4,0,0
35.4000,-1.0,900,1,4,0,0
35.5500,-1.0,900,1,4,0,0
35.7000,-1.0,900,1,4,0,0
35.8500,-1.0,900,1,4,0,0
37.2000,-1.0,80,9,4,0,0
37.2000,38.4000,100,9,4,0,0
37.3500,-1.0,900,9,4,0,0
37.5000,-1.0,900,9,4,0,0
37.6500,-1.0,900,9,4,0,0
37.8000,-1.0,900,9,4,0,0
37.9500,-1.0,900,9,4,0,0
38.1000,-1.0,900,9,4,0,0
38.2500,-1.0,900,9,4,0,0
39.6000,-1.0,10,1,4,0,0
40.8000,-1.0,10,7,4,0,0
42.0,-1.0,10,3,4,0,0
43.2000,-1.0,10,9,4,0,0
44.4000,-1.0,80,1,4,0,0
44.4000,45.6000,100,1,4,0,0
44.5500,-1.0,900,1,4,0,0
44.7000,-1.0,900,1,4,0,0
44.8500,-1.0,900,1,4,0,0
45.0,-1.0,900,1,4,0,0
45.1500,-1.0,900,1,4,0,0
45.3000,-1.0,900,1,4,0,0
45.4500,-1.0,900,1,4,0,0
46.8000,-1.0,80,9,4,0,0
46.8000,48.0,100,9,4,0,0
46.9500,-1.0,900,9,4,0,0
47.1000,-1.0,900,9,4,0,0
47.2500,-1.0,900,9,4,0,0
47.2500,-1.0,30,9,4,0,0
47.4000,-1.0,900,9,4,0,0
47.5500,-1.0,900,9,4,0,0
47.7000,-1.0,900,9,4,0,0
47.7000,-1.0,30,9,4,0,0
47.8500,-1.0,900,9,4,0,0
49.2000,-1.0,20,1,6,0,0
50.4000,-1.0,10,7,6,0,0
51.6000,-1.0,81,1,6,0,0
51.6000,52.8000,101,1,6,0,0
51.7500,-1.0,900,1,6,0,0
51.9000,-1.0,900,1,6,0,0
52.0500,-1.0,900,1,6,0,0
52.2000,-1.0,900,1,6,0,0
52.3500,-1.0,900,1,6,0,0
52.5000,-1.0,900,1,6,0,0
52.6500,-1.0,900,1,6,0,0
54.0,-1.0,20,7,6,0,0
55.2000,-1.0,10,1,6,0,0
56.4000,-1.0,81,7,6,0,0
56.4000,57.6000,101,7,6,0,0
56.5500,-1.0,900,7,6,0,0
56.7000,-1.0,900,7,6,0,0
56.8500,-1.0,900,7,6,0,0
57.0,-1.0,900,7,6,0,0
57.1500,-1.0,900,7,6,0,0
57.3000,-1.0,900,7,6,0,0
57.4500,-1.0,900,7,6,0,0
58.8000,-1.0,10,1,4,0,0
60.0,-1.0,10,9,4,0,0
61.2000,-1.0,80,3,4,0,0
61.2000,62.4000,100,3,4,0,0
61.3500,-1.0,900,3,4,0,0
61.5000,-1.0,900,3,4,0,0
61.6500,-1.0,900,3,4,0,0
61.8000,-1.0,900,3,4,0,0
61.9500,-1.0,900,3,4,0,0
62.1000,-1.0,900,3,4,0,0
62.2500,-1.0,900,3,4,0,0
63.6000,-1.0,10,9,4,0,0
64.8000,-1.0,10,1,4,0,0
66.0,-1.0,80,7,4,0,0
66.0,67.2000,100,7,4,0,0
66.1500,-1.0,900,7,4,0,0
66.3000,-1.0,900,7,4,0,0
66.4500,-1.0,900,7,4,0,0
66.6000,-1.0,900,7,4,0,0
66.7500,-1.0,900,7,4,0,0
66.9000,-1.0,900,7,4,0,0
67.0500,-1.0,900,7,4,0,0
68.4000,-1.0,20,1,6,0,0
69.6000,-1.0,10,7,6,0,0
70.8000,-1.0,81,1,6,0,0
70.8000,72.0,101,1,6,0,0
70.9500,-1.0,900,1,6,0,0
71.1000,-1.0,900,1,6,0,0
71.2500,-1.0,900,1,6,0,0
71.4000,-1.0,900,1,6,0,0
71.5500,-1.0,900,1,6,0,0
71.7000,-1.0,900,1,6,0,0
71.8500,-1.0,900,1,6,0,0
73.2000,-1.0,20,7,6,0,0
74.4000,-1.0,10,1,6,0,0
75.6000,-1.0,81,7,6,0,0
75.6000,76.8000,101,7,6,0,0
75.7500,-1.0,900,7,6,0,0
75.9000,-1.0,900,7,6,0,0
76.0500,-1.0,900,7,6,0,0
76.2000,-1.0,900,7,6,0,0
76.3500,-1.0,900,7,6,0,0
76.5000,-1.0,900,7,6,0,0
76.6500,-1.0,900,7,6,0,0
78.0,-1.0,10,3,4,0,0
79.2000,-1.0,10,7,4,0,0
80.4000,-1.0,80,1,4,0,0
80.4000,81.6000,100,1,4,0,0
80.5500,-1.0,900,1,4,0,0
80.7000,-1.0,900,1,4,0,0
80.8500,-1.0,900,1,4,0,0
81.0,-1.0,900,1,4,0,0
81.1500,-1.0,900,1,4,0,0
81.3000,-1.0,900,1,4,0,0
81.4500,-1.0,900,1,4,0,0
82.8000,-1.0,10,9,4,0,0
84.0,-1.0,10,1,5,0,0
85.2000,-1.0,80,7,6,0,0
85.2000,86.4000,100,7,6,0,0
85.3500,-1.0,900,7,6,0,0
85.5000,-1.0,900,7,6,0,0
85.6500,-1.0,900,7,6,0,0
85.8000,-1.0,900,7,6,0,0
85.9500,-1.0,900,7,6,0,0
86.1000,-1.0,900,7,6,0,0
86.2500,-1.0,900,7,6,0,0
87.4500,-1.0,81,1,6,0,0
87.4500,88.8000,101,1,6,0,0
87.6000,-1.0,900,1,6,0,0
87.7500,-1.0,900,1,6,0,0
87.9000,-1.0,900,1,6,0,0
88.0500,-1.0,900,1,6,0,0
88.2000,-1.0,900,1,6,0,0
88.3500,-1.0,900,1,6,0,0
88.5000,-1.0,900,1,6,0,0
88.6500,-1.0,900,1,6,0,0