0.0,-1.0,83,9,4,0,0
0.0,0.0682,110,9,4,JumpScratch,-5
13.0909,21.5455,0,0,0,14,10120
0.0682,0.1364,110,8,4,JumpScratch,-5
39.2727,43.3636,0,0,0,14,4030
0.1364,0.2045,110,7,4,JumpScratch,-5
43.6364,48.0,0,0,0,14,4040
0.2045,0.2727,110,6,4,JumpScratch,6
57.7273,57.7273,0,0,0,11,4030
0.4091,-1.0,83,1,4,0,0
0.4091,0.4773,110,1,4,JumpScratch,5
58.5455,58.5455,0,0,0,11,4040
0.4773,0.5455,110,2,4,JumpScratch,5
59.9091,76.3636,0,0,0,14,10120
0.5455,0.6136,110,3,4,JumpScratch,5
89.4545,98.1818,0,0,0,14,10120
0.6136,0.6818,110,4,4,JumpScratch,-6
103.2727,103.2727,0,0,0,32,10120
0.8182,-1.0,83,9,4,0,0
0.8182,0.8864,110,9,4,JumpScratch,-5
0.8864,0.9545,110,8,4,JumpScratch,-5
0.9545,1.0227,110,7,4,JumpScratch,-5
1.0227,1.0909,110,6,4,JumpScratch,6
1.2273,-1.0,83,1,4,0,0
1.2273,1.2955,110,1,4,JumpScratch,5
1.2955,1.3636,110,2,4,JumpScratch,5
1.3636,1.4318,110,3,4,JumpScratch,5
1.4318,1.5000,110,4,4,JumpScratch,-6
1.6364,-1.0,10,10,3,0,0
1.7045,-1.0,10,4,3,0,0
1.7727,-1.0,10,10,3,0,0
1.8409,-1.0,10,4,3,0,0
1.9091,-1.0,10,7,3,0,0
1.9773,-1.0,10,1,3,0,0
2.0455,-1.0,10,7,3,0,0
2.1136,-1.0,10,1,3,0,0
2.1818,-1.0,83,6,4,0,0
2.1818,2.2500,110,6,4,JumpScratch,5
2.2500,2.3182,110,7,4,JumpScratch,5
2.3182,2.3864,110,8,4,JumpScratch,5
2.3864,2.4545,110,9,4,JumpScratch,-6
2.5909,-1.0,83,4,4,0,0
2.5909,2.6591,110,4,4,JumpScratch,-5
2.6591,2.7273,110,3,4,JumpScratch,-5
2.7273,2.7955,110,2,4,JumpScratch,-5
2.7955,2.8636,110,1,4,JumpScratch,6
3.0,-1.0,83,6,4,0,0
3.0,3.0682,110,6,4,JumpScratch,5
3.0682,3.1364,110,7,4,JumpScratch,5
3.1364,3.2045,110,8,4,JumpScratch,5
3.2045,3.2727,110,9,4,JumpScratch,-6
3.4091,-1.0,83,4,4,0,0
3.4091,3.4773,110,4,4,JumpScratch,-5
3.4773,3.5455,110,3,4,JumpScratch,-5
3.5455,3.6136,110,2,4,JumpScratch,-5
3.6136,3.6818,110,1,4,JumpScratch,6
3.8182,-1.0,80,6,2,0,0
3.8182,4.0909,100,6,2,0,0
3.9545,-1.0,900,6,2,0,0
3.9545,-1.0,30,6,2,0,0
4.3636,-1.0,10,1,4,0,0
4.5000,-1.0,10,5,4,0,0
4.6364,-1.0,10,9,4,0,0
4.7727,-1.0,80,4,3,0,0
4.7727,5.0455,100,4,3,0,0
4.9091,-1.0,900,4,3,0,0
5.0455,-1.0,10,7,3,0,0
5.3182,-1.0,82,1,3,0,0
5.3182,6.0,110,1,3,JumpScratch,6
5.3182,-1.0,82,10,3,0,0
5.3182,5.5909,110,10,3,JumpScratch,-6
5.4545,-1.0,900,1,3,0,0
5.4545,-1.0,900,10,3,0,0
5.5909,-1.0,900,1,3,0,0
5.5909,5.7273,110,7,3,JumpScratch,6
5.7273,-1.0,900,1,3,0,0
5.7273,6.0,110,10,3,JumpScratch,-6
5.8636,-1.0,900,1,3,0,0
5.8636,-1.0,900,10,3,0,0
6.0,6.2727,110,4,3,JumpScratch,-6
6.0,6.2727,110,7,3,JumpScratch,6
6.1364,-1.0,900,4,3,0,0
6.1364,-1.0,900,7,3,0,0
6.5455,-1.0,10,10,3,0,0
6.6818,-1.0,10,10,3,0,0
6.8182,-1.0,10,4,3,0,0
6.9545,-1.0,10,4,3,0,0
7.0909,-1.0,10,9,4,0,0
7.2273,-1.0,10,5,4,0,0
7.3636,-1.0,10,1,4,0,0
7.5000,-1.0,50,7,6,0,0
7.7727,-1.0,50,1,4,0,0
7.7727,-1.0,10,7,3,0,0
8.0455,-1.0,10,4,3,0,0
8.0455,-1.0,50,9,4,0,0
8.3182,-1.0,50,1,6,0,0
8.4545,-1.0,10,7,3,0,0
8.5227,-1.0,10,4,3,0,0
8.5909,-1.0,10,7,3,0,0
8.6591,-1.0,10,4,3,0,0
8.7273,-1.0,10,9,4,0,0
8.8636,-1.0,10,5,4,0,0
9.0,-1.0,10,1,4,0,0
9.1364,-1.0,80,7,3,0,0
9.1364,9.4091,100,7,3,0,0
9.2727,-1.0,900,7,3,0,0
9.4091,-1.0,10,4,3,0,0
9.6818,-1.0,82,1,3,0,0
9.6818,9.9545,110,1,3,JumpScratch,6
9.6818,-1.0,82,10,3,0,0
9.6818,10.3636,110,10,3,JumpScratch,-6
9.8182,-1.0,900,1,3,0,0
9.8182,-1.0,900,10,3,0,0
9.9545,10.0909,110,4,3,JumpScratch,-6
9.9545,-1.0,900,10,3,0,0
10.0909,10.3636,110,1,3,JumpScratch,6
10.0909,-1.0,900,10,3,0,0
10.2273,-1.0,900,1,3,0,0
10.2273,-1.0,900,10,3,0,0
10.3636,10.6364,110,4,3,JumpScratch,-6
10.3636,10.6364,110,7,3,JumpScratch,6
10.5000,-1.0,900,4,3,0,0
10.5000,-1.0,900,7,3,0,0
10.9091,-1.0,10,10,3,0,0
11.0455,-1.0,10,10,3,0,0
11.1818,-1.0,50,3,5,0,0
11.3182,-1.0,10,7,3,0,0
11.4545,-1.0,10,1,3,0,0
11.5909,-1.0,10,1,3,0,0
11.7273,-1.0,50,6,5,0,0
11.8636,-1.0,10,4,3,0,0
12.0,-1.0,82,1,3,0,0
12.0,12.2727,110,1,3,0,0
12.0,-1.0,82,10,3,0,0
12.0,12.2727,110,10,3,0,0
12.1364,-1.0,900,1,3,0,0
12.1364,-1.0,900,10,3,0,0
12.5455,-1.0,10,7,3,0,0
12.6136,-1.0,10,4,3,0,0
12.6818,-1.0,10,7,3,0,0
12.7500,-1.0,10,4,3,0,0
12.8182,-1.0,10,7,3,0,0
12.8864,-1.0,10,4,3,0,0
12.9545,-1.0,10,7,3,0,0
13.0227,-1.0,10,4,3,0,0
13.0909,-1.0,81,7,3,0,0
13.0909,13.3636,101,7,3,0,0
13.2273,-1.0,900,7,3,0,0
13.3636,-1.0,10,4,3,0,0
13.5000,-1.0,10,7,3,0,0
13.6364,-1.0,81,1,3,0,0
13.6364,13.9091,101,1,3,0,0
13.6364,-1.0,81,10,3,0,0
13.6364,13.9091,101,10,3,0,0
13.7727,-1.0,900,1,3,0,0
13.7727,-1.0,900,10,3,0,0
14.0455,-1.0,10,4,3,0,0
14.1136,-1.0,10,7,3,0,0
14.1818,-1.0,83,4,3,0,0
14.1818,14.7273,110,4,3,0,0
14.3182,-1.0,900,4,3,0,0
14.4545,-1.0,900,4,3,0,0
14.4545,-1.0,10,10,3,0,0
14.5909,-1.0,900,4,3,0,0
14.7273,-1.0,10,10,3,0,0
15.0,-1.0,10,1,3,0,0
15.0,-1.0,10,7,3,0,0
15.2727,-1.0,81,4,3,0,0
15.2727,15.5455,101,4,3,0,0
15.2727,-1.0,81,10,3,0,0
15.2727,15.5455,101,10,3,0,0
15.4091,-1.0,900,4,3,0,0
15.4091,-1.0,900,10,3,0,0
15.6818,-1.0,10,7,3,0,0
15.7500,-1.0,10,4,3,0,0
15.8182,-1.0,81,7,3,0,0
15.8182,16.0909,101,7,3,0,0
15.9545,-1.0,900,7,3,0,0
16.0909,-1.0,81,1,3,0,0
16.0909,16.3636,101,1,3,0,0
16.2273,-1.0,900,1,3,0,0
16.3636,-1.0,83,7,3,0,0
16.3636,16.6364,110,7,3,0,0
16.5000,-1.0,900,7,3,0,0
16.7727,-1.0,10,4,3,0,0
16.8409,-1.0,10,7,3,0,0
16.9091,-1.0,83,1,3,0,0
16.9091,17.1818,110,1,3,0,0
17.0455,-1.0,900,1,3,0,0
17.1818,-1.0,83,10,3,0,0
17.1818,17.4545,110,10,3,0,0
17.3182,-1.0,900,10,3,0,0
17.4545,-1.0,81,4,3,0,0
17.4545,17.7273,101,4,3,0,0
17.5909,-1.0,900,4,3,0,0
17.7273,-1.0,10,10,3,0,0
17.8636,-1.0,81,1,3,0,0
17.8636,18.1364,101,1,3,0,0
17.8636,-1.0,50,7,3,0,0
18.0,-1.0,900,1,3,0,0
18.1364,-1.0,10,10,3,0,0
18.2727,-1.0,50,1,3,0,0
18.2727,-1.0,81,7,3,0,0
18.2727,18.5455,101,7,3,0,0
18.4091,-1.0,900,7,3,0,0
18.5455,-1.0,10,1,3,0,0
18.6818,-1.0,50,4,3,0,0
18.6818,-1.0,81,10,3,0,0
18.6818,18.9545,101,10,3,0,0
18.8182,-1.0,900,10,3,0,0
18.9545,-1.0,10,1,3,0,0
19.0909,-1.0,83,4,3,0,0
19.0909,19.3636,110,4,3,0,0
19.0909,-1.0,83,7,3,0,0
19.0909,19.3636,110,7,3,0,0
19.2273,-1.0,900,4,3,0,0
19.2273,-1.0,900,7,3,0,0
19.6364,-1.0,81,1,3,0,0
19.6364,19.9091,101,1,3,0,0
19.6364,-1.0,81,7,3,0,0
19.6364,19.9091,101,7,3,0,0
19.7727,-1.0,900,1,3,0,0
19.7727,-1.0,900,7,3,0,0
20.0455,-1.0,10,4,3,0,0
20.1136,-1.0,10,7,3,0,0
20.1818,-1.0,81,4,3,0,0
20.1818,20.4545,101,4,3,0,0
20.3182,-1.0,900,4,3,0,0
20.4545,-1.0,20,10,3,0,0
20.7273,-1.0,83,4,3,0,0
20.7273,21.5455,110,4,3,0,0
20.7273,-1.0,83,7,3,0,0
20.7273,21.5455,110,7,3,0,0
20.8636,-1.0,900,4,3,0,0
20.8636,-1.0,900,7,3,0,0
21.0,-1.0,900,4,3,0,0
21.0,-1.0,900,7,3,0,0
21.1364,-1.0,900,4,3,0,0
21.1364,-1.0,900,7,3,0,0
21.2727,-1.0,900,4,3,0,0
21.2727,-1.0,900,7,3,0,0
21.4091,-1.0,900,4,3,0,0
21.4091,-1.0,900,7,3,0,0
21.8182,-1.0,10,1,2,0,0
21.9545,-1.0,10,4,2,0,0
22.0909,-1.0,10,7,2,0,0
22.2273,-1.0,10,5,2,0,0
22.2273,-1.0,10,10,2,0,0
22.9091,-1.0,10,3,2,0,0
23.0455,-1.0,10,7,2,0,0
23.1818,-1.0,10,4,2,0,0
23.3182,-1.0,10,1,2,0,0
23.3182,-1.0,10,6,2,0,0
24.0,-1.0,10,2,2,0,0
24.1364,-1.0,10,5,2,0,0
24.2727,-1.0,10,8,2,0,0
24.4091,-1.0,10,6,2,0,0
24.4091,-1.0,10,11,2,0,0
25.0909,-1.0,10,2,2,0,0
25.0909,-1.0,10,9,2,0,0
25.2273,-1.0,10,5,2,0,0
25.3636,-1.0,10,8,2,0,0
25.5000,-1.0,10,6,2,0,0
25.6364,-1.0,10,3,2,0,0
25.6364,-1.0,10,10,2,0,0
25.7727,-1.0,10,7,2,0,0
25.9091,-1.0,10,4,2,0,0
26.0455,-1.0,10,1,2,0,0
26.1818,-1.0,10,2,2,0,0
26.1818,-1.0,10,9,2,0,0
26.3182,-1.0,10,5,2,0,0
26.4545,-1.0,10,8,2,0,0
26.5909,-1.0,10,11,2,0,0
27.2727,-1.0,10,4,2,0,0
27.2727,-1.0,10,9,2,0,0
27.4091,-1.0,10,11,2,0,0
27.5455,-1.0,10,8,2,0,0
27.6818,-1.0,10,5,2,0,0
28.3636,-1.0,10,1,2,0,0
28.3636,-1.0,10,8,2,0,0
28.5000,-1.0,10,4,2,0,0
28.6364,-1.0,10,7,2,0,0
28.7727,-1.0,10,10,2,0,0
29.1818,-1.0,10,6,2,0,0
29.4545,-1.0,10,4,3,0,0
29.4545,-1.0,20,9,4,0,0
29.6364,-1.0,10,4,3,0,0
29.6364,-1.0,20,9,4,0,0
29.8182,-1.0,10,4,3,0,0
29.8182,-1.0,20,9,4,0,0
30.0,-1.0,20,1,4,0,0
30.0,-1.0,10,7,3,0,0
30.1818,-1.0,20,1,4,0,0
30.1818,-1.0,10,7,3,0,0
30.3636,-1.0,20,1,4,0,0
30.3636,-1.0,10,7,3,0,0
30.5455,-1.0,10,4,3,0,0
30.8182,-1.0,10,10,3,0,0
30.9545,-1.0,10,10,3,0,0
31.0909,-1.0,10,4,3,0,0
31.2273,-1.0,10,7,3,0,0
31.3636,-1.0,10,4,3,0,0
31.5000,-1.0,82,1,3,0,0
31.5000,31.7727,110,1,3,JumpScratch,5
31.5000,-1.0,80,7,3,0,0
31.5000,31.7727,100,7,3,0,0
31.6364,-1.0,900,1,3,0,0
31.6364,-1.0,900,7,3,0,0
32.0455,-1.0,10,4,3,0,0
32.0455,-1.0,50,7,6,0,0
32.3182,-1.0,10,4,3,0,0
32.4545,-1.0,10,1,3,0,0
32.4545,-1.0,10,7,3,0,0
32.5909,-1.0,10,7,3,0,0
32.7273,-1.0,82,4,3,0,0
32.7273,33.1364,110,4,3,JumpScratch,-6
32.7273,-1.0,82,10,3,0,0
32.7273,33.0,110,10,3,JumpScratch,-6
32.8636,-1.0,900,4,3,0,0
32.8636,-1.0,900,10,3,0,0
33.0,-1.0,900,4,3,0,0
33.0,33.4091,110,7,3,JumpScratch,6
33.1364,33.4091,110,1,3,JumpScratch,6
33.1364,-1.0,900,7,3,0,0
33.2727,-1.0,900,1,3,0,0
33.2727,-1.0,900,7,3,0,0
33.4091,33.6818,110,4,3,JumpScratch,-5
33.4091,33.6818,110,10,3,JumpScratch,-5
33.5455,-1.0,900,4,3,0,0
33.5455,-1.0,900,10,3,0,0
33.9545,-1.0,10,4,3,0,0
34.0909,-1.0,10,1,3,0,0
34.0909,-1.0,10,7,3,0,0
34.2273,-1.0,10,7,3,0,0
34.3636,-1.0,10,4,3,0,0
34.3636,-1.0,10,10,3,0,0
34.6364,-1.0,10,3,3,0,0
34.6364,-1.0,10,8,3,0,0
34.9091,-1.0,83,1,3,0,0
34.9091,35.1818,110,1,3,JumpScratch,5
34.9091,-1.0,83,10,3,0,0
34.9091,35.1818,110,10,3,JumpScratch,-5
35.0455,-1.0,900,1,3,0,0
35.0455,-1.0,900,10,3,0,0
35.4545,-1.0,10,7,3,0,0
35.7273,-1.0,10,1,3,0,0
35.8636,-1.0,10,4,3,0,0
35.8636,-1.0,10,10,3,0,0
36.1364,-1.0,82,1,3,0,0
36.1364,36.4091,110,1,3,0,0
36.1364,-1.0,82,7,3,0,0
36.1364,36.4091,110,7,3,0,0
36.2727,-1.0,900,1,3,0,0
36.2727,-1.0,900,7,3,0,0
36.6818,-1.0,10,4,3,0,0
36.8182,-1.0,10,4,3,0,0
36.8182,-1.0,10,10,3,0,0
37.0909,-1.0,50,1,4,0,0
37.0909,-1.0,20,7,3,0,0
37.3636,-1.0,20,4,3,0,0
37.3636,-1.0,50,9,4,0,0
37.6364,-1.0,50,1,4,0,0
37.6364,-1.0,20,7,3,0,0
37.9091,-1.0,20,4,3,0,0
37.9091,-1.0,50,9,4,0,0
38.1818,-1.0,10,1,3,0,0
38.3182,-1.0,10,4,3,0,0
38.4545,-1.0,10,7,3,0,0
38.5909,-1.0,10,10,3,0,0
38.7273,-1.0,10,1,3,0,0
38.7955,-1.0,10,10,3,0,0
38.8636,-1.0,10,4,3,0,0
38.9318,-1.0,10,7,3,0,0
39.0,-1.0,50,1,3,0,0
39.2727,-1.0,20,7,3,0,0
39.3409,-1.0,10,1,3,0,0
39.4091,-1.0,10,7,3,0,0
39.4773,-1.0,10,1,3,0,0
39.5455,-1.0,10,7,3,0,0
39.6818,-1.0,20,4,3,0,0
39.7500,-1.0,10,10,3,0,0
39.8182,-1.0,10,4,3,0,0
39.8864,-1.0,10,10,3,0,0
39.9545,-1.0,10,4,3,0,0
40.0909,-1.0,20,7,3,0,0
40.1591,-1.0,10,1,3,0,0
40.2273,-1.0,10,7,3,0,0
40.2955,-1.0,10,1,3,0,0
40.3636,-1.0,10,7,3,0,0
40.5000,-1.0,20,4,3,0,0
40.5682,-1.0,10,10,3,0,0
40.6364,-1.0,10,4,3,0,0
40.7045,-1.0,10,10,3,0,0
40.7727,-1.0,10,4,3,0,0
40.9091,-1.0,10,7,3,0,0
41.0455,-1.0,10,4,3,0,0
41.1818,-1.0,10,10,3,0,0
41.3182,-1.0,10,10,3,0,0
41.4545,-1.0,20,1,3,0,0
41.5227,-1.0,10,7,3,0,0
41.5909,-1.0,10,4,3,0,0
41.6591,-1.0,10,7,3,0,0
41.7273,-1.0,10,1,3,0,0
41.8636,-1.0,20,10,3,0,0
41.9318,-1.0,10,4,3,0,0
42.0,-1.0,10,7,3,0,0
42.0682,-1.0,10,4,3,0,0
42.1364,-1.0,10,10,3,0,0
42.2727,-1.0,20,1,3,0,0
42.3409,-1.0,10,7,3,0,0
42.4091,-1.0,10,4,3,0,0
42.4773,-1.0,10,7,3,0,0
42.5455,-1.0,10,1,3,0,0
42.6818,-1.0,20,10,3,0,0
42.7500,-1.0,10,4,3,0,0
42.8182,-1.0,10,7,3,0,0
42.8864,-1.0,10,4,3,0,0
42.9545,-1.0,10,10,3,0,0
43.0909,-1.0,10,1,3,0,0
43.2273,-1.0,10,1,3,0,0
43.3636,-1.0,50,7,3,0,0
43.6364,-1.0,20,4,3,0,0
43.7045,-1.0,10,10,3,0,0
43.7727,-1.0,10,4,3,0,0
43.8409,-1.0,10,10,3,0,0
43.9091,-1.0,10,4,3,0,0
44.0455,-1.0,20,7,3,0,0
44.1136,-1.0,10,1,3,0,0
44.1818,-1.0,10,7,3,0,0
44.2500,-1.0,10,1,3,0,0
44.3182,-1.0,10,7,3,0,0
44.4545,-1.0,20,4,3,0,0
44.5227,-1.0,10,10,3,0,0
44.5909,-1.0,10,4,3,0,0
44.6591,-1.0,10,10,3,0,0
44.7273,-1.0,10,4,3,0,0
44.8636,-1.0,20,7,3,0,0
44.9318,-1.0,10,1,3,0,0
45.0,-1.0,10,7,3,0,0
45.0682,-1.0,10,1,3,0,0
45.1364,-1.0,10,7,3,0,0
45.2727,-1.0,10,4,3,0,0
45.4091,-1.0,10,7,3,0,0
45.5455,-1.0,10,1,3,0,0
45.6818,-1.0,10,1,3,0,0
45.8182,-1.0,20,10,3,0,0
45.8864,-1.0,10,4,3,0,0
45.9545,-1.0,10,7,3,0,0
46.0227,-1.0,10,4,3,0,0
46.0909,-1.0,10,10,3,0,0
46.2273,-1.0,20,1,3,0,0
46.2955,-1.0,10,7,3,0,0
46.3636,-1.0,10,4,3,0,0
46.4318,-1.0,10,7,3,0,0
46.5000,-1.0,10,1,3,0,0
46.6364,-1.0,20,10,3,0,0
46.7045,-1.0,10,4,3,0,0
46.7727,-1.0,10,7,3,0,0
46.8409,-1.0,10,4,3,0,0
46.9091,-1.0,10,10,3,0,0
47.0455,-1.0,20,1,3,0,0
47.1136,-1.0,10,7,3,0,0
47.1818,-1.0,10,4,3,0,0
47.2500,-1.0,10,7,3,0,0
47.3182,-1.0,10,1,3,0,0
47.4545,-1.0,81,1,3,0,0
47.4545,47.7273,101,1,3,0,0
47.4545,-1.0,81,10,3,0,0
47.4545,47.7273,101,10,3,0,0
47.4886,-1.0,30,10,3,0,0
47.5227,-1.0,30,1,3,0,0
47.5568,-1.0,30,10,3,0,0
47.5909,-1.0,900,1,3,0,0
47.5909,-1.0,30,1,3,0,0
47.5909,-1.0,900,10,3,0,0
47.6250,-1.0,30,10,3,0,0
47.6591,-1.0,30,1,3,0,0
47.6932,-1.0,30,10,3,0,0
48.0,-1.0,50,1,3,0,0
48.0,-1.0,50,10,3,0,0
48.2727,-1.0,10,10,3,0,0
48.4091,-1.0,10,4,3,0,0
48.5455,-1.0,10,1,3,0,0
48.5455,-1.0,10,7,3,0,0
48.8182,-1.0,10,1,3,0,0
48.8182,-1.0,10,10,3,0,0
49.0909,-1.0,10,7,3,0,0
49.3636,-1.0,10,1,3,0,0
49.5000,-1.0,10,7,3,0,0
49.6364,-1.0,10,4,3,0,0
49.6364,-1.0,10,10,3,0,0
49.9091,-1.0,10,1,3,0,0
49.9091,-1.0,10,10,3,0,0
50.1818,-1.0,82,7,3,0,0
50.1818,50.4545,110,7,3,JumpScratch,3
50.3182,-1.0,10,1,3,0,0
50.3182,-1.0,900,7,3,0,0
50.4545,-1.0,82,4,3,0,0
50.4545,50.7273,110,4,3,JumpScratch,-4
50.5909,-1.0,900,4,3,0,0
50.5909,-1.0,10,10,3,0,0
50.7273,-1.0,82,7,3,0,0
50.7273,51.0,110,7,3,JumpScratch,5
50.8636,-1.0,10,1,3,0,0
50.8636,-1.0,900,7,3,0,0
51.0,-1.0,82,4,3,0,0
51.0,51.2727,110,4,3,JumpScratch,-6
51.1364,-1.0,900,4,3,0,0
51.1364,-1.0,10,10,3,0,0
51.2727,-1.0,10,7,4,0,0
51.5455,-1.0,10,4,3,0,0
51.8182,-1.0,10,9,4,0,0
51.9545,-1.0,10,5,4,0,0
52.0909,-1.0,10,1,4,0,0
52.3636,-1.0,83,4,3,0,0
52.3636,52.7727,110,4,3,JumpScratch,-6
52.3636,-1.0,50,8,4,0,0
52.5000,-1.0,900,4,3,0,0
52.6364,-1.0,900,4,3,0,0
52.6364,-1.0,10,10,3,0,0
52.7727,53.1818,110,1,3,JumpScratch,5
52.7727,-1.0,50,9,4,0,0
52.9091,-1.0,900,1,3,0,0
53.0455,-1.0,900,1,3,0,0
53.0455,-1.0,10,7,3,0,0
53.1818,-1.0,83,7,3,0,0
53.1818,53.5909,110,7,3,JumpScratch,6
53.3182,-1.0,900,7,3,0,0
53.4545,-1.0,10,4,3,0,0
53.4545,-1.0,900,7,3,0,0
53.5909,-1.0,50,3,4,0,0
53.5909,54.0,110,10,3,JumpScratch,-6
53.7273,-1.0,900,10,3,0,0
53.8636,-1.0,10,1,3,0,0
53.8636,-1.0,900,10,3,0,0
54.0,-1.0,83,1,3,0,0
54.0,54.2727,110,1,3,JumpScratch,6
54.0,54.2727,110,7,3,JumpScratch,6
54.1364,-1.0,900,1,3,0,0
54.1364,-1.0,900,7,3,0,0
54.2727,54.5455,110,4,3,JumpScratch,-6
54.2727,54.5455,110,10,3,JumpScratch,-6
54.4091,-1.0,900,4,3,0,0
54.4091,-1.0,900,10,3,0,0
54.5455,56.4545,110,1,3,0,0
54.5455,56.4545,110,7,3,0,0
54.6818,-1.0,900,1,3,0,0
54.6818,-1.0,900,7,3,0,0
54.8182,-1.0,900,1,3,0,0
54.8182,-1.0,900,7,3,0,0
54.9545,-1.0,900,1,3,0,0
54.9545,-1.0,900,7,3,0,0
55.0909,-1.0,900,1,3,0,0
55.0909,-1.0,900,7,3,0,0
55.2273,-1.0,900,1,3,0,0
55.2273,-1.0,900,7,3,0,0
55.3636,-1.0,900,1,3,0,0
55.3636,-1.0,900,7,3,0,0
55.5000,-1.0,900,1,3,0,0
55.5000,-1.0,900,7,3,0,0
55.6364,-1.0,900,1,3,0,0
55.6364,-1.0,900,7,3,0,0
55.7727,-1.0,900,1,3,0,0
55.7727,-1.0,900,7,3,0,0
55.9091,-1.0,900,1,3,0,0
55.9091,-1.0,900,7,3,0,0
56.0455,-1.0,900,1,3,0,0
56.0455,-1.0,900,7,3,0,0
56.1818,-1.0,900,1,3,0,0
56.1818,-1.0,900,7,3,0,0
56.3182,-1.0,900,1,3,0,0
56.3182,-1.0,900,7,3,0,0
56.7273,-1.0,20,7,6,0,0
56.8636,-1.0,10,1,3,0,0
57.0,-1.0,10,7,3,0,0
57.1364,-1.0,20,1,6,0,0
57.2727,-1.0,10,10,3,0,0
57.4091,-1.0,10,4,3,0,0
57.4773,-1.0,10,7,3,0,0
57.5455,-1.0,20,1,6,0,0
57.6818,-1.0,10,10,3,0,0
57.8182,-1.0,10,4,3,0,0
57.9545,-1.0,20,7,6,0,0
58.0909,-1.0,10,1,3,0,0
58.2273,-1.0,10,7,3,0,0
58.3636,-1.0,82,1,3,0,0
58.3636,58.9091,110,1,3,0,0
58.3636,-1.0,82,10,3,0,0
58.3636,58.9091,110,10,3,0,0
58.5000,-1.0,900,1,3,0,0
58.5000,-1.0,900,10,3,0,0
58.6364,-1.0,900,1,3,0,0
58.6364,-1.0,900,10,3,0,0
58.7727,-1.0,900,1,3,0,0
58.7727,-1.0,900,10,3,0,0
59.0455,-1.0,10,10,3,0,0
59.1818,-1.0,10,1,3,0,0
59.1818,-1.0,10,7,3,0,0
59.3182,-1.0,10,1,3,0,0
59.4545,-1.0,10,4,3,0,0
59.4545,-1.0,10,10,3,0,0
59.5909,-1.0,10,7,3,0,0
59.7273,-1.0,50,1,3,0,0
60.0,-1.0,10,7,3,0,0
60.1364,-1.0,10,1,3,0,0
60.2727,-1.0,10,4,3,0,0
60.2727,-1.0,10,10,3,0,0
60.4091,-1.0,10,7,3,0,0
60.5455,-1.0,10,4,3,0,0
60.5455,-1.0,81,10,3,0,0
60.5455,60.8182,101,10,3,0,0
60.6818,-1.0,900,10,3,0,0
60.8182,-1.0,50,1,3,0,0
61.0909,-1.0,10,4,3,0,0
61.2273,-1.0,10,10,3,0,0
61.3636,-1.0,10,1,3,0,0
61.3636,-1.0,10,7,3,0,0
61.5000,-1.0,10,4,3,0,0
61.6364,-1.0,20,1,3,0,0
61.6364,-1.0,20,10,3,0,0
61.9091,-1.0,10,7,3,0,0
62.0455,-1.0,10,4,3,0,0
62.1818,-1.0,50,1,3,0,0
62.1818,-1.0,81,7,3,0,0
62.1818,62.3182,101,7,3,0,0
62.4545,-1.0,81,4,3,0,0
62.4545,62.5909,101,4,3,0,0
62.4545,-1.0,50,10,3,0,0
62.7273,-1.0,50,1,3,0,0
62.7273,-1.0,20,7,3,0,0
62.8636,-1.0,10,7,3,0,0
63.0,-1.0,20,4,3,0,0
63.0,-1.0,50,10,3,0,0
63.1364,-1.0,10,4,3,0,0
63.2727,-1.0,50,1,3,0,0
63.2727,-1.0,50,10,3,0,0
63.5455,-1.0,10,4,3,0,0
63.6818,-1.0,10,7,3,0,0
63.8182,-1.0,10,4,3,0,0
63.8182,-1.0,10,10,3,0,0
64.0909,-1.0,10,4,3,0,0
64.0909,-1.0,82,7,3,0,0
64.0909,64.3636,110,7,3,0,0
64.2273,-1.0,900,7,3,0,0
64.3636,-1.0,10,4,3,0,0
64.6364,-1.0,10,4,3,0,0
64.6364,-1.0,10,10,3,0,0
64.7727,-1.0,10,7,3,0,0
64.9091,-1.0,10,4,3,0,0
65.1818,-1.0,10,4,3,0,0
65.1818,-1.0,82,10,3,0,0
65.1818,65.4545,110,10,3,0,0
65.3182,-1.0,900,10,3,0,0
65.4545,-1.0,10,4,3,0,0
65.7273,-1.0,80,4,3,0,0
65.7273,66.0,100,4,3,0,0
65.7273,-1.0,10,10,3,0,0
65.8636,-1.0,900,4,3,0,0
66.0,-1.0,80,7,3,0,0
66.0,66.2727,100,7,3,0,0
66.1364,-1.0,900,7,3,0,0
66.2727,-1.0,10,1,3,0,0
66.4091,-1.0,10,7,3,0,0
66.5455,-1.0,20,4,3,0,0
66.5455,-1.0,50,10,3,0,0
66.6818,-1.0,10,4,3,0,0
66.8182,-1.0,50,1,3,0,0
66.8182,-1.0,20,7,3,0,0
66.9545,-1.0,10,7,3,0,0
67.0909,-1.0,20,10,3,0,0
67.1591,-1.0,20,1,3,0,0
67.2273,-1.0,20,10,3,0,0
67.2955,-1.0,20,1,3,0,0
67.3636,-1.0,20,7,3,0,0
67.4318,-1.0,20,4,3,0,0
67.5000,-1.0,20,7,3,0,0
67.5682,-1.0,20,4,3,0,0
67.6364,-1.0,20,10,3,0,0
67.7727,-1.0,20,10,3,0,0
67.9091,-1.0,20,4,3,0,0
68.0455,-1.0,20,4,3,0,0
68.1818,-1.0,50,1,3,0,0
68.1818,-1.0,20,7,3,0,0
68.3182,-1.0,20,7,3,0,0
68.4545,-1.0,20,4,3,0,0
68.4545,-1.0,50,10,3,0,0
68.7273,-1.0,10,10,3,0,0
68.8636,-1.0,10,4,3,0,0
69.0,-1.0,10,1,3,0,0
69.0,-1.0,10,7,3,0,0
69.1364,-1.0,10,10,3,0,0
69.2727,-1.0,81,1,3,0,0
69.2727,69.5455,101,1,3,0,0
69.2727,-1.0,10,7,3,0,0
69.4091,-1.0,900,1,3,0,0
69.5455,-1.0,50,10,3,0,0
69.8182,-1.0,10,7,3,0,0
69.9545,-1.0,10,1,3,0,0
70.0909,-1.0,10,4,3,0,0
70.0909,-1.0,10,10,3,0,0
70.2273,-1.0,10,7,3,0,0
70.3636,-1.0,20,1,3,0,0
70.3636,-1.0,20,10,3,0,0
70.6364,-1.0,10,4,3,0,0
70.7727,-1.0,10,7,3,0,0
70.9091,-1.0,20,4,3,0,0
70.9091,-1.0,50,10,3,0,0
71.0455,-1.0,10,4,3,0,0
71.1818,-1.0,50,1,3,0,0
71.1818,-1.0,20,7,3,0,0
71.3182,-1.0,10,7,3,0,0
71.4545,-1.0,81,4,3,0,0
71.4545,71.5909,101,4,3,0,0
71.4545,-1.0,50,10,3,0,0
71.7273,-1.0,50,1,3,0,0
71.7273,-1.0,81,7,3,0,0
71.7273,71.8636,101,7,3,0,0
72.0,-1.0,83,1,3,0,0
72.0,72.1364,110,1,3,0,0
72.0,-1.0,83,10,3,0,0
72.0,72.1364,110,10,3,0,0
72.4091,-1.0,10,4,3,0,0
72.5455,-1.0,10,1,3,0,0
72.5455,-1.0,10,7,3,0,0
72.8182,-1.0,82,4,3,0,0
72.8182,73.0909,110,4,3,0,0
72.8182,-1.0,10,7,3,0,0
72.9545,-1.0,900,4,3,0,0
73.0909,-1.0,10,7,3,0,0
73.3636,-1.0,50,4,3,0,0
73.3636,-1.0,80,10,3,0,0
73.3636,73.6364,100,10,3,0,0
73.5000,-1.0,900,10,3,0,0
73.6364,-1.0,80,4,3,0,0
73.6364,73.9091,100,4,3,0,0
73.7727,-1.0,900,4,3,0,0
73.9091,-1.0,82,7,3,0,0
73.9091,74.1818,110,7,3,0,0
74.0455,-1.0,900,7,3,0,0
74.1818,-1.0,10,4,3,0,0
74.4545,-1.0,50,4,3,0,0
74.4545,-1.0,20,7,3,0,0
74.7273,-1.0,20,4,3,0,0
74.7273,-1.0,50,7,3,0,0
75.0,-1.0,50,4,3,0,0
75.0,-1.0,20,7,3,0,0
75.2727,-1.0,50,1,3,0,0
75.2727,-1.0,50,10,3,0,0
75.5455,-1.0,50,1,3,0,0
75.5455,-1.0,50,10,3,0,0
75.8182,-1.0,83,1,3,0,0
75.8182,76.3636,110,1,3,0,0
75.8182,-1.0,83,10,3,0,0
75.8182,76.3636,110,10,3,0,0
75.9545,-1.0,900,1,3,0,0
75.9545,-1.0,900,10,3,0,0
76.0909,-1.0,900,1,3,0,0
76.0909,-1.0,900,10,3,0,0
76.2273,-1.0,900,1,3,0,0
76.2273,-1.0,900,10,3,0,0
76.6364,-1.0,10,5,2,0,0
76.9091,-1.0,10,2,2,0,0
77.1818,-1.0,10,4,2,0,0
77.4545,-1.0,10,1,2,0,0
77.7273,-1.0,10,7,2,0,0
78.0,-1.0,10,10,2,0,0
78.2727,-1.0,10,8,2,0,0
78.5455,-1.0,10,11,2,0,0
78.8182,-1.0,82,4,2,0,0
78.8182,79.0909,110,4,2,JumpScratch,-4
78.8182,-1.0,82,8,2,0,0
78.8182,79.0909,110,8,2,JumpScratch,4
78.9545,-1.0,900,4,2,0,0
78.9545,-1.0,900,8,2,0,0
79.0909,79.3636,110,2,2,JumpScratch,4
79.0909,79.3636,110,10,2,JumpScratch,-4
79.2273,-1.0,900,2,2,0,0
79.2273,-1.0,900,10,2,0,0
79.3636,79.6364,110,4,2,JumpScratch,-5
79.3636,79.6364,110,8,2,JumpScratch,5
79.5000,-1.0,900,4,2,0,0
79.5000,-1.0,900,8,2,0,0
79.6364,79.9091,110,1,2,JumpScratch,5
79.6364,79.9091,110,11,2,JumpScratch,-5
79.7727,-1.0,900,1,2,0,0
79.7727,-1.0,900,11,2,0,0
79.9091,80.1818,110,4,2,JumpScratch,-5
79.9091,80.1818,110,8,2,JumpScratch,5
80.0455,-1.0,900,4,2,0,0
80.0455,-1.0,900,8,2,0,0
80.4545,-1.0,20,1,6,0,0
80.4545,-1.0,20,7,6,0,0
80.7273,-1.0,10,9,4,0,0
80.8636,-1.0,10,5,4,0,0
81.0,-1.0,10,1,4,0,0
81.1364,-1.0,82,5,4,0,0
81.1364,81.4091,110,5,4,0,0
81.2727,-1.0,900,5,4,0,0
81.6818,-1.0,82,4,3,0,0
81.6818,82.0909,110,4,3,JumpScratch,-6
81.6818,-1.0,82,10,3,0,0
81.6818,81.9545,110,10,3,JumpScratch,-6
81.8182,-1.0,900,4,3,0,0
81.8182,-1.0,900,10,3,0,0
81.9545,-1.0,900,4,3,0,0
81.9545,82.3636,110,7,3,JumpScratch,6
82.0909,82.3636,110,1,3,JumpScratch,6
82.0909,-1.0,900,7,3,0,0
82.2273,-1.0,900,1,3,0,0
82.2273,-1.0,900,7,3,0,0
82.3636,82.6364,110,4,3,JumpScratch,-5
82.3636,82.6364,110,10,3,JumpScratch,-5
82.5000,-1.0,900,4,3,0,0
82.5000,-1.0,900,10,3,0,0
82.9091,-1.0,10,4,3,0,0
82.9091,-1.0,10,10,3,0,0
83.0455,-1.0,10,7,3,0,0
83.1818,-1.0,10,1,3,0,0
83.1818,-1.0,10,7,3,0,0
83.3182,-1.0,10,4,3,0,0
83.4545,-1.0,10,9,4,0,0
83.5909,-1.0,10,5,4,0,0
83.7273,-1.0,10,1,4,0,0
83.8636,-1.0,50,5,4,0,0
84.1364,-1.0,50,1,4,0,0
84.1364,-1.0,50,9,4,0,0
84.4091,-1.0,83,5,4,0,0
84.4091,84.6818,110,5,4,0,0
84.5455,-1.0,900,5,4,0,0
84.8182,-1.0,10,3,3,0,0
84.8864,-1.0,10,7,3,0,0
84.9545,-1.0,10,3,3,0,0
85.0227,-1.0,10,7,3,0,0
85.0909,-1.0,10,1,4,0,0
85.2273,-1.0,10,5,4,0,0
85.3636,-1.0,10,9,4,0,0
85.5000,-1.0,82,5,4,0,0
85.5000,85.7727,110,5,4,0,0
85.6364,-1.0,900,5,4,0,0
86.0455,-1.0,82,1,3,0,0
86.0455,86.3182,110,1,3,JumpScratch,6
86.0455,-1.0,82,7,3,0,0
86.0455,86.4545,110,7,3,JumpScratch,6
86.1818,-1.0,900,1,3,0,0
86.1818,-1.0,900,7,3,0,0
86.3182,86.7273,110,4,3,JumpScratch,-6
86.3182,-1.0,900,7,3,0,0
86.4545,-1.0,900,4,3,0,0
86.4545,86.7273,110,10,3,JumpScratch,-6
86.5909,-1.0,900,4,3,0,0
86.5909,-1.0,900,10,3,0,0
86.7273,87.0,110,1,3,JumpScratch,5
86.7273,87.0,110,7,3,JumpScratch,5
86.8636,-1.0,900,1,3,0,0
86.8636,-1.0,900,7,3,0,0
87.2727,-1.0,10,10,3,0,0
87.4091,-1.0,10,7,3,0,0
87.5455,-1.0,50,3,4,0,0
87.6818,-1.0,10,7,4,0,0
87.8182,-1.0,10,1,3,0,0
87.9545,-1.0,10,4,3,0,0
88.0909,-1.0,50,7,4,0,0
88.2273,-1.0,10,3,4,0,0
88.3636,-1.0,83,1,3,0,0
88.3636,88.6364,110,1,3,0,0
88.3636,-1.0,83,10,3,0,0
88.3636,88.6364,110,10,3,0,0
88.5000,-1.0,900,1,3,0,0
88.5000,-1.0,900,10,3,0,0
88.9091,-1.0,10,7,3,0,0
88.9773,-1.0,10,4,3,0,0
89.0455,-1.0,10,7,3,0,0
89.1136,-1.0,10,4,3,0,0
89.1818,-1.0,10,7,3,0,0
89.2500,-1.0,10,4,3,0,0
89.3182,-1.0,10,7,3,0,0
89.3864,-1.0,10,4,3,0,0
89.4545,-1.0,81,7,3,0,0
89.4545,89.7273,101,7,3,0,0
89.5909,-1.0,900,7,3,0,0
89.7273,-1.0,10,4,3,0,0
89.8636,-1.0,10,7,3,0,0
90.0,-1.0,81,1,3,0,0
90.0,90.2727,101,1,3,0,0
90.0,-1.0,81,10,3,0,0
90.0,90.2727,101,10,3,0,0
90.1364,-1.0,900,1,3,0,0
90.1364,-1.0,900,10,3,0,0
90.4091,-1.0,10,4,3,0,0
90.4773,-1.0,10,7,3,0,0
90.5455,-1.0,81,1,3,0,0
90.5455,91.0909,101,1,3,0,0
90.6818,-1.0,900,1,3,0,0
90.8182,-1.0,900,1,3,0,0
90.8182,-1.0,10,7,3,0,0
90.9545,-1.0,900,1,3,0,0
91.0909,-1.0,50,10,3,0,0
91.3636,-1.0,80,4,3,0,0
91.3636,91.6364,100,4,3,0,0
91.5000,-1.0,900,4,3,0,0
91.6364,-1.0,81,10,3,0,0
91.6364,91.9091,101,10,3,0,0
91.7727,-1.0,900,10,3,0,0
92.0455,-1.0,10,4,3,0,0
92.1136,-1.0,10,7,3,0,0
92.1818,-1.0,81,1,3,0,0
92.1818,92.4545,101,1,3,0,0
92.3182,-1.0,900,1,3,0,0
92.4545,-1.0,10,7,3,0,0
92.7273,-1.0,80,4,3,0,0
92.7273,93.0,100,4,3,0,0
92.7273,-1.0,83,10,3,0,0
92.7273,93.0,110,10,3,0,0
92.8636,-1.0,900,4,3,0,0
92.8636,-1.0,900,10,3,0,0
93.1364,-1.0,10,4,3,0,0
93.2045,-1.0,10,7,3,0,0
93.2727,-1.0,83,1,3,0,0
93.2727,93.5455,110,1,3,0,0
93.4091,-1.0,900,1,3,0,0
93.5455,-1.0,83,10,3,0,0
93.5455,93.8182,110,10,3,0,0
93.6818,-1.0,900,10,3,0,0
93.8182,-1.0,20,1,3,0,0
93.9545,-1.0,10,4,3,0,0
94.0909,-1.0,10,7,3,0,0
94.2273,-1.0,50,1,3,0,0
94.2273,-1.0,20,10,3,0,0
94.3636,-1.0,10,7,3,0,0
94.5000,-1.0,10,4,3,0,0
94.6364,-1.0,50,1,3,0,0
94.6364,-1.0,20,10,3,0,0
94.7727,-1.0,10,7,3,0,0
94.9091,-1.0,10,4,3,0,0
95.0455,-1.0,20,1,3,0,0
95.0455,-1.0,50,10,3,0,0
95.1818,-1.0,10,4,3,0,0
95.3182,-1.0,10,7,3,0,0
95.4545,-1.0,20,10,3,0,0
95.5227,-1.0,10,4,3,0,0
95.5909,-1.0,10,10,3,0,0
95.6591,-1.0,10,4,3,0,0
95.7273,-1.0,20,7,3,0,0
95.7955,-1.0,10,1,3,0,0
95.8636,-1.0,10,7,3,0,0
95.9318,-1.0,10,1,3,0,0
96.0,-1.0,81,10,3,0,0
96.0,96.2727,101,10,3,0,0
96.1364,-1.0,900,10,3,0,0
96.4091,-1.0,10,4,3,0,0
96.4773,-1.0,10,7,3,0,0
96.5455,-1.0,81,4,3,0,0
96.5455,96.8182,101,4,3,0,0
96.6818,-1.0,900,4,3,0,0
96.8182,-1.0,50,7,3,0,0
97.0909,-1.0,81,1,3,0,0
97.0909,98.1818,101,1,3,0,0
97.0909,-1.0,81,10,3,0,0
97.0909,98.1818,101,10,3,0,0
97.2273,-1.0,900,1,3,0,0
97.2273,-1.0,900,10,3,0,0
97.3636,-1.0,900,1,3,0,0
97.3636,-1.0,900,10,3,0,0
97.5000,-1.0,900,1,3,0,0
97.5000,-1.0,900,10,3,0,0
97.6364,-1.0,900,1,3,0,0
97.6364,-1.0,900,10,3,0,0
97.7727,-1.0,900,1,3,0,0
97.7727,-1.0,900,10,3,0,0
97.9091,-1.0,900,1,3,0,0
97.9091,-1.0,900,10,3,0,0
98.0455,-1.0,900,1,3,0,0
98.0455,-1.0,900,10,3,0,0
98.4545,-1.0,10,5,2,0,0
98.7273,-1.0,10,11,2,0,0
99.0,-1.0,10,8,2,0,0
99.2727,-1.0,10,5,2,0,0
99.5455,-1.0,10,10,2,0,0
99.6818,-1.0,10,3,2,0,0
99.8182,-1.0,10,7,2,0,0
100.0909,-1.0,10,4,2,0,0
100.3636,-1.0,10,1,2,0,0
100.6364,-1.0,10,2,2,0,0
100.9091,-1.0,10,6,2,0,0
101.1818,-1.0,10,10,2,0,0
101.4545,-1.0,10,8,2,0,0
101.7273,-1.0,10,6,2,0,0
102.0,-1.0,10,4,2,0,0
102.1364,-1.0,10,7,2,0,0
102.2045,-1.0,10,5,2,0,0
102.2727,-1.0,50,7,6,0,0