0.0,-1.0,10,1,2,0,0
12.9022,12.9022,0,0,0,11,1010
0.1630,-1.0,10,8,2,0,0
54.6413,54.6413,0,0,0,11,1020
0.4891,-1.0,10,4,2,0,0
57.2500,75.4891,0,0,0,14,1010
0.8152,-1.0,10,11,2,0,0
80.7283,80.7283,0,0,0,11,10020
1.1413,-1.0,10,8,2,0,0
122.4674,122.4674,0,0,0,11,1020
1.3043,-1.0,10,4,2,0,0
125.0761,143.3152,0,0,0,14,1010
1.4674,-1.0,10,11,2,0,0
188.9891,188.9891,0,0,0,11,1010
1.7935,-1.0,10,4,2,0,0
199.4239,199.4239,0,0,0,11,1010
1.9565,-1.0,10,8,2,0,0
213.7717,213.7717,0,0,0,11,10020
2.1196,-1.0,10,1,2,0,0
228.4457,228.4457,0,0,0,11,10210
2.6087,-1.0,10,8,2,0,0
2.7717,-1.0,10,2,2,0,0
2.9348,-1.0,10,10,2,0,0
3.0978,-1.0,10,4,2,0,0
3.4239,-1.0,10,11,2,0,0
3.7500,-1.0,10,4,2,0,0
3.9130,-1.0,10,8,2,0,0
4.0761,-1.0,10,1,2,0,0
4.4022,-1.0,10,8,2,0,0
4.5652,-1.0,10,4,2,0,0
4.7283,-1.0,82,11,2,0,0
4.7283,5.0543,110,11,2,0,0
4.8913,-1.0,900,11,2,0,0
5.3804,-1.0,10,7,3,0,0
5.5435,-1.0,10,4,3,0,0
5.7065,-1.0,80,10,3,0,0
5.7065,6.0326,100,10,3,0,0
5.8696,-1.0,900,10,3,0,0
6.0326,-1.0,80,1,3,0,0
6.0326,6.3587,100,1,3,0,0
6.1957,-1.0,900,1,3,0,0
6.3587,-1.0,10,7,3,0,0
6.5217,-1.0,10,4,3,0,0
6.6848,-1.0,80,10,3,0,0
6.6848,7.0109,100,10,3,0,0
6.8478,-1.0,900,10,3,0,0
7.0109,-1.0,80,1,3,0,0
7.0109,7.3370,100,1,3,0,0
7.1739,-1.0,900,1,3,0,0
7.3370,-1.0,10,10,3,0,0
7.5000,-1.0,10,4,3,0,0
7.6630,-1.0,80,7,3,0,0
7.6630,7.9891,100,7,3,0,0
7.8261,-1.0,900,7,3,0,0
8.3152,-1.0,10,1,3,0,0
8.4783,-1.0,10,7,3,0,0
8.6413,-1.0,80,4,3,0,0
8.6413,8.9674,100,4,3,0,0
8.8043,-1.0,900,4,3,0,0
8.9674,-1.0,80,10,3,0,0
8.9674,9.2935,100,10,3,0,0
9.1304,-1.0,900,10,3,0,0
9.2935,-1.0,50,1,3,0,0
10.5978,-1.0,20,9,4,0,0
10.9239,-1.0,20,9,4,0,0
11.2500,-1.0,83,1,4,0,0
11.2500,11.5761,110,1,4,0,0
11.2908,-1.0,31,1,4,0,0
11.3315,-1.0,31,1,4,0,0
11.3723,-1.0,31,1,4,0,0
11.4130,-1.0,900,1,4,0,0
11.4130,-1.0,31,1,4,0,0
11.4538,-1.0,31,1,4,0,0
11.4946,-1.0,31,1,4,0,0
11.5353,-1.0,31,1,4,0,0
11.9022,-1.0,10,9,4,0,0
12.2283,-1.0,50,1,4,0,0
12.5543,-1.0,82,7,3,0,0
12.5543,12.7174,110,7,3,JumpScratch,6
12.7174,12.8804,110,10,3,JumpScratch,-6
12.8804,13.0435,110,7,3,JumpScratch,6
13.2065,-1.0,10,1,4,0,0
13.5326,-1.0,82,4,3,0,0
13.5326,14.0217,110,4,3,JumpScratch,-6
13.5326,-1.0,82,10,3,0,0
13.5326,13.8587,110,10,3,JumpScratch,-6
13.6957,-1.0,900,4,3,0,0
13.6957,-1.0,900,10,3,0,0
13.8587,-1.0,900,4,3,0,0
13.8587,14.1848,110,7,3,JumpScratch,6
14.0217,14.3478,110,1,3,JumpScratch,6
14.0217,-1.0,900,7,3,0,0
14.1848,-1.0,900,1,3,0,0
14.5109,-1.0,10,9,4,0,0
14.8370,-1.0,50,1,4,0,0
15.1630,-1.0,82,7,3,0,0
15.1630,15.3261,110,7,3,JumpScratch,6
15.3261,15.4891,110,10,3,JumpScratch,-6
15.4891,15.6522,110,7,3,JumpScratch,6
15.8152,-1.0,10,1,4,0,0
16.1413,-1.0,82,1,3,0,0
16.1413,16.4674,110,1,3,JumpScratch,6
16.1413,-1.0,82,10,3,0,0
16.1413,16.6304,110,10,3,JumpScratch,-6
16.3043,-1.0,900,1,3,0,0
16.3043,-1.0,900,10,3,0,0
16.4674,16.7935,110,4,3,JumpScratch,-6
16.4674,-1.0,900,10,3,0,0
16.6304,-1.0,900,4,3,0,0
16.6304,16.9565,110,7,3,JumpScratch,6
16.7935,-1.0,900,7,3,0,0
17.1196,-1.0,10,1,4,0,0
17.4457,-1.0,50,9,4,0,0
17.7717,-1.0,82,4,3,0,0
17.7717,17.9348,110,4,3,JumpScratch,-6
17.9348,18.0978,110,1,3,JumpScratch,6
18.0978,18.2609,110,4,3,JumpScratch,-6
18.4239,-1.0,10,9,4,0,0
18.7500,-1.0,82,1,3,0,0
18.7500,19.0761,110,1,3,JumpScratch,6
18.7500,-1.0,82,7,3,0,0
18.7500,19.2391,110,7,3,JumpScratch,6
18.9130,-1.0,900,1,3,0,0
18.9130,-1.0,900,7,3,0,0
19.0761,19.4022,110,4,3,JumpScratch,-6
19.0761,-1.0,900,7,3,0,0
19.2391,-1.0,900,4,3,0,0
19.2391,19.5652,110,10,3,JumpScratch,-6
19.4022,-1.0,900,10,3,0,0
19.7283,-1.0,10,3,4,0,0
20.0543,-1.0,10,7,4,0,0
20.3804,-1.0,10,1,4,0,0
20.5435,-1.0,10,9,4,0,0
20.7065,-1.0,10,1,4,0,0
21.0326,-1.0,10,7,4,0,0
21.1957,-1.0,10,3,4,0,0
21.3587,-1.0,10,7,4,0,0
21.5217,-1.0,10,3,4,0,0
21.8478,-1.0,82,1,4,0,0
21.8478,22.0109,110,1,4,0,0
21.8478,-1.0,82,9,4,0,0
21.8478,22.0109,110,9,4,0,0
22.6630,-1.0,80,7,3,0,0
22.6630,22.9891,100,7,3,0,0
22.8261,-1.0,900,7,3,0,0
22.9891,-1.0,10,1,3,0,0
23.1522,-1.0,10,7,3,0,0
23.3152,-1.0,10,4,3,0,0
23.4783,-1.0,10,10,3,0,0
23.6413,-1.0,10,4,3,0,0
23.8043,-1.0,80,10,3,0,0
23.8043,24.1304,100,10,3,0,0
23.9674,-1.0,900,10,3,0,0
24.1304,-1.0,80,4,3,0,0
24.1304,24.4565,100,4,3,0,0
24.2935,-1.0,900,4,3,0,0
24.4565,-1.0,80,7,3,0,0
24.4565,24.7826,100,7,3,0,0
24.6196,-1.0,900,7,3,0,0
24.7826,-1.0,50,1,4,0,0
25.2717,-1.0,83,7,3,0,0
25.2717,25.5978,110,7,3,JumpScratch,6
25.4348,-1.0,900,7,3,0,0
25.5978,-1.0,83,1,3,0,0
25.5978,25.7609,110,1,3,JumpScratch,5
25.5978,25.7609,110,10,3,JumpScratch,-5
26.0870,-1.0,83,1,3,0,0
26.0870,26.4130,110,1,3,JumpScratch,6
26.0870,-1.0,83,10,3,0,0
26.0870,26.4130,110,10,3,JumpScratch,-6
26.2500,-1.0,900,1,3,0,0
26.2500,-1.0,900,10,3,0,0
26.4130,26.7391,110,4,3,JumpScratch,-6
26.4130,26.7391,110,7,3,JumpScratch,6
26.5761,-1.0,900,4,3,0,0
26.5761,-1.0,900,7,3,0,0
26.7391,27.2283,110,1,3,JumpScratch,6
26.7391,27.2283,110,10,3,JumpScratch,-6
26.9022,-1.0,900,1,3,0,0
26.9022,-1.0,900,10,3,0,0
27.0652,-1.0,900,1,3,0,0
27.0652,-1.0,900,10,3,0,0
27.2283,27.3913,110,4,3,JumpScratch,-6
27.2283,27.3913,110,7,3,JumpScratch,6
27.8804,-1.0,10,1,3,0,0
28.0435,-1.0,10,7,3,0,0
28.2065,-1.0,10,4,3,0,0
28.3696,-1.0,10,10,3,0,0
28.5326,-1.0,10,4,3,0,0
28.6957,-1.0,10,7,3,0,0
28.8587,-1.0,80,4,3,0,0
28.8587,29.1848,100,4,3,0,0
29.0217,-1.0,900,4,3,0,0
29.1848,-1.0,10,7,3,0,0
29.3478,-1.0,80,1,3,0,0
29.3478,29.6739,100,1,3,0,0
29.5109,-1.0,900,1,3,0,0
29.6739,-1.0,80,7,3,0,0
29.6739,30.0,100,7,3,0,0
29.8370,-1.0,900,7,3,0,0
30.0,-1.0,50,1,4,0,0
30.4891,-1.0,83,1,3,0,0
30.4891,30.8152,110,1,3,JumpScratch,6
30.6522,-1.0,900,1,3,0,0
30.8152,30.9783,110,4,3,JumpScratch,-6
30.8152,-1.0,83,7,3,0,0
30.8152,30.9783,110,7,3,JumpScratch,6
31.3043,-1.0,83,1,3,0,0
31.3043,31.6304,110,1,3,JumpScratch,6
31.3043,-1.0,83,10,3,0,0
31.3043,31.6304,110,10,3,JumpScratch,-6
31.4674,-1.0,900,1,3,0,0
31.4674,-1.0,900,10,3,0,0
31.6304,31.7935,110,4,3,JumpScratch,-6
31.6304,31.7935,110,7,3,JumpScratch,6
31.7935,31.9565,110,1,3,JumpScratch,6
31.7935,31.9565,110,10,3,JumpScratch,-6
31.9565,32.4457,110,4,3,JumpScratch,-6
31.9565,32.4457,110,7,3,JumpScratch,6
32.1196,-1.0,900,4,3,0,0
32.1196,-1.0,900,7,3,0,0
32.2826,-1.0,900,4,3,0,0
32.2826,-1.0,900,7,3,0,0
33.0978,-1.0,10,7,3,0,0
33.2609,-1.0,10,4,3,0,0
33.4239,-1.0,50,7,4,0,0
33.9130,-1.0,10,4,3,0,0
34.0761,-1.0,80,10,3,0,0
34.0761,34.4022,100,10,3,0,0
34.2391,-1.0,900,10,3,0,0
34.4022,-1.0,80,4,3,0,0
34.4022,34.7283,100,4,3,0,0
34.5652,-1.0,900,4,3,0,0
34.7283,-1.0,80,7,3,0,0
34.7283,35.0543,100,7,3,0,0
34.8913,-1.0,900,7,3,0,0
35.0543,-1.0,10,4,3,0,0
35.2174,-1.0,10,7,3,0,0
35.3804,-1.0,83,1,3,0,0
35.3804,35.7065,110,1,3,JumpScratch,5
35.3804,-1.0,83,10,3,0,0
35.3804,35.7065,110,10,3,JumpScratch,-5
35.5435,-1.0,900,1,3,0,0
35.5435,-1.0,900,10,3,0,0
35.7065,36.0326,110,3,3,JumpScratch,-5
35.7065,36.0326,110,8,3,JumpScratch,5
35.8696,-1.0,900,3,3,0,0
35.8696,-1.0,900,8,3,0,0
36.0326,36.3587,110,1,3,JumpScratch,6
36.0326,36.3587,110,10,3,JumpScratch,-6
36.1957,-1.0,900,1,3,0,0
36.1957,-1.0,900,10,3,0,0
36.3587,37.3370,110,4,3,JumpScratch,-6
36.3587,37.3370,110,7,3,JumpScratch,6
36.5217,-1.0,900,4,3,0,0
36.5217,-1.0,900,7,3,0,0
36.6848,-1.0,900,4,3,0,0
36.6848,-1.0,31,4,3,0,0
36.6848,-1.0,900,7,3,0,0
36.6848,-1.0,31,7,3,0,0
36.8478,-1.0,900,4,3,0,0
36.8478,-1.0,900,7,3,0,0
37.0109,-1.0,900,4,3,0,0
37.0109,-1.0,31,4,3,0,0
37.0109,-1.0,900,7,3,0,0
37.0109,-1.0,31,7,3,0,0
37.1739,-1.0,900,4,3,0,0
37.1739,-1.0,900,7,3,0,0
37.6630,-1.0,20,7,3,0,0
37.8261,-1.0,20,4,3,0,0
37.9891,-1.0,81,10,3,0,0
37.9891,38.3152,101,10,3,0,0
38.1522,-1.0,900,10,3,0,0
38.3152,-1.0,20,1,3,0,0
38.4783,-1.0,83,7,3,0,0
38.4783,38.8043,110,7,3,JumpScratch,6
38.6413,-1.0,900,7,3,0,0
39.1304,-1.0,80,1,3,0,0
39.1304,39.4565,100,1,3,0,0
39.2935,-1.0,900,1,3,0,0
39.4565,-1.0,80,7,3,0,0
39.4565,39.7826,100,7,3,0,0
39.6196,-1.0,900,7,3,0,0
39.7826,-1.0,80,4,3,0,0
39.7826,40.1087,100,4,3,0,0
39.9457,-1.0,900,4,3,0,0
40.1087,-1.0,10,10,3,0,0
40.2717,-1.0,10,4,3,0,0
40.4348,-1.0,83,7,3,0,0
40.4348,41.7391,110,7,3,JumpScratch,6
40.5978,-1.0,900,7,3,0,0
40.7609,-1.0,900,7,3,0,0
40.9239,-1.0,83,1,3,0,0
40.9239,41.2500,110,1,3,JumpScratch,6
40.9239,-1.0,900,7,3,0,0
41.0870,-1.0,900,1,3,0,0
41.0870,-1.0,900,7,3,0,0
41.2500,41.4130,110,4,3,JumpScratch,-6
41.2500,-1.0,900,7,3,0,0
41.4130,-1.0,900,7,3,0,0
41.5761,-1.0,900,7,3,0,0
41.7391,-1.0,83,1,3,0,0
41.7391,42.0652,110,1,3,JumpScratch,6
41.7391,42.3913,110,10,3,JumpScratch,-6
41.9022,-1.0,900,1,3,0,0
41.9022,-1.0,900,10,3,0,0
42.0652,42.3913,110,4,3,JumpScratch,-6
42.0652,-1.0,900,10,3,0,0
42.2283,-1.0,900,4,3,0,0
42.2283,-1.0,900,10,3,0,0
43.2065,-1.0,80,1,2,0,0
43.2065,43.5326,100,1,2,0,0
43.3696,-1.0,900,1,2,0,0
43.5326,-1.0,10,8,2,0,0
43.6957,-1.0,10,4,2,0,0
43.8587,-1.0,80,11,2,0,0
43.8587,44.1848,100,11,2,0,0
44.0217,-1.0,900,11,2,0,0
44.1848,-1.0,10,2,2,0,0
44.3478,-1.0,10,8,2,0,0
44.5109,-1.0,10,4,2,0,0
44.6739,-1.0,10,10,2,0,0
44.8370,-1.0,80,1,2,0,0
44.8370,45.1630,100,1,2,0,0
45.0,-1.0,900,1,2,0,0
45.1630,-1.0,10,11,2,0,0
45.6522,-1.0,10,1,2,0,0
45.8152,-1.0,10,8,2,0,0
45.9783,-1.0,10,4,2,0,0
46.1413,-1.0,80,11,2,0,0
46.1413,46.4674,100,11,2,0,0
46.3043,-1.0,900,11,2,0,0
46.4674,-1.0,10,1,2,0,0
46.7935,-1.0,10,10,2,0,0
46.9565,-1.0,10,4,2,0,0
47.1196,-1.0,10,8,2,0,0
47.2826,-1.0,10,2,2,0,0
47.4457,-1.0,80,11,2,0,0
47.4457,47.7717,100,11,2,0,0
47.6087,-1.0,900,11,2,0,0
47.7717,-1.0,80,1,2,0,0
47.7717,48.0978,100,1,2,0,0
47.9348,-1.0,900,1,2,0,0
48.4239,-1.0,10,1,4,0,0
48.4239,-1.0,10,9,4,0,0
48.7500,-1.0,80,7,3,0,0
48.7500,49.0761,100,7,3,0,0
48.9130,-1.0,900,7,3,0,0
49.0761,-1.0,80,4,3,0,0
49.0761,49.4022,100,4,3,0,0
49.2391,-1.0,900,4,3,0,0
49.4022,-1.0,80,10,3,0,0
49.4022,49.7283,100,10,3,0,0
49.5652,-1.0,900,10,3,0,0
49.7283,-1.0,80,1,3,0,0
49.7283,50.0543,100,1,3,0,0
49.8913,-1.0,900,1,3,0,0
50.0543,-1.0,80,7,3,0,0
50.0543,50.3804,100,7,3,0,0
50.2174,-1.0,900,7,3,0,0
50.3804,-1.0,80,4,3,0,0
50.3804,50.7065,100,4,3,0,0
50.5435,-1.0,900,4,3,0,0
50.7065,-1.0,83,10,3,0,0
50.7065,51.0326,110,10,3,JumpScratch,-6
50.8696,-1.0,900,10,3,0,0
51.0326,-1.0,83,1,3,0,0
51.0326,51.5217,110,1,3,JumpScratch,6
51.0326,51.6848,110,7,3,JumpScratch,6
51.1957,-1.0,900,1,3,0,0
51.1957,-1.0,900,7,3,0,0
51.3587,-1.0,900,1,3,0,0
51.3587,-1.0,900,7,3,0,0
51.5217,52.1739,110,4,3,JumpScratch,-6
51.5217,-1.0,900,7,3,0,0
51.6848,-1.0,900,4,3,0,0
51.6848,52.3370,110,10,3,JumpScratch,-6
51.8478,-1.0,900,4,3,0,0
51.8478,-1.0,900,10,3,0,0
52.0109,-1.0,900,4,3,0,0
52.0109,-1.0,900,10,3,0,0
52.1739,52.8261,110,1,3,JumpScratch,6
52.1739,-1.0,900,10,3,0,0
52.3370,-1.0,900,1,3,0,0
52.3370,52.9891,110,7,3,JumpScratch,6
52.5000,-1.0,900,1,3,0,0
52.5000,-1.0,900,7,3,0,0
52.6630,-1.0,900,1,3,0,0
52.6630,-1.0,900,7,3,0,0
52.8261,53.4783,110,4,3,JumpScratch,-6
52.8261,-1.0,900,7,3,0,0
52.9891,-1.0,900,4,3,0,0
52.9891,53.4783,110,10,3,JumpScratch,-6
53.1522,-1.0,900,4,3,0,0
53.1522,-1.0,900,10,3,0,0
53.3152,-1.0,900,4,3,0,0
53.3152,-1.0,900,10,3,0,0
53.4783,53.6413,110,1,3,JumpScratch,6
53.4783,53.6413,110,7,3,JumpScratch,6
54.9457,-1.0,20,1,4,0,0
55.2717,-1.0,20,1,4,0,0
55.5978,-1.0,83,9,4,0,0
55.5978,55.9239,110,9,4,0,0
55.6386,-1.0,31,9,4,0,0
55.6793,-1.0,31,9,4,0,0
55.7201,-1.0,31,9,4,0,0
55.7609,-1.0,900,9,4,0,0
55.7609,-1.0,31,9,4,0,0
55.8016,-1.0,31,9,4,0,0
55.8424,-1.0,31,9,4,0,0
55.8832,-1.0,31,9,4,0,0
56.2500,-1.0,50,4,3,0,0
56.2500,-1.0,20,10,3,0,0
56.5761,-1.0,20,1,3,0,0
56.5761,-1.0,50,7,3,0,0
56.9022,-1.0,50,4,3,0,0
56.9022,-1.0,20,10,3,0,0
57.2283,-1.0,10,7,3,0,0
57.3913,-1.0,10,4,3,0,0
57.5543,-1.0,50,1,3,0,0
57.5543,-1.0,81,7,3,0,0
57.5543,57.8804,101,7,3,0,0
57.7174,-1.0,900,7,3,0,0
57.8804,-1.0,10,4,3,0,0
58.0435,-1.0,10,7,3,0,0
58.2065,-1.0,83,4,3,0,0
58.2065,58.5326,110,4,3,0,0
58.2065,-1.0,50,10,3,0,0
58.3696,-1.0,900,4,3,0,0
58.6957,-1.0,10,10,3,0,0
58.8587,-1.0,10,4,3,0,0
59.0217,-1.0,10,7,3,0,0
59.1848,-1.0,81,1,3,0,0
59.1848,59.5109,101,1,3,0,0
59.3478,-1.0,900,1,3,0,0
59.5109,-1.0,81,7,3,0,0
59.5109,59.8370,101,7,3,0,0
59.6739,-1.0,900,7,3,0,0
59.8370,-1.0,10,1,3,0,0
60.0,-1.0,10,7,3,0,0
60.1630,-1.0,81,4,3,0,0
60.1630,60.4891,101,4,3,0,0
60.3261,-1.0,900,4,3,0,0
60.4891,-1.0,10,10,3,0,0
60.6522,-1.0,10,4,3,0,0
60.8152,-1.0,81,7,3,0,0
60.8152,61.1413,101,7,3,0,0
60.9783,-1.0,900,7,3,0,0
61.1413,-1.0,50,1,3,0,0
61.4674,-1.0,20,4,3,0,0
61.4674,-1.0,20,10,3,0,0
61.7935,-1.0,20,4,3,0,0
61.7935,-1.0,20,10,3,0,0
62.1196,-1.0,20,1,3,0,0
62.1196,-1.0,20,7,3,0,0
62.4457,-1.0,20,1,3,0,0
62.4457,-1.0,81,7,3,0,0
62.4457,62.7717,101,7,3,0,0
62.6087,-1.0,900,7,3,0,0
62.7717,-1.0,81,4,3,0,0
62.7717,63.0978,101,4,3,0,0
62.9348,-1.0,900,4,3,0,0
63.0978,-1.0,10,10,3,0,0
63.2609,-1.0,10,4,3,0,0
63.4239,-1.0,81,7,3,0,0
63.4239,63.7500,101,7,3,0,0
63.5870,-1.0,900,7,3,0,0
63.7500,-1.0,50,1,3,0,0
64.0761,-1.0,83,4,3,0,0
64.0761,64.4022,110,4,3,0,0
64.0761,-1.0,81,10,3,0,0
64.0761,64.4022,101,10,3,0,0
64.2391,-1.0,900,4,3,0,0
64.2391,-1.0,900,10,3,0,0
64.7283,-1.0,81,1,3,0,0
64.7283,65.0543,101,1,3,0,0
64.7283,-1.0,83,7,3,0,0
64.7283,65.0543,110,7,3,0,0
64.8913,-1.0,900,1,3,0,0
64.8913,-1.0,900,7,3,0,0
65.3804,-1.0,10,4,3,0,0
65.5435,-1.0,10,7,3,0,0
65.7065,-1.0,10,4,3,0,0
65.8696,-1.0,83,1,3,0,0
65.8696,66.1957,110,1,3,0,0
65.8696,-1.0,83,10,3,0,0
65.8696,66.1957,110,10,3,0,0
66.0326,-1.0,900,1,3,0,0
66.0326,-1.0,900,10,3,0,0
66.6848,-1.0,20,1,3,0,0
66.6848,-1.0,50,7,3,0,0
67.0109,-1.0,50,4,3,0,0
67.0109,-1.0,20,10,3,0,0
67.3370,-1.0,20,1,3,0,0
67.3370,-1.0,50,7,3,0,0
67.6630,-1.0,10,4,3,0,0
67.8261,-1.0,10,7,3,0,0
67.9891,-1.0,81,4,3,0,0
67.9891,68.3152,101,4,3,0,0
67.9891,-1.0,50,10,3,0,0
68.1522,-1.0,900,4,3,0,0
68.3152,-1.0,10,7,3,0,0
68.4783,-1.0,10,4,3,0,0
68.6413,-1.0,50,1,3,0,0
68.6413,-1.0,83,7,3,0,0
68.6413,68.9674,110,7,3,0,0
68.8043,-1.0,900,7,3,0,0
69.1304,-1.0,10,1,3,0,0
69.2935,-1.0,10,7,3,0,0
69.4565,-1.0,10,4,3,0,0
69.6196,-1.0,81,10,3,0,0
69.6196,69.9457,101,10,3,0,0
69.7826,-1.0,900,10,3,0,0
69.9457,-1.0,50,1,3,0,0
70.2717,-1.0,10,7,3,0,0
70.4348,-1.0,10,4,3,0,0
70.5978,-1.0,81,10,3,0,0
70.5978,70.9239,101,10,3,0,0
70.7609,-1.0,900,10,3,0,0
70.9239,-1.0,81,4,3,0,0
70.9239,71.2500,101,4,3,0,0
71.0870,-1.0,900,4,3,0,0
71.2500,-1.0,81,7,3,0,0
71.2500,71.5761,101,7,3,0,0
71.4130,-1.0,900,7,3,0,0
71.5761,-1.0,50,1,3,0,0
71.9022,-1.0,10,1,3,0,0
71.9022,-1.0,10,10,3,0,0
72.2283,-1.0,81,7,3,0,0
72.2283,72.5543,101,7,3,0,0
72.3913,-1.0,900,7,3,0,0
72.5543,-1.0,81,4,3,0,0
72.5543,72.8804,101,4,3,0,0
72.7174,-1.0,900,4,3,0,0
72.8804,-1.0,81,10,3,0,0
72.8804,73.2065,101,10,3,0,0
73.0435,-1.0,900,10,3,0,0
73.2065,-1.0,81,1,3,0,0
73.2065,73.5326,101,1,3,0,0
73.3696,-1.0,900,1,3,0,0
73.5326,-1.0,10,7,3,0,0
73.6957,-1.0,10,4,3,0,0
73.8587,-1.0,81,10,3,0,0
73.8587,74.1848,101,10,3,0,0
74.0217,-1.0,900,10,3,0,0
74.1848,-1.0,50,1,3,0,0
74.5109,-1.0,81,1,3,0,0
74.5109,74.8370,101,1,3,0,0
74.5109,-1.0,83,7,3,0,0
74.5109,74.8370,110,7,3,0,0
74.6739,-1.0,900,1,3,0,0
74.6739,-1.0,900,7,3,0,0
75.1630,-1.0,83,4,3,0,0
75.1630,75.4891,110,4,3,0,0
75.1630,-1.0,81,10,3,0,0
75.1630,75.4891,101,10,3,0,0
75.3261,-1.0,900,4,3,0,0
75.3261,-1.0,900,10,3,0,0
75.8152,-1.0,20,4,3,0,0
75.8152,-1.0,20,7,3,0,0
75.9783,-1.0,20,4,3,0,0
75.9783,-1.0,20,7,3,0,0
76.3043,-1.0,83,1,3,0,0
76.3043,77.1196,110,1,3,0,0
76.3043,-1.0,83,10,3,0,0
76.3043,77.1196,110,10,3,0,0
76.4674,-1.0,900,1,3,0,0
76.4674,-1.0,900,10,3,0,0
76.6304,-1.0,900,1,3,0,0
76.6304,-1.0,900,10,3,0,0
76.7935,-1.0,900,1,3,0,0
76.7935,-1.0,900,10,3,0,0
76.9565,-1.0,900,1,3,0,0
76.9565,-1.0,900,10,3,0,0
77.4457,-1.0,20,1,3,0,0
77.7717,-1.0,20,7,3,0,0
78.0978,-1.0,20,4,3,0,0
78.4239,-1.0,50,1,3,0,0
78.4239,-1.0,50,10,3,0,0
79.0761,-1.0,83,4,3,0,0
79.0761,79.5652,110,4,3,JumpScratch,-6
79.0761,-1.0,83,7,3,0,0
79.0761,79.5652,110,7,3,JumpScratch,6
79.2391,-1.0,900,4,3,0,0
79.2391,-1.0,900,7,3,0,0
79.4022,-1.0,900,4,3,0,0
79.4022,-1.0,900,7,3,0,0
79.5652,79.7283,110,1,3,JumpScratch,6
79.5652,79.7283,110,10,3,JumpScratch,-6
79.7283,82.3370,110,4,3,JumpScratch,-6
79.7283,82.3370,110,7,3,JumpScratch,6
79.8913,-1.0,900,4,3,0,0
79.8913,-1.0,900,7,3,0,0
80.0543,-1.0,900,4,3,0,0
80.0543,-1.0,900,7,3,0,0
80.2174,-1.0,900,4,3,0,0
80.2174,-1.0,900,7,3,0,0
80.3804,-1.0,900,4,3,0,0
80.3804,-1.0,900,7,3,0,0
80.5435,-1.0,900,4,3,0,0
80.5435,-1.0,900,7,3,0,0
80.7065,-1.0,900,4,3,0,0
80.7065,-1.0,900,7,3,0,0
80.8696,-1.0,900,4,3,0,0
80.8696,-1.0,900,7,3,0,0
81.0326,-1.0,900,4,3,0,0
81.0326,-1.0,900,7,3,0,0
81.1957,-1.0,900,4,3,0,0
81.1957,-1.0,900,7,3,0,0
81.3587,-1.0,900,4,3,0,0
81.3587,-1.0,900,7,3,0,0
81.5217,-1.0,900,4,3,0,0
81.5217,-1.0,900,7,3,0,0
81.6848,-1.0,900,4,3,0,0
81.6848,-1.0,900,7,3,0,0
81.8478,-1.0,900,4,3,0,0
81.8478,-1.0,900,7,3,0,0
82.0109,-1.0,900,4,3,0,0
82.0109,-1.0,900,7,3,0,0
82.1739,-1.0,900,4,3,0,0
82.1739,-1.0,900,7,3,0,0
84.2935,-1.0,83,1,4,0,0
84.2935,84.6196,110,1,4,0,0
84.2935,-1.0,83,9,4,0,0
84.2935,84.6196,110,9,4,0,0
84.4565,-1.0,900,1,4,0,0
84.4565,-1.0,900,9,4,0,0
84.9457,-1.0,10,9,4,0,0
85.2717,-1.0,50,1,4,0,0
85.5978,-1.0,82,4,3,0,0
85.5978,85.9239,110,4,3,JumpScratch,-6
85.5978,-1.0,82,10,3,0,0
85.5978,85.7609,110,10,3,JumpScratch,-6
85.7609,-1.0,900,4,3,0,0
85.7609,86.0870,110,7,3,JumpScratch,6
85.9239,-1.0,900,7,3,0,0
86.2500,-1.0,10,1,4,0,0
86.5761,-1.0,82,4,3,0,0
86.5761,87.0652,110,4,3,JumpScratch,-6
86.5761,-1.0,82,10,3,0,0
86.5761,86.9022,110,10,3,JumpScratch,-6
86.7391,-1.0,900,4,3,0,0
86.7391,-1.0,900,10,3,0,0
86.9022,-1.0,900,4,3,0,0
86.9022,87.2283,110,7,3,JumpScratch,6
87.0652,87.3913,110,1,3,JumpScratch,6
87.0652,-1.0,900,7,3,0,0
87.2283,-1.0,900,1,3,0,0
87.5543,-1.0,10,7,3,0,0
87.8804,-1.0,10,1,4,0,0
88.2065,-1.0,10,7,3,0,0
88.3696,-1.0,10,4,3,0,0
88.5326,-1.0,10,9,4,0,0
88.8587,-1.0,10,4,3,0,0
89.0217,-1.0,10,7,3,0,0
89.1848,-1.0,10,1,4,0,0
89.3478,-1.0,10,7,3,0,0
89.6739,-1.0,82,1,4,0,0
89.6739,89.8370,110,1,4,0,0
89.6739,-1.0,82,9,4,0,0
89.6739,89.8370,110,9,4,0,0
90.4891,-1.0,10,1,2,0,0
90.6522,-1.0,10,7,2,0,0
90.8152,-1.0,10,3,2,0,0
90.9783,-1.0,10,9,2,0,0
91.1413,-1.0,10,5,2,0,0
91.3043,-1.0,10,11,2,0,0
91.4674,-1.0,10,1,2,0,0
91.6304,-1.0,10,9,2,0,0
91.9565,-1.0,10,11,2,0,0
92.2826,-1.0,10,8,2,0,0
92.6087,-1.0,10,5,2,0,0
92.7717,-1.0,80,11,2,0,0
92.7717,93.0978,100,11,2,0,0
92.9348,-1.0,900,11,2,0,0
93.4239,-1.0,10,4,2,0,0
93.5870,-1.0,10,11,2,0,0
93.7500,-1.0,10,1,2,0,0
93.9130,-1.0,10,8,2,0,0
94.2391,-1.0,10,5,2,0,0
94.2391,-1.0,10,11,2,0,0
94.5652,-1.0,10,3,2,0,0
94.5652,-1.0,10,9,2,0,0
94.8913,-1.0,10,7,2,0,0
95.0543,-1.0,10,1,2,0,0
95.7065,-1.0,10,7,2,0,0
95.8696,-1.0,10,1,2,0,0
96.0326,-1.0,10,9,2,0,0
96.1957,-1.0,10,3,2,0,0
96.3587,-1.0,10,11,2,0,0
96.5217,-1.0,10,5,2,0,0
96.6848,-1.0,80,11,2,0,0
96.6848,97.0109,100,11,2,0,0
96.8478,-1.0,900,11,2,0,0
97.0109,-1.0,10,4,2,0,0
97.1739,-1.0,10,9,2,0,0
97.5000,-1.0,10,4,2,0,0
97.8261,-1.0,10,7,2,0,0
97.9891,-1.0,80,1,2,0,0
97.9891,98.3152,100,1,2,0,0
98.1522,-1.0,900,1,2,0,0
98.6413,-1.0,10,8,2,0,0
98.8043,-1.0,10,1,2,0,0
98.9674,-1.0,10,11,2,0,0
99.1304,-1.0,80,4,3,0,0
99.1304,99.4565,100,4,3,0,0
99.2935,-1.0,900,4,3,0,0
99.4565,-1.0,10,10,3,0,0
99.6196,-1.0,10,4,3,0,0
99.7826,-1.0,82,7,3,0,0
99.7826,100.1087,110,7,3,JumpScratch,6
99.9457,-1.0,900,7,3,0,0
100.1087,-1.0,82,4,3,0,0
100.1087,100.2717,110,4,3,JumpScratch,-5
100.1087,100.2717,110,10,3,JumpScratch,-5
100.9239,-1.0,10,4,3,0,0
101.0870,-1.0,10,7,3,0,0
101.2500,-1.0,50,3,4,0,0
101.7391,-1.0,10,7,3,0,0
101.9022,-1.0,80,1,3,0,0
101.9022,102.2283,100,1,3,0,0
102.0652,-1.0,900,1,3,0,0
102.2283,-1.0,80,7,3,0,0
102.2283,102.5543,100,7,3,0,0
102.3913,-1.0,900,7,3,0,0
102.5543,-1.0,80,4,3,0,0
102.5543,102.8804,100,4,3,0,0
102.7174,-1.0,900,4,3,0,0
102.8804,-1.0,20,7,3,0,0
103.0435,-1.0,20,4,3,0,0
103.2065,-1.0,83,1,4,0,0
103.2065,103.5326,110,1,4,JumpScratch,6
103.2065,-1.0,83,9,4,0,0
103.2065,103.5326,110,9,4,JumpScratch,-6
103.3696,-1.0,900,1,4,0,0
103.3696,-1.0,900,9,4,0,0
103.5326,103.8587,110,3,4,JumpScratch,-6
103.5326,103.8587,110,7,4,JumpScratch,6
103.6957,-1.0,900,3,4,0,0
103.6957,-1.0,900,7,4,0,0
103.8587,104.1848,110,1,4,JumpScratch,5
103.8587,104.1848,110,9,4,JumpScratch,-5
104.0217,-1.0,900,1,4,0,0
104.0217,-1.0,900,9,4,0,0
104.5109,-1.0,81,4,3,0,0
104.5109,104.8370,101,4,3,0,0
104.6739,-1.0,900,4,3,0,0
105.0,-1.0,10,10,3,0,0
105.0815,-1.0,10,4,3,0,0
105.1630,-1.0,81,7,3,0,0
105.1630,105.4891,101,7,3,0,0
105.3261,-1.0,900,7,3,0,0
105.4891,-1.0,10,4,3,0,0
105.6522,-1.0,10,7,3,0,0
105.8152,-1.0,81,1,3,0,0
105.8152,106.1413,101,1,3,0,0
105.9783,-1.0,900,1,3,0,0
106.1413,-1.0,10,10,3,0,0
106.3043,-1.0,83,4,3,0,0
106.3043,106.6304,110,4,3,JumpScratch,-6
106.4674,-1.0,900,4,3,0,0
106.9565,-1.0,80,10,3,0,0
106.9565,107.2826,100,10,3,0,0
107.1196,-1.0,900,10,3,0,0
107.2826,-1.0,80,4,3,0,0
107.2826,107.6087,100,4,3,0,0
107.4457,-1.0,900,4,3,0,0
107.6087,-1.0,80,7,3,0,0
107.6087,107.9348,100,7,3,0,0
107.7717,-1.0,900,7,3,0,0
107.9348,-1.0,10,1,3,0,0
108.0978,-1.0,10,7,3,0,0
108.2609,-1.0,83,4,3,0,0
108.2609,109.5652,110,4,3,JumpScratch,-6
108.4239,-1.0,900,4,3,0,0
108.5870,-1.0,900,4,3,0,0
108.7500,-1.0,900,4,3,0,0
108.7500,-1.0,83,10,3,0,0
108.7500,109.0761,110,10,3,JumpScratch,-6
108.9130,-1.0,900,4,3,0,0
108.9130,-1.0,900,10,3,0,0
109.0761,-1.0,900,4,3,0,0
109.0761,109.2391,110,7,3,JumpScratch,6
109.2391,-1.0,900,4,3,0,0
109.4022,-1.0,900,4,3,0,0
109.5652,110.2174,110,1,3,JumpScratch,6
109.5652,-1.0,83,10,3,0,0
109.5652,109.8913,110,10,3,JumpScratch,-6
109.7283,-1.0,900,1,3,0,0
109.7283,-1.0,900,10,3,0,0
109.8913,-1.0,900,1,3,0,0
109.8913,110.2174,110,7,3,JumpScratch,6
110.0543,-1.0,900,1,3,0,0
110.0543,-1.0,900,7,3,0,0
111.0326,-1.0,80,11,2,0,0
111.0326,111.3587,100,11,2,0,0
111.1957,-1.0,900,11,2,0,0
111.3587,-1.0,10,4,2,0,0
111.5217,-1.0,10,8,2,0,0
111.6848,-1.0,80,1,2,0,0
111.6848,112.0109,100,1,2,0,0
111.8478,-1.0,900,1,2,0,0
112.0109,-1.0,10,10,2,0,0
112.1739,-1.0,10,4,2,0,0
112.3370,-1.0,10,8,2,0,0
112.5000,-1.0,10,2,2,0,0
112.6630,-1.0,80,11,2,0,0
112.6630,112.9891,100,11,2,0,0
112.8261,-1.0,900,11,2,0,0
112.9891,-1.0,10,1,2,0,0
113.4783,-1.0,10,11,2,0,0
113.6413,-1.0,10,4,2,0,0
113.8043,-1.0,10,8,2,0,0
113.9674,-1.0,80,1,2,0,0
113.9674,114.2935,100,1,2,0,0
114.1304,-1.0,900,1,2,0,0
114.2935,-1.0,10,11,2,0,0
114.6196,-1.0,10,2,2,0,0
114.7826,-1.0,10,8,2,0,0
114.9457,-1.0,10,4,2,0,0
115.1087,-1.0,10,10,2,0,0
115.2717,-1.0,80,1,2,0,0
115.2717,115.5978,100,1,2,0,0
115.4348,-1.0,900,1,2,0,0
115.5978,-1.0,80,11,2,0,0
115.5978,115.9239,100,11,2,0,0
115.7609,-1.0,900,11,2,0,0
116.2500,-1.0,10,1,4,0,0
116.2500,-1.0,10,9,4,0,0
116.5761,-1.0,80,4,3,0,0
116.5761,116.9022,100,4,3,0,0
116.7391,-1.0,900,4,3,0,0
116.9022,-1.0,80,7,3,0,0
116.9022,117.2283,100,7,3,0,0
117.0652,-1.0,900,7,3,0,0
117.2283,-1.0,80,1,3,0,0
117.2283,117.5543,100,1,3,0,0
117.3913,-1.0,900,1,3,0,0
117.5543,-1.0,80,10,3,0,0
117.5543,117.8804,100,10,3,0,0
117.7174,-1.0,900,10,3,0,0
117.8804,-1.0,80,4,3,0,0
117.8804,118.2065,100,4,3,0,0
118.0435,-1.0,900,4,3,0,0
118.2065,-1.0,80,7,3,0,0
118.2065,118.5326,100,7,3,0,0
118.3696,-1.0,900,7,3,0,0
118.5326,-1.0,83,1,3,0,0
118.5326,118.8587,110,1,3,JumpScratch,6
118.6957,-1.0,900,1,3,0,0
118.8587,119.5109,110,4,3,JumpScratch,-6
118.8587,-1.0,83,10,3,0,0
118.8587,119.3478,110,10,3,JumpScratch,-6
119.0217,-1.0,900,4,3,0,0
119.0217,-1.0,900,10,3,0,0
119.1848,-1.0,900,4,3,0,0
119.1848,-1.0,900,10,3,0,0
119.3478,-1.0,900,4,3,0,0
119.3478,120.0,110,7,3,JumpScratch,6
119.5109,120.1630,110,1,3,JumpScratch,6
119.5109,-1.0,900,7,3,0,0
119.6739,-1.0,900,1,3,0,0
119.6739,-1.0,900,7,3,0,0
119.8370,-1.0,900,1,3,0,0
119.8370,-1.0,900,7,3,0,0
120.0,-1.0,900,1,3,0,0
120.0,120.6522,110,10,3,JumpScratch,-6
120.1630,120.8152,110,4,3,JumpScratch,-6
120.1630,-1.0,900,10,3,0,0
120.3261,-1.0,900,4,3,0,0
120.3261,-1.0,900,10,3,0,0
120.4891,-1.0,900,4,3,0,0
120.4891,-1.0,900,10,3,0,0
120.6522,-1.0,900,4,3,0,0
120.6522,121.3043,110,7,3,JumpScratch,6
120.8152,121.3043,110,1,3,JumpScratch,6
120.8152,-1.0,900,7,3,0,0
120.9783,-1.0,900,1,3,0,0
120.9783,-1.0,900,7,3,0,0
121.1413,-1.0,900,1,3,0,0
121.1413,-1.0,900,7,3,0,0
121.3043,121.4674,110,4,3,JumpScratch,-6
121.3043,121.4674,110,10,3,JumpScratch,-6
122.7717,-1.0,10,9,4,0,0
123.0978,-1.0,10,9,4,0,0
123.4239,-1.0,83,1,4,0,0
123.4239,123.7500,110,1,4,0,0
123.4647,-1.0,31,1,4,0,0
123.5054,-1.0,31,1,4,0,0
123.5462,-1.0,31,1,4,0,0
123.5870,-1.0,900,1,4,0,0
123.5870,-1.0,31,1,4,0,0
123.6277,-1.0,31,1,4,0,0
123.6685,-1.0,31,1,4,0,0
123.7092,-1.0,31,1,4,0,0
124.0761,-1.0,50,1,3,0,0
124.0761,-1.0,20,7,3,0,0
124.4022,-1.0,20,4,3,0,0
124.4022,-1.0,50,10,3,0,0
124.7283,-1.0,50,1,3,0,0
124.7283,-1.0,20,7,3,0,0
125.0543,-1.0,10,4,3,0,0
125.2174,-1.0,10,7,3,0,0
125.3804,-1.0,81,4,3,0,0
125.3804,125.7065,101,4,3,0,0
125.3804,-1.0,50,10,3,0,0
125.5435,-1.0,900,4,3,0,0
125.7065,-1.0,10,7,3,0,0
125.8696,-1.0,10,4,3,0,0
126.0326,-1.0,50,1,3,0,0
126.0326,-1.0,83,7,3,0,0
126.0326,126.3587,110,7,3,0,0
126.1957,-1.0,900,7,3,0,0
126.5217,-1.0,10,1,3,0,0
126.6848,-1.0,10,7,3,0,0
126.8478,-1.0,10,4,3,0,0
127.0109,-1.0,81,10,3,0,0
127.0109,127.3370,101,10,3,0,0
127.1739,-1.0,900,10,3,0,0
127.3370,-1.0,81,4,3,0,0
127.3370,127.6630,101,4,3,0,0
127.5000,-1.0,900,4,3,0,0
127.6630,-1.0,10,10,3,0,0
127.8261,-1.0,10,4,3,0,0
127.9891,-1.0,81,7,3,0,0
127.9891,128.3152,101,7,3,0,0
128.1522,-1.0,900,7,3,0,0
128.3152,-1.0,10,1,3,0,0
128.4783,-1.0,10,7,3,0,0
128.6413,-1.0,81,4,3,0,0
128.6413,128.9674,101,4,3,0,0
128.8043,-1.0,900,4,3,0,0
128.9674,-1.0,50,10,3,0,0
129.2935,-1.0,20,1,3,0,0
129.2935,-1.0,20,7,3,0,0
129.6196,-1.0,20,1,3,0,0
129.6196,-1.0,20,7,3,0,0
129.9457,-1.0,20,4,3,0,0
129.9457,-1.0,20,10,3,0,0
130.2717,-1.0,81,4,3,0,0
130.2717,130.5978,101,4,3,0,0
130.2717,-1.0,20,10,3,0,0
130.4348,-1.0,900,4,3,0,0
130.5978,-1.0,81,7,3,0,0
130.5978,130.9239,101,7,3,0,0
130.7609,-1.0,900,7,3,0,0
130.9239,-1.0,10,1,3,0,0
131.0870,-1.0,10,7,3,0,0
131.2500,-1.0,81,4,3,0,0
131.2500,131.5761,101,4,3,0,0
131.4130,-1.0,900,4,3,0,0
131.5761,-1.0,50,10,3,0,0
131.9022,-1.0,83,1,3,0,0
131.9022,132.2283,110,1,3,0,0
131.9022,-1.0,81,7,3,0,0
131.9022,132.2283,101,7,3,0,0
132.0652,-1.0,900,1,3,0,0
132.0652,-1.0,900,7,3,0,0
132.5543,-1.0,81,4,3,0,0
132.5543,132.8804,101,4,3,0,0
132.5543,-1.0,83,10,3,0,0
132.5543,132.8804,110,10,3,0,0
132.7174,-1.0,900,4,3,0,0
132.7174,-1.0,900,10,3,0,0
133.2065,-1.0,10,7,3,0,0
133.3696,-1.0,10,4,3,0,0
133.5326,-1.0,10,7,3,0,0
133.6957,-1.0,83,1,3,0,0
133.6957,134.0217,110,1,3,0,0
133.6957,-1.0,83,10,3,0,0
133.6957,134.0217,110,10,3,0,0
133.8587,-1.0,900,1,3,0,0
133.8587,-1.0,900,10,3,0,0
134.5109,-1.0,20,4,3,0,0
134.5109,-1.0,50,10,3,0,0
134.8370,-1.0,50,1,3,0,0
134.8370,-1.0,20,7,3,0,0
135.1630,-1.0,20,4,3,0,0
135.1630,-1.0,50,10,3,0,0
135.4891,-1.0,10,7,3,0,0
135.6522,-1.0,10,4,3,0,0
135.8152,-1.0,50,1,3,0,0
135.8152,-1.0,81,7,3,0,0
135.8152,136.1413,101,7,3,0,0
135.9783,-1.0,900,7,3,0,0
136.1413,-1.0,10,4,3,0,0
136.3043,-1.0,10,7,3,0,0
136.4674,-1.0,83,4,3,0,0
136.4674,136.7935,110,4,3,0,0
136.4674,-1.0,50,10,3,0,0
136.6304,-1.0,900,4,3,0,0
136.9565,-1.0,10,10,3,0,0
137.1196,-1.0,10,4,3,0,0
137.2826,-1.0,10,7,3,0,0
137.4457,-1.0,81,1,3,0,0
137.4457,137.7717,101,1,3,0,0
137.6087,-1.0,900,1,3,0,0
137.7717,-1.0,50,10,3,0,0
138.0978,-1.0,10,4,3,0,0
138.2609,-1.0,10,7,3,0,0
138.4239,-1.0,81,1,3,0,0
138.4239,138.7500,101,1,3,0,0
138.5870,-1.0,900,1,3,0,0
138.7500,-1.0,81,7,3,0,0
138.7500,139.0761,101,7,3,0,0
138.9130,-1.0,900,7,3,0,0
139.0761,-1.0,81,4,3,0,0
139.0761,139.4022,101,4,3,0,0
139.2391,-1.0,900,4,3,0,0
139.4022,-1.0,50,10,3,0,0
139.7283,-1.0,10,1,3,0,0
139.7283,-1.0,10,10,3,0,0
140.0543,-1.0,81,4,3,0,0
140.0543,140.3804,101,4,3,0,0
140.2174,-1.0,900,4,3,0,0
140.3804,-1.0,81,7,3,0,0
140.3804,140.7065,101,7,3,0,0
140.5435,-1.0,900,7,3,0,0
140.7065,-1.0,81,1,3,0,0
140.7065,141.0326,101,1,3,0,0
140.8696,-1.0,900,1,3,0,0
141.0326,-1.0,81,10,3,0,0
141.0326,141.3587,101,10,3,0,0
141.1957,-1.0,900,10,3,0,0
141.3587,-1.0,81,4,3,0,0
141.3587,141.6848,101,4,3,0,0
141.5217,-1.0,900,4,3,0,0
141.6848,-1.0,81,7,3,0,0
141.6848,142.0109,101,7,3,0,0
141.8478,-1.0,900,7,3,0,0
142.0109,-1.0,50,1,3,0,0
142.1739,-1.0,10,7,3,0,0
142.3370,-1.0,81,4,3,0,0
142.3370,142.6630,101,4,3,0,0
142.3370,-1.0,83,10,3,0,0
142.3370,142.6630,110,10,3,0,0
142.5000,-1.0,900,4,3,0,0
142.5000,-1.0,900,10,3,0,0
142.9891,-1.0,83,1,3,0,0
142.9891,143.3152,110,1,3,0,0
142.9891,-1.0,81,7,3,0,0
142.9891,143.3152,101,7,3,0,0
143.1522,-1.0,900,1,3,0,0
143.1522,-1.0,900,7,3,0,0
143.6413,-1.0,20,4,3,0,0
143.6413,-1.0,20,7,3,0,0
143.8043,-1.0,20,4,3,0,0
143.8043,-1.0,20,7,3,0,0
144.1304,-1.0,83,1,3,0,0
144.1304,144.9457,110,1,3,JumpScratch,6
144.1304,-1.0,83,10,3,0,0
144.1304,144.9457,110,10,3,JumpScratch,-6
144.2935,-1.0,900,1,3,0,0
144.2935,-1.0,900,10,3,0,0
144.4565,-1.0,900,1,3,0,0
144.4565,-1.0,900,10,3,0,0
144.6196,-1.0,900,1,3,0,0
144.6196,-1.0,900,10,3,0,0
144.7826,-1.0,900,1,3,0,0
144.7826,-1.0,900,10,3,0,0
144.9457,145.2717,110,4,3,JumpScratch,-6
144.9457,145.2717,110,7,3,JumpScratch,6
145.1087,-1.0,900,4,3,0,0
145.1087,-1.0,900,7,3,0,0
145.5978,-1.0,10,10,3,0,0
145.7609,-1.0,10,4,3,0,0
145.9239,-1.0,10,7,3,0,0
146.0870,-1.0,80,1,3,0,0
146.0870,146.4130,100,1,3,0,0
146.2500,-1.0,900,1,3,0,0
146.4130,-1.0,10,7,3,0,0
146.5761,-1.0,10,4,3,0,0
146.7391,-1.0,80,10,3,0,0
146.7391,147.0652,100,10,3,0,0
146.9022,-1.0,900,10,3,0,0
147.0652,-1.0,83,1,4,0,0
147.0652,147.2283,110,1,4,JumpScratch,6
147.2283,147.3913,110,3,4,JumpScratch,-6
147.5543,-1.0,80,7,3,0,0
147.5543,147.8804,100,7,3,0,0
147.7174,-1.0,900,7,3,0,0
147.8804,-1.0,20,3,4,0,0
148.0435,-1.0,80,10,3,0,0
148.0435,148.3696,100,10,3,0,0
148.2065,-1.0,900,10,3,0,0
148.3696,-1.0,10,1,3,0,0
148.5326,-1.0,10,7,3,0,0
148.6141,-1.0,10,4,3,0,0
148.6957,-1.0,81,9,4,0,0
148.6957,149.0217,101,9,4,0,0
148.8587,-1.0,900,9,4,0,0
149.0217,-1.0,50,1,4,0,0
149.3478,-1.0,83,1,4,0,0
149.3478,149.8370,110,1,4,JumpScratch,6
149.3478,-1.0,20,7,4,0,0
149.5109,-1.0,900,1,4,0,0
149.6739,-1.0,900,1,4,0,0
149.6739,-1.0,10,7,3,0,0
149.8370,150.0,110,3,4,JumpScratch,-5
149.8370,-1.0,83,9,4,0,0
149.8370,150.0,110,9,4,JumpScratch,-5
150.1630,-1.0,10,1,3,0,0
150.3261,-1.0,10,7,3,0,0
150.4076,-1.0,10,4,3,0,0
150.4891,-1.0,80,10,3,0,0
150.4891,150.8152,100,10,3,0,0
150.6522,-1.0,900,10,3,0,0
150.8152,-1.0,10,1,3,0,0
150.9783,-1.0,10,7,3,0,0
151.1413,-1.0,10,4,3,0,0
151.3043,-1.0,80,10,3,0,0
151.3043,151.6304,100,10,3,0,0
151.4674,-1.0,900,10,3,0,0
151.6304,-1.0,10,4,3,0,0
151.7935,-1.0,10,7,3,0,0
151.9565,-1.0,10,1,3,0,0
152.0380,-1.0,10,7,3,0,0
152.1196,-1.0,82,4,3,0,0
152.1196,152.3641,110,4,3,JumpScratch,-6
152.2826,-1.0,900,4,3,0,0
152.3641,152.6087,110,1,3,JumpScratch,5
152.3641,-1.0,82,7,3,0,0
152.3641,152.6087,110,7,3,JumpScratch,5
152.5272,-1.0,900,1,3,0,0
152.5272,-1.0,900,7,3,0,0
152.7717,-1.0,80,4,3,0,0
152.7717,153.0978,100,4,3,0,0
152.7717,-1.0,82,10,3,0,0
152.7717,152.9348,110,10,3,JumpScratch,-6
152.9348,-1.0,900,4,3,0,0
152.9348,-1.0,30,4,3,0,0
152.9348,153.0978,110,7,3,JumpScratch,6
153.4239,-1.0,82,1,3,0,0
153.4239,153.5870,110,1,3,JumpScratch,6
153.4239,-1.0,80,7,3,0,0
153.4239,153.7500,100,7,3,0,0
153.5870,153.7500,110,4,3,JumpScratch,-6
153.5870,-1.0,900,7,3,0,0
153.5870,-1.0,30,7,3,0,0
154.0761,-1.0,50,1,6,0,0
154.0761,-1.0,83,10,3,0,0
154.0761,154.2391,110,10,3,JumpScratch,-6
154.2391,154.4022,110,7,3,JumpScratch,6
154.4022,-1.0,10,4,3,0,0
154.4022,154.5652,110,10,3,JumpScratch,-6
154.5652,154.7283,110,7,3,JumpScratch,6
154.7283,-1.0,83,1,3,0,0
154.7283,154.8913,110,1,3,JumpScratch,6
154.8913,155.0543,110,4,3,JumpScratch,-6
155.0543,155.2174,110,1,3,JumpScratch,6
155.0543,-1.0,10,7,3,0,0
155.2174,155.3804,110,4,3,JumpScratch,-6
155.3804,155.7065,110,1,3,0,0
155.3804,-1.0,83,10,3,0,0
155.3804,155.7065,110,10,3,0,0
155.5435,-1.0,900,1,3,0,0
155.5435,-1.0,900,10,3,0,0
156.0326,-1.0,10,10,3,0,0
156.1957,-1.0,10,1,3,0,0
156.3587,-1.0,10,4,3,0,0
156.5217,-1.0,50,7,4,0,0
156.8478,-1.0,10,10,3,0,0
157.0109,-1.0,10,7,3,0,0
157.1739,-1.0,50,3,4,0,0
157.5000,-1.0,10,1,3,0,0
157.6630,-1.0,10,7,3,0,0
157.8261,-1.0,10,4,3,0,0
157.9891,-1.0,81,10,3,0,0
157.9891,158.6413,101,10,3,0,0
158.1522,-1.0,900,10,3,0,0
158.3152,-1.0,10,4,3,0,0
158.3152,-1.0,900,10,3,0,0
158.4783,-1.0,900,10,3,0,0
158.6413,-1.0,81,4,3,0,0
158.6413,159.1304,101,4,3,0,0
158.8043,-1.0,900,4,3,0,0
158.9674,-1.0,900,4,3,0,0
158.9674,-1.0,10,7,3,0,0
159.1304,-1.0,81,7,3,0,0
159.1304,159.9457,101,7,3,0,0
159.2935,-1.0,10,1,3,0,0
159.2935,-1.0,900,7,3,0,0
159.4565,-1.0,900,7,3,0,0
159.6196,-1.0,10,4,3,0,0
159.6196,-1.0,900,7,3,0,0
159.7826,-1.0,900,7,3,0,0
159.9457,-1.0,10,1,3,0,0
160.1087,-1.0,10,7,3,0,0
160.2717,-1.0,10,4,3,0,0
160.4348,-1.0,50,9,4,0,0
160.7609,-1.0,83,4,3,0,0
160.7609,160.9239,110,4,3,JumpScratch,-6
160.7609,-1.0,83,7,3,0,0
160.7609,160.9239,110,7,3,JumpScratch,6
161.2500,-1.0,10,1,3,0,0
161.4130,-1.0,10,10,3,0,0
161.5761,-1.0,10,4,3,0,0
161.7391,-1.0,10,7,3,0,0
161.9022,-1.0,81,1,3,0,0
161.9022,162.2283,101,1,3,0,0
162.0652,-1.0,900,1,3,0,0
162.2283,-1.0,10,7,3,0,0
162.3913,-1.0,10,4,3,0,0
162.5543,-1.0,81,10,3,0,0
162.5543,162.8804,101,10,3,0,0
162.7174,-1.0,900,10,3,0,0
162.8804,-1.0,50,1,4,0,0
163.2065,-1.0,83,1,3,0,0
163.2065,163.8587,110,1,3,JumpScratch,6
163.2065,-1.0,83,7,3,0,0
163.2065,163.3696,110,7,3,JumpScratch,6
163.3696,-1.0,900,1,3,0,0
163.3696,163.5326,110,10,3,JumpScratch,-6
163.5326,-1.0,900,1,3,0,0
163.6957,-1.0,900,1,3,0,0
163.8587,164.0217,110,4,3,JumpScratch,-6
163.8587,-1.0,81,10,3,0,0
163.8587,164.5109,101,10,3,0,0
164.0217,164.1848,110,1,3,JumpScratch,6
164.0217,-1.0,900,10,3,0,0
164.1848,-1.0,900,10,3,0,0
164.3478,-1.0,900,10,3,0,0
164.5109,-1.0,81,1,3,0,0
164.5109,164.8370,101,1,3,0,0
164.6739,-1.0,900,1,3,0,0
164.8370,-1.0,81,7,3,0,0
164.8370,165.1630,101,7,3,0,0
165.0,-1.0,900,7,3,0,0
165.1630,-1.0,81,4,3,0,0
165.1630,165.4891,101,4,3,0,0
165.3261,-1.0,900,4,3,0,0
165.4891,-1.0,81,10,3,0,0
165.4891,165.8152,101,10,3,0,0
165.6522,-1.0,900,10,3,0,0
165.8152,-1.0,50,1,4,0,0
166.1413,-1.0,20,3,4,0,0
166.1413,-1.0,83,10,3,0,0
166.1413,166.3043,110,10,3,JumpScratch,-6
166.3043,-1.0,83,1,3,0,0
166.3043,166.6304,110,1,3,JumpScratch,6
166.3043,166.6304,110,7,3,JumpScratch,6
166.4674,-1.0,900,1,3,0,0
166.4674,-1.0,900,7,3,0,0
166.6304,166.7935,110,4,3,JumpScratch,-5
166.6304,166.7935,110,10,3,JumpScratch,-5
167.1196,-1.0,50,8,5,0,0
167.4457,-1.0,83,1,3,0,0
167.4457,167.6087,110,1,3,JumpScratch,6
167.4457,-1.0,20,7,4,0,0
167.6087,167.9348,110,4,3,JumpScratch,-6
167.6087,-1.0,83,10,3,0,0
167.6087,167.9348,110,10,3,JumpScratch,-6
167.7717,-1.0,900,4,3,0,0
167.7717,-1.0,900,10,3,0,0
167.9348,168.0978,110,1,3,JumpScratch,5
167.9348,168.0978,110,7,3,JumpScratch,5
168.4239,-1.0,50,1,6,0,0
168.7500,-1.0,20,3,4,0,0
168.7500,-1.0,83,10,3,0,0
168.7500,168.9130,110,10,3,JumpScratch,-6
168.9130,-1.0,83,1,3,0,0
168.9130,169.2391,110,1,3,JumpScratch,6
168.9130,169.2391,110,7,3,JumpScratch,6
169.0761,-1.0,900,1,3,0,0
169.0761,-1.0,900,7,3,0,0
169.2391,169.4022,110,4,3,JumpScratch,-5
169.2391,169.4022,110,10,3,JumpScratch,-5
169.7283,-1.0,20,1,4,0,0
169.7283,-1.0,81,10,3,0,0
169.7283,170.0543,101,10,3,0,0
169.8913,-1.0,900,10,3,0,0
170.0543,-1.0,81,4,3,0,0
170.0543,170.3804,101,4,3,0,0
170.2174,-1.0,900,4,3,0,0
170.3804,-1.0,81,7,3,0,0
170.3804,170.7065,101,7,3,0,0
170.5435,-1.0,900,7,3,0,0
170.7065,-1.0,81,1,3,0,0
170.7065,171.0326,101,1,3,0,0
170.8696,-1.0,900,1,3,0,0
171.0326,-1.0,50,9,4,0,0
171.3587,-1.0,81,7,3,0,0
171.3587,171.6848,101,7,3,0,0
171.5217,-1.0,900,7,3,0,0
171.6848,-1.0,81,4,3,0,0
171.6848,172.0109,101,4,3,0,0
171.8478,-1.0,900,4,3,0,0
172.0109,-1.0,81,10,3,0,0
172.0109,172.3370,101,10,3,0,0
172.1739,-1.0,900,10,3,0,0
172.3370,-1.0,81,1,3,0,0
172.3370,172.9891,101,1,3,0,0
172.5000,-1.0,900,1,3,0,0
172.6630,-1.0,900,1,3,0,0
172.6630,-1.0,50,7,4,0,0
172.8261,-1.0,900,1,3,0,0
172.9891,-1.0,81,10,3,0,0
172.9891,173.3152,101,10,3,0,0
173.1522,-1.0,900,10,3,0,0
173.3152,-1.0,50,3,4,0,0
173.6413,-1.0,81,3,4,0,0
173.6413,175.2717,101,3,4,0,0
173.6413,-1.0,81,7,4,0,0
173.6413,175.2717,101,7,4,0,0
173.8043,-1.0,900,3,4,0,0
173.8043,-1.0,900,7,4,0,0
173.9674,-1.0,900,3,4,0,0
173.9674,-1.0,900,7,4,0,0
174.1304,-1.0,900,3,4,0,0
174.1304,-1.0,900,7,4,0,0
174.2935,-1.0,900,3,4,0,0
174.2935,-1.0,900,7,4,0,0
174.4565,-1.0,900,3,4,0,0
174.4565,-1.0,900,7,4,0,0
174.6196,-1.0,900,3,4,0,0
174.6196,-1.0,900,7,4,0,0
174.7826,-1.0,900,3,4,0,0
174.7826,-1.0,900,7,4,0,0
174.9457,-1.0,900,3,4,0,0
174.9457,-1.0,900,7,4,0,0
175.1087,-1.0,900,3,4,0,0
175.1087,-1.0,900,7,4,0,0
176.0870,-1.0,10,11,2,0,0
176.2500,-1.0,10,4,2,0,0
176.5761,-1.0,10,8,2,0,0
176.9022,-1.0,10,1,2,0,0
177.2283,-1.0,10,4,2,0,0
177.3913,-1.0,10,8,2,0,0
177.5543,-1.0,10,1,2,0,0
177.8804,-1.0,10,8,2,0,0
178.0435,-1.0,10,4,2,0,0
178.2065,-1.0,10,11,2,0,0
178.6957,-1.0,10,4,2,0,0
178.8587,-1.0,10,10,2,0,0
179.0217,-1.0,10,2,2,0,0
179.1848,-1.0,10,8,2,0,0
179.5109,-1.0,10,1,2,0,0
179.8370,-1.0,10,8,2,0,0
180.0,-1.0,10,4,2,0,0
180.1630,-1.0,10,11,2,0,0
180.4891,-1.0,10,4,2,0,0
180.6522,-1.0,10,8,2,0,0
180.8152,-1.0,82,1,2,0,0
180.8152,181.1413,110,1,2,0,0
180.9783,-1.0,900,1,2,0,0
181.4674,-1.0,10,4,3,0,0
181.6304,-1.0,10,7,3,0,0
181.7935,-1.0,80,1,3,0,0
181.7935,182.1196,100,1,3,0,0
181.9565,-1.0,900,1,3,0,0
182.1196,-1.0,80,10,3,0,0
182.1196,182.4457,100,10,3,0,0
182.2826,-1.0,900,10,3,0,0
182.4457,-1.0,10,4,3,0,0
182.6087,-1.0,10,7,3,0,0
182.7717,-1.0,80,1,3,0,0
182.7717,183.0978,100,1,3,0,0
182.9348,-1.0,900,1,3,0,0
183.0978,-1.0,80,10,3,0,0
183.0978,183.4239,100,10,3,0,0
183.2609,-1.0,900,10,3,0,0
183.4239,-1.0,10,1,3,0,0
183.5870,-1.0,10,7,3,0,0
183.7500,-1.0,80,4,3,0,0
183.7500,184.0761,100,4,3,0,0
183.9130,-1.0,900,4,3,0,0
184.4022,-1.0,10,10,3,0,0
184.5652,-1.0,10,4,3,0,0
184.7283,-1.0,80,7,3,0,0
184.7283,185.0543,100,7,3,0,0
184.8913,-1.0,900,7,3,0,0
185.0543,-1.0,80,1,3,0,0
185.0543,185.3804,100,1,3,0,0
185.2174,-1.0,900,1,3,0,0
185.3804,-1.0,50,10,3,0,0
186.6848,-1.0,20,1,4,0,0
187.0109,-1.0,20,1,4,0,0
187.3370,-1.0,83,9,4,0,0
187.3370,187.6630,110,9,4,0,0
187.3777,-1.0,31,9,4,0,0
187.4185,-1.0,31,9,4,0,0
187.4592,-1.0,31,9,4,0,0
187.5000,-1.0,900,9,4,0,0
187.5000,-1.0,31,9,4,0,0
187.5408,-1.0,31,9,4,0,0
187.5815,-1.0,31,9,4,0,0
187.6223,-1.0,31,9,4,0,0
187.9891,-1.0,50,1,6,0,0
187.9891,-1.0,20,7,3,0,0
188.3152,-1.0,20,4,3,0,0
188.3152,-1.0,50,7,6,0,0
188.6413,-1.0,50,1,6,0,0
188.6413,-1.0,20,7,3,0,0
188.9674,-1.0,10,7,3,0,0
189.1304,-1.0,10,4,3,0,0
189.2935,-1.0,50,1,6,0,0
189.2935,-1.0,81,7,3,0,0
189.2935,189.6196,101,7,3,0,0
189.4565,-1.0,900,7,3,0,0
189.6196,-1.0,10,4,3,0,0
189.7826,-1.0,10,7,3,0,0
189.9457,-1.0,83,4,3,0,0
189.9457,190.2717,110,4,3,JumpScratch,-6
189.9457,-1.0,50,7,6,0,0
190.1087,-1.0,900,4,3,0,0
190.4348,-1.0,10,10,3,0,0
190.5978,-1.0,10,4,3,0,0
190.7609,-1.0,10,7,3,0,0
190.9239,-1.0,81,1,3,0,0
190.9239,191.2500,101,1,3,0,0
191.0870,-1.0,900,1,3,0,0
191.2500,-1.0,81,7,3,0,0
191.2500,191.5761,101,7,3,0,0
191.4130,-1.0,900,7,3,0,0
191.5761,-1.0,10,1,3,0,0
191.7391,-1.0,10,7,3,0,0
191.9022,-1.0,81,4,3,0,0
191.9022,192.2283,101,4,3,0,0
192.0652,-1.0,900,4,3,0,0
192.2283,-1.0,10,10,3,0,0
192.3913,-1.0,10,4,3,0,0
192.5543,-1.0,81,7,3,0,0
192.5543,192.8804,101,7,3,0,0
192.7174,-1.0,900,7,3,0,0
192.8804,-1.0,50,1,6,0,0
193.2065,-1.0,20,4,3,0,0
193.2065,-1.0,20,9,4,0,0
193.5326,-1.0,20,4,3,0,0
193.5326,-1.0,20,9,4,0,0
193.8587,-1.0,20,1,4,0,0
193.8587,-1.0,20,7,3,0,0
194.1848,-1.0,20,1,4,0,0
194.1848,-1.0,81,7,3,0,0
194.1848,194.5109,101,7,3,0,0
194.3478,-1.0,900,7,3,0,0
194.5109,-1.0,81,4,3,0,0
194.5109,194.8370,101,4,3,0,0
194.6739,-1.0,900,4,3,0,0
194.8370,-1.0,10,10,3,0,0
195.0,-1.0,10,4,3,0,0
195.1630,-1.0,81,7,3,0,0
195.1630,195.4891,101,7,3,0,0
195.3261,-1.0,900,7,3,0,0
195.4891,-1.0,50,1,6,0,0
195.8152,-1.0,83,4,3,0,0
195.8152,196.1413,110,4,3,JumpScratch,-5
195.8152,-1.0,83,10,3,0,0
195.8152,196.1413,110,10,3,JumpScratch,-5
195.9783,-1.0,900,4,3,0,0
195.9783,-1.0,900,10,3,0,0
196.4674,-1.0,83,1,3,0,0
196.4674,196.7935,110,1,3,JumpScratch,5
196.4674,-1.0,83,7,3,0,0
196.4674,196.7935,110,7,3,JumpScratch,5
196.6304,-1.0,900,1,3,0,0
196.6304,-1.0,900,7,3,0,0
197.1196,-1.0,10,10,3,0,0
197.2826,-1.0,10,4,3,0,0
197.4457,-1.0,10,7,3,0,0
197.6087,-1.0,83,1,4,0,0
197.6087,197.9348,110,1,4,0,0
197.6087,-1.0,83,9,4,0,0
197.6087,197.9348,110,9,4,0,0
197.7717,-1.0,900,1,4,0,0
197.7717,-1.0,900,9,4,0,0
198.4239,-1.0,20,4,3,0,0
198.4239,-1.0,50,7,6,0,0
198.7500,-1.0,50,1,6,0,0
198.7500,-1.0,20,7,3,0,0
199.0761,-1.0,20,4,3,0,0
199.0761,-1.0,50,7,6,0,0
199.4022,-1.0,10,4,3,0,0
199.5652,-1.0,10,7,3,0,0
199.7283,-1.0,81,4,3,0,0
199.7283,200.0543,101,4,3,0,0
199.7283,-1.0,50,7,6,0,0
199.8913,-1.0,900,4,3,0,0
200.0543,-1.0,10,7,3,0,0
200.2174,-1.0,10,4,3,0,0
200.3804,-1.0,50,1,6,0,0
200.3804,-1.0,83,7,3,0,0
200.3804,200.7065,110,7,3,JumpScratch,6
200.5435,-1.0,900,7,3,0,0
200.8696,-1.0,10,1,3,0,0
201.0326,-1.0,10,7,3,0,0
201.1957,-1.0,10,4,3,0,0
201.3587,-1.0,81,10,3,0,0
201.3587,201.6848,101,10,3,0,0
201.5217,-1.0,900,10,3,0,0
201.6848,-1.0,50,1,6,0,0
202.0109,-1.0,10,7,3,0,0
202.1739,-1.0,10,4,3,0,0
202.3370,-1.0,81,10,3,0,0
202.3370,202.6630,101,10,3,0,0
202.5000,-1.0,900,10,3,0,0
202.6630,-1.0,81,4,3,0,0
202.6630,202.9891,101,4,3,0,0
202.8261,-1.0,900,4,3,0,0
202.9891,-1.0,81,7,3,0,0
202.9891,203.3152,101,7,3,0,0
203.1522,-1.0,900,7,3,0,0
203.3152,-1.0,50,1,6,0,0
203.6413,-1.0,10,1,4,0,0
203.6413,-1.0,10,9,4,0,0
203.9674,-1.0,81,7,3,0,0
203.9674,204.2935,101,7,3,0,0
204.1304,-1.0,900,7,3,0,0
204.2935,-1.0,81,4,3,0,0
204.2935,204.6196,101,4,3,0,0
204.4565,-1.0,900,4,3,0,0
204.6196,-1.0,81,10,3,0,0
204.6196,204.9457,101,10,3,0,0
204.7826,-1.0,900,10,3,0,0
204.9457,-1.0,81,1,3,0,0
204.9457,205.2717,101,1,3,0,0
205.1087,-1.0,900,1,3,0,0
205.2717,-1.0,10,7,3,0,0
205.4348,-1.0,10,4,3,0,0
205.5978,-1.0,81,10,3,0,0
205.5978,205.9239,101,10,3,0,0
205.7609,-1.0,900,10,3,0,0
205.9239,-1.0,50,1,6,0,0
206.2500,-1.0,83,1,3,0,0
206.2500,206.5761,110,1,3,JumpScratch,5
206.2500,-1.0,83,7,3,0,0
206.2500,206.5761,110,7,3,JumpScratch,5
206.4130,-1.0,900,1,3,0,0
206.4130,-1.0,900,7,3,0,0
206.9022,-1.0,83,4,3,0,0
206.9022,207.2283,110,4,3,JumpScratch,-5
206.9022,-1.0,83,10,3,0,0
206.9022,207.2283,110,10,3,JumpScratch,-5
207.0652,-1.0,900,4,3,0,0
207.0652,-1.0,900,10,3,0,0
207.5543,-1.0,20,4,3,0,0
207.5543,-1.0,20,7,3,0,0
207.7174,-1.0,20,4,3,0,0
207.7174,-1.0,20,7,3,0,0
208.0435,-1.0,83,1,3,0,0
208.0435,208.8587,110,1,3,0,0
208.0435,-1.0,83,10,3,0,0
208.0435,208.8587,110,10,3,0,0
208.2065,-1.0,900,1,3,0,0
208.2065,-1.0,900,10,3,0,0
208.3696,-1.0,900,1,3,0,0
208.3696,-1.0,900,10,3,0,0
208.5326,-1.0,900,1,3,0,0
208.5326,-1.0,900,10,3,0,0
208.6957,-1.0,900,1,3,0,0
208.6957,-1.0,900,10,3,0,0
209.1848,-1.0,20,1,3,0,0
209.5109,-1.0,20,7,3,0,0
209.8370,-1.0,20,4,3,0,0
210.1630,-1.0,83,1,4,0,0
210.1630,211.4674,110,1,4,0,0
210.1630,-1.0,83,9,4,0,0
210.1630,211.4674,110,9,4,0,0
210.3261,-1.0,900,1,4,0,0
210.3261,-1.0,900,9,4,0,0
210.4891,-1.0,900,1,4,0,0
210.4891,-1.0,31,1,4,0,0
210.4891,-1.0,900,9,4,0,0
210.4891,-1.0,31,9,4,0,0
210.6522,-1.0,900,1,4,0,0
210.6522,-1.0,31,1,4,0,0
210.6522,-1.0,900,9,4,0,0
210.6522,-1.0,31,9,4,0,0
210.8152,-1.0,900,1,4,0,0
210.8152,-1.0,31,1,4,0,0
210.8152,-1.0,900,9,4,0,0
210.8152,-1.0,31,9,4,0,0
210.9783,-1.0,900,1,4,0,0
210.9783,-1.0,31,1,4,0,0
210.9783,-1.0,900,9,4,0,0
210.9783,-1.0,31,9,4,0,0
211.1413,-1.0,900,1,4,0,0
211.1413,-1.0,31,1,4,0,0
211.1413,-1.0,900,9,4,0,0
211.1413,-1.0,31,9,4,0,0
211.3043,-1.0,900,1,4,0,0
211.3043,-1.0,31,1,4,0,0
211.3043,-1.0,900,9,4,0,0
211.3043,-1.0,31,9,4,0,0
212.1196,-1.0,83,1,3,0,0
212.1196,212.6087,110,1,3,JumpScratch,6
212.1196,-1.0,83,10,3,0,0
212.1196,212.6087,110,10,3,JumpScratch,-6
212.2826,-1.0,900,1,3,0,0
212.2826,-1.0,900,10,3,0,0
212.4457,-1.0,900,1,3,0,0
212.4457,-1.0,900,10,3,0,0
212.6087,212.7717,110,4,3,JumpScratch,-6
212.6087,212.7717,110,7,3,JumpScratch,6
212.7717,215.3804,110,1,3,0,0
212.7717,215.3804,110,10,3,0,0
212.9348,-1.0,900,1,3,0,0
212.9348,-1.0,900,10,3,0,0
213.0978,-1.0,900,1,3,0,0
213.0978,-1.0,900,10,3,0,0
213.2609,-1.0,900,1,3,0,0
213.2609,-1.0,900,10,3,0,0
213.4239,-1.0,900,1,3,0,0
213.4239,-1.0,900,10,3,0,0
213.5870,-1.0,900,1,3,0,0
213.5870,-1.0,900,10,3,0,0
213.7500,-1.0,900,1,3,0,0
213.7500,-1.0,900,10,3,0,0
213.9130,-1.0,900,1,3,0,0
213.9130,-1.0,900,10,3,0,0
214.0761,-1.0,900,1,3,0,0
214.0761,-1.0,900,10,3,0,0
214.2391,-1.0,900,1,3,0,0
214.2391,-1.0,900,10,3,0,0
214.4022,-1.0,900,1,3,0,0
214.4022,-1.0,900,10,3,0,0
214.5652,-1.0,900,1,3,0,0
214.5652,-1.0,900,10,3,0,0
214.7283,-1.0,900,1,3,0,0
214.7283,-1.0,900,10,3,0,0
214.8913,-1.0,900,1,3,0,0
214.8913,-1.0,900,10,3,0,0
215.0543,-1.0,900,1,3,0,0
215.0543,-1.0,900,10,3,0,0
215.2174,-1.0,900,1,3,0,0
215.2174,-1.0,900,10,3,0,0
217.3370,-1.0,83,1,6,0,0
217.3370,217.6630,110,1,6,0,0
217.3370,-1.0,83,7,6,0,0
217.3370,217.6630,110,7,6,0,0
217.5000,-1.0,900,1,6,0,0
217.5000,-1.0,900,7,6,0,0
217.9891,-1.0,10,9,4,0,0
218.3152,-1.0,50,1,5,0,0
218.6413,-1.0,82,4,3,0,0
218.6413,218.9674,110,4,3,JumpScratch,-6
218.6413,-1.0,82,10,3,0,0
218.6413,218.8043,110,10,3,JumpScratch,-6
218.8043,-1.0,900,4,3,0,0
218.8043,219.1304,110,7,3,JumpScratch,6
218.9674,-1.0,900,7,3,0,0
219.2935,-1.0,10,1,4,0,0
219.6196,-1.0,82,4,3,0,0
219.6196,220.1087,110,4,3,JumpScratch,-6
219.6196,-1.0,82,10,3,0,0
219.6196,219.9457,110,10,3,JumpScratch,-6
219.7826,-1.0,900,4,3,0,0
219.7826,-1.0,900,10,3,0,0
219.9457,-1.0,900,4,3,0,0
219.9457,220.2717,110,7,3,JumpScratch,6
220.1087,220.4348,110,1,3,JumpScratch,6
220.1087,-1.0,900,7,3,0,0
220.2717,-1.0,900,1,3,0,0
220.5978,-1.0,10,10,3,0,0
220.7609,-1.0,10,4,3,0,0
220.8424,-1.0,10,7,3,0,0
220.9239,-1.0,20,1,4,0,0
221.2500,-1.0,10,1,3,0,0
221.4130,-1.0,10,7,3,0,0
221.4946,-1.0,10,4,3,0,0
221.5761,-1.0,20,9,4,0,0
221.9022,-1.0,20,3,4,0,0
221.9022,-1.0,81,7,3,0,0
221.9022,222.3913,101,7,3,0,0
222.0652,-1.0,900,7,3,0,0
222.2283,-1.0,900,7,3,0,0
222.3913,-1.0,50,1,4,0,0
222.5543,-1.0,10,7,3,0,0
222.7174,-1.0,10,4,3,0,0
222.7174,-1.0,10,10,3,0,0
222.8804,-1.0,20,1,3,0,0
222.8804,-1.0,50,7,4,0,0
223.2065,-1.0,83,3,4,0,0
223.2065,223.5326,110,3,4,0,0
223.2065,-1.0,83,10,3,0,0
223.2065,223.5326,110,10,3,0,0
223.3696,-1.0,900,3,4,0,0
223.3696,-1.0,900,10,3,0,0
223.8587,-1.0,10,4,3,0,0
224.0217,-1.0,10,1,3,0,0
224.0217,-1.0,10,7,3,0,0
224.1848,-1.0,50,3,4,0,0
224.1848,-1.0,20,10,3,0,0
224.5109,-1.0,83,1,3,0,0
224.5109,224.8370,110,1,3,0,0
224.5109,-1.0,83,6,4,0,0
224.5109,224.8370,110,6,4,0,0
224.6739,-1.0,900,1,3,0,0
224.6739,-1.0,900,6,4,0,0
225.1630,-1.0,10,7,3,0,0
225.3261,-1.0,10,4,3,0,0
225.3261,-1.0,10,10,3,0,0
225.4891,-1.0,20,1,3,0,0
225.4891,-1.0,50,6,4,0,0
225.8152,-1.0,83,4,4,0,0
225.8152,226.1413,110,4,4,0,0
225.8152,-1.0,83,10,3,0,0
225.8152,226.1413,110,10,3,0,0
225.9783,-1.0,900,4,4,0,0
225.9783,-1.0,900,10,3,0,0
226.4674,-1.0,10,4,3,0,0
226.6304,-1.0,10,1,3,0,0
226.6304,-1.0,10,7,3,0,0
226.7935,-1.0,50,4,4,0,0
226.7935,-1.0,20,10,3,0,0
227.1196,-1.0,20,3,4,0,0
227.1196,-1.0,20,7,4,0,0
227.4457,-1.0,10,1,4,0,0
227.4457,228.4239,100,1,4,0,0
227.4457,-1.0,80,9,4,0,0
227.4457,228.4239,100,9,4,0,0
227.6087,-1.0,900,1,4,0,0
227.6087,-1.0,900,9,4,0,0
227.7717,-1.0,900,1,4,0,0
227.7717,-1.0,900,9,4,0,0
227.9348,-1.0,900,1,4,0,0
227.9348,-1.0,900,9,4,0,0
228.0978,-1.0,900,1,4,0,0
228.0978,-1.0,900,9,4,0,0
228.2609,-1.0,900,1,4,0,0
228.2609,-1.0,900,9,4,0,0
228.7500,-1.0,50,1,6,0,0
229.0761,-1.0,82,4,3,0,0
229.0761,229.4022,110,4,3,JumpScratch,-6
229.0761,-1.0,82,10,3,0,0
229.0761,229.2391,110,10,3,JumpScratch,-6
229.2391,-1.0,900,4,3,0,0
229.2391,229.5652,110,7,3,JumpScratch,6
229.4022,-1.0,900,7,3,0,0
229.7283,-1.0,10,1,4,0,0
230.0543,-1.0,82,4,3,0,0
230.0543,230.5435,110,4,3,JumpScratch,-6
230.0543,-1.0,82,10,3,0,0
230.0543,230.3804,110,10,3,JumpScratch,-6
230.2174,-1.0,900,4,3,0,0
230.2174,-1.0,900,10,3,0,0
230.3804,-1.0,900,4,3,0,0
230.3804,230.7065,110,7,3,JumpScratch,6
230.5435,230.8696,110,1,3,JumpScratch,6
230.5435,-1.0,900,7,3,0,0
230.7065,-1.0,900,1,3,0,0
231.0326,-1.0,10,7,4,0,0
231.3587,-1.0,10,3,4,0,0
231.6848,-1.0,10,9,4,0,0
231.8478,-1.0,10,1,4,0,0
232.0109,-1.0,10,9,4,0,0
232.3370,-1.0,10,3,4,0,0
232.5000,-1.0,10,7,4,0,0
232.6630,-1.0,10,3,4,0,0
232.8261,-1.0,10,7,4,0,0
233.1522,-1.0,82,1,4,0,0
233.1522,233.3152,110,1,4,0,0
233.1522,-1.0,82,9,4,0,0
233.1522,233.3152,110,9,4,0,0
233.6413,-1.0,10,3,4,0,0
233.9674,-1.0,10,7,4,0,0
234.2935,-1.0,10,1,4,0,0
234.4565,-1.0,10,9,4,0,0
234.6196,-1.0,10,1,4,0,0
234.9457,-1.0,10,10,3,0,0
235.1087,-1.0,10,4,3,0,0
235.2717,-1.0,10,7,3,0,0
235.4348,-1.0,10,1,3,0,0
235.5978,-1.0,20,9,4,0,0
235.7609,-1.0,20,3,4,0,0
235.9239,-1.0,20,7,4,0,0
236.0870,-1.0,50,1,6,0,0