0.4545,-1.0,80,7,2,0,0
0.4545,0.9091,100,7,2,0,0
30.4545,33.1818,0,0,0,15,11422
0.4545,-1.0,80,11,2,0,0
0.4545,0.9091,100,11,2,0,0
76.0,76.0,0,0,0,56,11422
0.5682,-1.0,900,7,2,0,0
76.0,76.0,0,0,0,11,11422
0.5682,-1.0,900,11,2,0,0
37.5341,37.5341,0,0,0,11,11423
0.6818,-1.0,900,7,2,0,0
38.2159,38.2159,0,0,0,51,11422
0.6818,-1.0,900,11,2,0,0
38.8977,38.8977,0,0,0,11,11424
0.7955,-1.0,900,7,2,0,0
98.2159,98.2159,0,0,0,51,11420
0.7955,-1.0,900,11,2,0,0
98.8977,98.8977,0,0,0,11,11420
1.1364,-1.0,80,5,2,0,0
1.1364,1.5909,100,5,2,0,0
99.5795,99.5795,0,0,0,51,11421
1.1364,-1.0,80,9,2,0,0
1.1364,1.5909,100,9,2,0,0
100.2614,100.2614,0,0,0,11,11421
1.2500,-1.0,900,5,2,0,0
102.3068,102.3068,0,0,0,51,10010
1.2500,-1.0,900,9,2,0,0
102.9886,102.9886,0,0,0,11,10010
1.3636,-1.0,900,5,2,0,0
125.4886,125.4886,0,0,0,51,11422
1.3636,-1.0,900,9,2,0,0
126.1705,126.1705,0,0,0,11,11423
1.4773,-1.0,900,5,2,0,0
126.8523,126.8523,0,0,0,51,11422
1.4773,-1.0,900,9,2,0,0
127.5341,127.5341,0,0,0,11,11424
1.8182,-1.0,80,3,2,0,0
1.8182,2.2727,100,3,2,0,0
128.2159,128.2159,0,0,0,51,11422
1.8182,-1.0,80,7,2,0,0
1.8182,2.2727,100,7,2,0,0
129.6364,129.6364,0,0,0,56,11422
1.9318,-1.0,900,3,2,0,0
129.6364,129.6364,0,0,0,36,11425
1.9318,-1.0,900,7,2,0,0
149.4091,149.4091,0,0,0,34,11380
2.0455,-1.0,900,3,2,0,0
2.0455,-1.0,900,7,2,0,0
2.1591,-1.0,900,3,2,0,0
2.1591,-1.0,900,7,2,0,0
2.5000,-1.0,80,1,2,0,0
2.5000,2.9545,100,1,2,0,0
2.5000,-1.0,80,5,2,0,0
2.5000,2.9545,100,5,2,0,0
2.6136,-1.0,900,1,2,0,0
2.6136,-1.0,900,5,2,0,0
2.7273,-1.0,900,1,2,0,0
2.7273,-1.0,900,5,2,0,0
2.8409,-1.0,900,1,2,0,0
2.8409,-1.0,900,5,2,0,0
3.1818,-1.0,80,7,2,0,0
3.1818,3.6364,100,7,2,0,0
3.1818,-1.0,80,11,2,0,0
3.1818,3.6364,100,11,2,0,0
3.2955,-1.0,900,7,2,0,0
3.2955,-1.0,900,11,2,0,0
3.4091,-1.0,900,7,2,0,0
3.4091,-1.0,900,11,2,0,0
3.5227,-1.0,900,7,2,0,0
3.5227,-1.0,900,11,2,0,0
3.8636,-1.0,80,5,2,0,0
3.8636,4.3182,100,5,2,0,0
3.8636,-1.0,80,9,2,0,0
3.8636,4.3182,100,9,2,0,0
3.9773,-1.0,900,5,2,0,0
3.9773,-1.0,900,9,2,0,0
4.0909,-1.0,900,5,2,0,0
4.0909,-1.0,900,9,2,0,0
4.2045,-1.0,900,5,2,0,0
4.2045,-1.0,900,9,2,0,0
4.5455,-1.0,80,3,2,0,0
4.5455,5.0,100,3,2,0,0
4.5455,-1.0,80,7,2,0,0
4.5455,5.0,100,7,2,0,0
4.6591,-1.0,900,3,2,0,0
4.6591,-1.0,900,7,2,0,0
4.7727,-1.0,900,3,2,0,0
4.7727,-1.0,900,7,2,0,0
4.8864,-1.0,900,3,2,0,0
4.8864,-1.0,900,7,2,0,0
5.2273,-1.0,80,1,2,0,0
5.2273,5.6818,100,1,2,0,0
5.2273,-1.0,80,5,2,0,0
5.2273,5.6818,100,5,2,0,0
5.3409,-1.0,900,1,2,0,0
5.3409,-1.0,900,5,2,0,0
5.4545,-1.0,900,1,2,0,0
5.4545,-1.0,900,5,2,0,0
5.5682,-1.0,900,1,2,0,0
5.5682,-1.0,900,5,2,0,0
5.9091,-1.0,80,1,2,0,0
5.9091,6.3636,100,1,2,0,0
5.9091,-1.0,10,8,2,0,0
5.9091,-1.0,10,11,2,0,0
6.0227,-1.0,900,1,2,0,0
6.1364,-1.0,900,1,2,0,0
6.2500,-1.0,900,1,2,0,0
6.3636,-1.0,10,8,2,0,0
6.5909,-1.0,10,1,2,0,0
6.5909,-1.0,10,4,2,0,0
6.5909,-1.0,80,11,2,0,0
6.5909,7.0455,100,11,2,0,0
6.7045,-1.0,900,11,2,0,0
6.8182,-1.0,10,7,2,0,0
6.8182,-1.0,900,11,2,0,0
6.9318,-1.0,900,11,2,0,0
7.0455,-1.0,10,4,2,0,0
7.2727,-1.0,80,1,2,0,0
7.2727,7.7273,100,1,2,0,0
7.2727,-1.0,10,8,2,0,0
7.2727,-1.0,10,11,2,0,0
7.3864,-1.0,900,1,2,0,0
7.5000,-1.0,900,1,2,0,0
7.5000,-1.0,10,5,2,0,0
7.6136,-1.0,900,1,2,0,0
7.7273,-1.0,10,8,2,0,0
7.9545,-1.0,10,1,2,0,0
7.9545,-1.0,10,4,2,0,0
7.9545,-1.0,80,11,2,0,0
7.9545,8.4091,100,11,2,0,0
8.0682,-1.0,900,11,2,0,0
8.1818,-1.0,900,11,2,0,0
8.2955,-1.0,900,11,2,0,0
8.4091,-1.0,10,7,2,0,0
8.6364,-1.0,80,5,2,0,0
8.6364,8.8636,100,5,2,0,0
8.7500,-1.0,900,5,2,0,0
8.8636,-1.0,80,8,2,0,0
8.8636,9.0909,100,8,2,0,0
8.9773,-1.0,900,8,2,0,0
9.0909,-1.0,80,11,2,0,0
9.0909,9.3182,100,11,2,0,0
9.2045,-1.0,900,11,2,0,0
9.3182,-1.0,50,1,3,0,0
9.3182,-1.0,50,5,3,0,0
9.5455,-1.0,10,7,2,0,0
9.7727,-1.0,10,4,2,0,0
10.0,-1.0,50,7,3,0,0
10.0,-1.0,50,10,3,0,0
10.1136,-1.0,10,1,3,0,0
10.1136,-1.0,10,4,3,0,0
10.2273,-1.0,20,4,3,0,0
10.2273,-1.0,10,7,3,0,0
10.2273,-1.0,10,10,3,0,0
10.3409,-1.0,10,1,3,0,0
10.3409,-1.0,20,7,3,0,0
10.4545,-1.0,50,7,3,0,0
10.4545,-1.0,50,10,3,0,0
10.5682,-1.0,10,1,3,0,0
10.5682,-1.0,10,4,3,0,0
10.6818,-1.0,20,4,3,0,0
10.6818,-1.0,10,7,3,0,0
10.6818,-1.0,10,10,3,0,0
10.7955,-1.0,50,1,3,0,0
10.7955,-1.0,50,4,3,0,0
10.9091,-1.0,20,7,3,0,0
10.9659,-1.0,10,4,3,0,0
11.0227,-1.0,83,7,3,0,0
11.0227,11.0606,110,7,3,JumpScratch,5
11.0606,11.0985,110,9,3,JumpScratch,4
11.1364,-1.0,50,1,3,0,0
11.1364,-1.0,50,4,3,0,0
11.2500,-1.0,10,6,4,0,0
11.3636,-1.0,83,1,3,0,0
11.3636,11.3920,110,1,3,JumpScratch,4
11.3636,-1.0,83,5,2,0,0
11.3636,11.3920,110,5,2,JumpScratch,4
11.3920,11.4205,110,2,3,JumpScratch,5
11.3920,11.4205,110,7,2,JumpScratch,4
11.4205,11.4489,110,4,3,JumpScratch,-5
11.4205,11.4489,110,9,2,JumpScratch,-4
11.4489,11.4773,110,2,3,JumpScratch,-4
11.4489,11.4773,110,7,2,JumpScratch,-4
11.5909,-1.0,80,7,2,0,0
11.5909,11.7045,100,7,2,0,0
11.5909,-1.0,20,10,3,0,0
11.7045,-1.0,80,5,2,0,0
11.7045,11.8182,100,5,2,0,0
11.8182,-1.0,20,1,3,0,0
11.8182,-1.0,10,10,3,0,0
11.9318,-1.0,20,7,3,0,0
11.9886,-1.0,20,4,3,0,0
12.0455,-1.0,20,1,3,0,0
12.0455,-1.0,20,9,4,0,0
12.1023,-1.0,20,7,3,0,0
12.1591,-1.0,20,5,3,0,0
12.2159,-1.0,20,3,3,0,0
12.2727,-1.0,50,7,3,0,0
12.2727,-1.0,50,10,3,0,0
12.3864,-1.0,10,1,3,0,0
12.3864,-1.0,10,4,3,0,0
12.5000,-1.0,10,4,3,0,0
12.5000,-1.0,10,7,3,0,0
12.5000,-1.0,10,10,3,0,0
12.6136,-1.0,10,1,3,0,0
12.6136,-1.0,10,4,3,0,0
12.6705,-1.0,10,7,4,0,0
12.7273,-1.0,20,4,3,0,0
12.7841,-1.0,10,7,3,0,0
12.8409,-1.0,10,5,2,0,0
12.9545,-1.0,10,7,3,0,0
12.9545,-1.0,10,10,3,0,0
13.0682,-1.0,10,4,3,0,0
13.0682,-1.0,10,7,3,0,0
13.1818,-1.0,10,1,3,0,0
13.1818,-1.0,20,10,3,0,0
13.2386,-1.0,10,4,3,0,0
13.2955,-1.0,10,7,2,0,0
13.4091,-1.0,50,1,3,0,0
13.4091,-1.0,50,4,3,0,0
13.4091,-1.0,10,11,2,0,0
13.5227,-1.0,10,4,3,0,0
13.5227,-1.0,10,8,2,0,0
13.6364,-1.0,20,1,3,0,0
13.6932,-1.0,10,4,3,0,0
13.7500,-1.0,10,7,3,0,0
13.8068,-1.0,10,10,3,0,0
13.8636,-1.0,20,1,3,0,0
13.9205,-1.0,10,4,3,0,0
13.9773,-1.0,10,7,3,0,0
14.0909,-1.0,81,5,4,0,0
14.0909,14.7727,101,5,4,0,0
14.0909,-1.0,83,10,3,0,0
14.0909,14.1193,110,10,3,JumpScratch,-5
14.1193,14.1477,110,8,2,JumpScratch,-4
14.1477,14.1761,110,6,2,JumpScratch,-3
14.1761,14.2045,110,5,2,JumpScratch,-3
14.2045,14.2330,110,4,2,JumpScratch,-3
14.2330,14.2614,110,3,2,JumpScratch,-3
14.2614,14.2898,110,2,2,JumpScratch,-3
14.2898,14.3182,110,1,2,JumpScratch,4
14.3182,14.3466,110,3,2,JumpScratch,4
14.3466,14.3750,110,5,2,JumpScratch,3
14.3750,14.4034,110,6,2,JumpScratch,3
14.4034,14.4318,110,7,2,JumpScratch,3
14.4318,14.4602,110,8,2,JumpScratch,3
14.4602,14.4886,110,9,2,JumpScratch,3
14.4886,14.5170,110,10,2,JumpScratch,3
14.5170,14.5455,110,11,2,JumpScratch,-4
14.5455,14.5739,110,9,2,JumpScratch,-4
14.5739,14.6023,110,7,2,JumpScratch,-3
14.6023,14.6307,110,6,2,JumpScratch,-3
14.6307,14.6591,110,5,2,JumpScratch,-3
14.6591,14.6875,110,4,2,JumpScratch,-3
14.6875,14.7159,110,3,2,JumpScratch,-3
14.7159,14.7443,110,2,2,JumpScratch,-3
14.7443,-1.0,900,5,4,0,0
15.1136,-1.0,20,4,3,0,0
15.1136,-1.0,50,7,3,0,0
15.1136,-1.0,50,10,3,0,0
15.2841,-1.0,50,1,3,0,0
15.2841,-1.0,50,4,3,0,0
15.2841,-1.0,20,7,3,0,0
15.4545,-1.0,20,4,3,0,0
15.4545,-1.0,50,7,3,0,0
15.4545,-1.0,50,10,3,0,0
15.5682,-1.0,10,5,4,0,0
15.6818,-1.0,20,1,3,0,0
15.6818,-1.0,20,4,3,0,0
15.7386,-1.0,10,7,3,0,0
15.7955,-1.0,83,4,3,0,0
15.7955,15.8333,110,4,3,JumpScratch,-5
15.8333,15.8712,110,2,3,JumpScratch,-4
15.9091,-1.0,80,7,2,0,0
15.9091,16.2500,100,7,2,0,0
15.9091,-1.0,81,10,3,0,0
15.9091,16.2500,101,10,3,0,0
16.0227,-1.0,900,7,2,0,0
16.0227,-1.0,900,10,3,0,0
16.1364,-1.0,10,1,3,0,0
16.1364,-1.0,900,7,2,0,0
16.1364,-1.0,900,10,3,0,0
16.2500,-1.0,10,4,3,0,0
16.3636,-1.0,10,1,3,0,0
16.3636,-1.0,10,7,2,0,0
16.3636,-1.0,20,10,3,0,0
16.4773,-1.0,10,4,3,0,0
16.5909,-1.0,20,1,3,0,0
16.5909,-1.0,10,7,2,0,0
16.5909,-1.0,10,10,3,0,0
16.7045,-1.0,20,4,3,0,0
16.7614,-1.0,20,7,3,0,0
16.8182,-1.0,20,1,4,0,0
16.8182,-1.0,20,10,3,0,0
16.8750,-1.0,20,4,3,0,0
16.9318,-1.0,20,6,3,0,0
16.9886,-1.0,20,8,3,0,0
17.0455,-1.0,50,1,3,0,0
17.0455,-1.0,50,4,3,0,0
17.1591,-1.0,10,7,3,0,0
17.1591,-1.0,10,10,3,0,0
17.2727,-1.0,10,1,3,0,0
17.2727,-1.0,10,4,3,0,0
17.2727,-1.0,10,7,3,0,0
17.3864,-1.0,10,7,3,0,0
17.3864,-1.0,10,10,3,0,0
17.4432,-1.0,10,4,3,0,0
17.5000,-1.0,20,1,3,0,0
17.6136,-1.0,10,5,4,0,0
17.7273,-1.0,10,7,3,0,0
17.7273,-1.0,20,10,3,0,0
17.8409,-1.0,83,1,4,0,0
17.8409,17.8693,110,1,4,JumpScratch,6
17.8693,17.8977,110,3,4,JumpScratch,6
17.8977,17.9261,110,5,4,JumpScratch,-8
17.9545,-1.0,83,9,4,0,0
17.9545,17.9830,110,9,4,JumpScratch,-6
17.9830,18.0114,110,7,4,JumpScratch,-6
18.0114,18.0398,110,5,4,JumpScratch,8
18.1818,-1.0,20,1,3,0,0
18.2386,-1.0,10,4,2,0,0
18.2955,-1.0,20,8,4,0,0
18.3523,-1.0,10,6,2,0,0
18.4091,-1.0,20,2,3,0,0
18.4659,-1.0,10,5,2,0,0
18.5227,-1.0,20,9,3,0,0
18.5795,-1.0,10,7,2,0,0
18.6364,-1.0,20,2,4,0,0
18.6932,-1.0,10,6,2,0,0
18.7500,-1.0,20,10,3,0,0
18.8068,-1.0,10,8,2,0,0
18.8636,-1.0,20,4,4,0,0
18.9205,-1.0,10,2,2,0,0
18.9773,-1.0,20,6,3,0,0
19.0341,-1.0,10,9,2,0,0
19.0909,-1.0,83,1,5,0,0
19.0909,19.1193,110,1,5,JumpScratch,6
19.1193,19.1477,110,3,4,JumpScratch,5
19.1477,19.1761,110,4,4,JumpScratch,5
19.1761,19.2045,110,5,4,JumpScratch,5
19.2045,19.2330,110,6,4,JumpScratch,5
19.2330,19.2614,110,7,4,JumpScratch,5
19.2614,19.2898,110,8,4,JumpScratch,5
19.2898,19.3182,110,9,4,JumpScratch,-12
19.5455,-1.0,80,1,2,0,0
19.5455,20.2273,100,1,2,0,0
19.5455,-1.0,10,5,4,0,0
19.6591,-1.0,900,1,2,0,0
19.7727,-1.0,900,1,2,0,0
19.7727,-1.0,10,5,3,0,0
19.8864,-1.0,900,1,2,0,0
20.0,-1.0,900,1,2,0,0
20.0,-1.0,10,5,2,0,0
20.1136,-1.0,900,1,2,0,0
20.2273,-1.0,10,3,4,0,0
20.2273,-1.0,80,8,2,0,0
20.2273,20.9091,100,8,2,0,0
20.3409,-1.0,900,8,2,0,0
20.4545,-1.0,10,4,3,0,0
20.4545,-1.0,900,8,2,0,0
20.5682,-1.0,900,8,2,0,0
20.6818,-1.0,10,5,2,0,0
20.6818,-1.0,900,8,2,0,0
20.7955,-1.0,900,8,2,0,0
20.9091,-1.0,80,2,2,0,0
20.9091,21.5909,100,2,2,0,0
20.9091,-1.0,10,4,4,0,0
21.0227,-1.0,900,2,2,0,0
21.1364,-1.0,900,2,2,0,0
21.1364,-1.0,10,5,3,0,0
21.2500,-1.0,900,2,2,0,0
21.3636,-1.0,900,2,2,0,0
21.3636,-1.0,10,5,2,0,0
21.4773,-1.0,900,2,2,0,0
21.5909,-1.0,10,5,2,0,0
21.5909,-1.0,80,8,4,0,0
21.5909,22.2727,100,8,4,0,0
21.7045,-1.0,900,8,4,0,0
21.8182,-1.0,10,4,3,0,0
21.8182,-1.0,900,8,4,0,0
21.9318,-1.0,900,8,4,0,0
22.0455,-1.0,10,3,4,0,0
22.0455,-1.0,900,8,4,0,0
22.1591,-1.0,900,8,4,0,0
22.2727,-1.0,80,1,2,0,0
22.2727,22.9545,100,1,2,0,0
22.2727,-1.0,10,4,4,0,0
22.3864,-1.0,900,1,2,0,0
22.5000,-1.0,900,1,2,0,0
22.5000,-1.0,10,4,3,0,0
22.6136,-1.0,900,1,2,0,0
22.7273,-1.0,900,1,2,0,0
22.7273,-1.0,10,4,2,0,0
22.8409,-1.0,900,1,2,0,0
22.9545,-1.0,10,5,2,0,0
22.9545,-1.0,80,9,4,0,0
22.9545,23.6364,100,9,4,0,0
23.0682,-1.0,900,9,4,0,0
23.1818,-1.0,10,5,3,0,0
23.1818,-1.0,900,9,4,0,0
23.2955,-1.0,900,9,4,0,0
23.4091,-1.0,10,5,4,0,0
23.4091,-1.0,900,9,4,0,0
23.5227,-1.0,900,9,4,0,0
23.6364,-1.0,80,1,6,0,0
23.6364,24.3182,100,1,6,0,0
23.6364,-1.0,10,7,2,0,0
23.7500,-1.0,900,1,6,0,0
23.8636,-1.0,900,1,6,0,0
23.8636,-1.0,10,7,3,0,0
23.9773,-1.0,900,1,6,0,0
24.0909,-1.0,900,1,6,0,0
24.0909,-1.0,10,7,4,0,0
24.2045,-1.0,900,1,6,0,0
24.3182,-1.0,10,7,5,0,0
24.5455,-1.0,10,5,2,0,0
24.6591,-1.0,10,10,2,0,0
24.7159,-1.0,10,5,2,0,0
24.7727,-1.0,10,9,2,0,0
24.8295,-1.0,10,5,2,0,0
24.8864,-1.0,10,8,2,0,0
24.9432,-1.0,10,5,2,0,0
25.0,-1.0,10,7,2,0,0
25.0,-1.0,80,11,2,0,0
25.0,25.6818,100,11,2,0,0
25.1136,-1.0,900,11,2,0,0
25.2273,-1.0,10,6,3,0,0
25.2273,-1.0,900,11,2,0,0
25.3409,-1.0,900,11,2,0,0
25.4545,-1.0,10,5,4,0,0
25.4545,-1.0,900,11,2,0,0
25.5682,-1.0,900,11,2,0,0
25.6818,-1.0,80,4,2,0,0
25.6818,26.3636,100,4,2,0,0
25.6818,-1.0,10,7,2,0,0
25.7955,-1.0,900,4,2,0,0
25.9091,-1.0,900,4,2,0,0
25.9091,-1.0,10,7,3,0,0
26.0227,-1.0,900,4,2,0,0
26.1364,-1.0,900,4,2,0,0
26.1364,-1.0,10,7,4,0,0
26.2500,-1.0,900,4,2,0,0
26.3636,-1.0,10,7,2,0,0
26.3636,-1.0,80,10,2,0,0
26.3636,27.0455,100,10,2,0,0
26.4773,-1.0,900,10,2,0,0
26.5909,-1.0,10,6,3,0,0
26.5909,-1.0,900,10,2,0,0
26.7045,-1.0,900,10,2,0,0
26.8182,-1.0,10,5,4,0,0
26.8182,-1.0,900,10,2,0,0
26.9318,-1.0,900,10,2,0,0
27.0455,-1.0,80,2,4,0,0
27.0455,27.7273,100,2,4,0,0
27.0455,-1.0,10,7,2,0,0
27.1591,-1.0,900,2,4,0,0
27.2727,-1.0,900,2,4,0,0
27.2727,-1.0,10,7,3,0,0
27.3864,-1.0,900,2,4,0,0
27.5000,-1.0,900,2,4,0,0
27.5000,-1.0,10,7,4,0,0
27.6136,-1.0,900,2,4,0,0
27.7273,-1.0,10,7,2,0,0
27.7273,-1.0,80,11,2,0,0
27.7273,28.4091,100,11,2,0,0
27.8409,-1.0,900,11,2,0,0
27.9545,-1.0,10,7,3,0,0
27.9545,-1.0,900,11,2,0,0
28.0682,-1.0,900,11,2,0,0
28.1818,-1.0,10,7,4,0,0
28.1818,-1.0,900,11,2,0,0
28.2955,-1.0,900,11,2,0,0
28.4091,-1.0,80,1,6,0,0
28.4091,29.0909,100,1,6,0,0
28.4091,-1.0,10,7,4,0,0
28.5227,-1.0,900,1,6,0,0
28.6364,-1.0,900,1,6,0,0
28.6364,-1.0,10,7,3,0,0
28.7500,-1.0,900,1,6,0,0
28.8636,-1.0,900,1,6,0,0
28.8636,-1.0,10,7,2,0,0
28.9773,-1.0,900,1,6,0,0
29.0909,-1.0,83,11,2,0,0
29.0909,29.1193,110,11,2,JumpScratch,-4
29.1193,29.1477,110,9,2,JumpScratch,-4
29.1477,29.1761,110,7,2,JumpScratch,-3
29.1761,29.2045,110,6,2,JumpScratch,-3
29.2045,29.2330,110,5,2,JumpScratch,-3
29.2330,29.2614,110,4,2,JumpScratch,-3
29.2614,29.2898,110,3,2,JumpScratch,-3
29.2898,29.3182,110,2,2,JumpScratch,-3
29.3182,29.3466,110,1,2,JumpScratch,3
29.3182,-1.0,50,9,4,JumpScratch,4
29.3466,29.3750,110,2,2,JumpScratch,3
29.3750,29.4034,110,3,2,JumpScratch,3
29.4034,29.4318,110,4,2,JumpScratch,3
29.4318,29.4602,110,5,2,JumpScratch,3
29.4602,29.4886,110,6,2,JumpScratch,3
29.4886,29.5170,110,7,2,JumpScratch,4
29.5170,29.5455,110,9,2,JumpScratch,4
29.5455,-1.0,50,1,4,JumpScratch,-4
30.4545,-1.0,10,1,3,0,0
30.4545,-1.0,20,10,3,0,0
30.5682,-1.0,10,4,2,0,0
30.5682,-1.0,10,8,2,0,0
30.6818,-1.0,10,1,3,0,0
30.6818,-1.0,10,6,2,0,0
30.7955,-1.0,10,4,2,0,0
30.7955,-1.0,10,10,3,0,0
30.9091,-1.0,20,1,3,0,0
30.9091,-1.0,10,8,2,0,0
30.9659,-1.0,10,4,2,0,0
31.0227,-1.0,10,8,2,0,0
31.0795,-1.0,10,6,2,0,0
31.1364,-1.0,10,4,2,0,0
31.2500,-1.0,10,6,2,0,0
31.3068,-1.0,10,4,2,0,0
31.3636,-1.0,10,1,3,0,0
31.3636,-1.0,20,10,3,0,0
31.4205,-1.0,10,8,2,0,0
31.4773,-1.0,10,6,2,0,0
31.5341,-1.0,10,4,2,0,0
31.5909,-1.0,10,1,3,0,0
31.6477,-1.0,10,4,2,0,0
31.7045,-1.0,10,6,2,0,0
31.7614,-1.0,10,8,2,0,0
31.8182,-1.0,10,1,3,0,0
31.8182,-1.0,20,10,3,0,0
31.8750,-1.0,10,4,2,0,0
31.9318,-1.0,10,6,2,0,0
31.9886,-1.0,10,8,2,0,0
32.0455,-1.0,10,1,3,0,0
32.1023,-1.0,10,4,2,0,0
32.1591,-1.0,10,6,2,0,0
32.2159,-1.0,10,8,2,0,0
32.2727,-1.0,20,1,3,0,0
32.2727,-1.0,10,10,3,0,0
32.3295,-1.0,10,6,2,0,0
32.3864,-1.0,10,4,2,0,0
32.4432,-1.0,10,1,3,0,0
32.5000,-1.0,10,4,2,0,0
32.5568,-1.0,10,6,2,0,0
32.6136,-1.0,10,4,2,0,0
32.6705,-1.0,10,1,3,0,0
32.7273,-1.0,10,4,2,0,0
32.7273,-1.0,20,10,3,0,0
32.7841,-1.0,10,8,2,0,0
32.8409,-1.0,10,6,2,0,0
32.8977,-1.0,10,4,2,0,0
32.9545,-1.0,10,8,2,0,0
33.0114,-1.0,10,6,2,0,0
33.0682,-1.0,10,4,2,0,0
33.1250,-1.0,10,1,3,0,0
33.1818,-1.0,10,6,2,0,0
33.1818,-1.0,20,10,3,0,0
33.2955,-1.0,10,4,2,0,0
33.2955,-1.0,10,8,2,0,0
33.4091,-1.0,20,1,3,0,0
33.4091,-1.0,10,6,2,0,0
33.5227,-1.0,10,4,2,0,0
33.5227,-1.0,10,8,2,0,0
33.6364,-1.0,20,1,3,0,0
33.6364,-1.0,10,10,3,0,0
33.6932,-1.0,10,4,2,0,0
33.7500,-1.0,10,8,2,0,0
33.8068,-1.0,10,6,2,0,0
33.8636,-1.0,10,1,3,0,0
33.9205,-1.0,10,4,2,0,0
33.9773,-1.0,10,6,2,0,0
34.0341,-1.0,10,4,2,0,0
34.0909,-1.0,10,1,3,0,0
34.0909,-1.0,20,10,3,0,0
34.1477,-1.0,10,8,2,0,0
34.2045,-1.0,10,6,2,0,0
34.2614,-1.0,10,4,2,0,0
34.3182,-1.0,20,1,3,0,0
34.3182,-1.0,10,10,3,0,0
34.3750,-1.0,10,8,2,0,0
34.4318,-1.0,10,6,2,0,0
34.4886,-1.0,10,4,2,0,0
34.5455,-1.0,83,1,3,0,0
34.5455,34.5739,110,1,3,JumpScratch,4
34.5739,34.6023,110,2,3,JumpScratch,4
34.6023,34.6307,110,3,3,JumpScratch,4
34.6307,34.6591,110,4,3,JumpScratch,4
34.6591,34.6875,110,5,3,JumpScratch,-4
34.6875,34.7159,110,4,3,JumpScratch,-4
34.7159,34.7443,110,3,3,JumpScratch,-5
34.7727,-1.0,82,10,3,0,0
34.7727,34.8011,110,10,3,JumpScratch,-4
34.8011,34.8295,110,9,3,JumpScratch,-4
34.8295,34.8580,110,8,3,JumpScratch,-4
34.8580,34.8864,110,7,3,JumpScratch,-4
34.8864,34.9148,110,6,3,JumpScratch,4
34.9148,34.9432,110,7,3,JumpScratch,4
34.9432,34.9716,110,8,3,JumpScratch,5
35.0,-1.0,82,1,3,0,0
35.0,35.0284,110,1,3,JumpScratch,4
35.0284,35.0568,110,2,3,JumpScratch,4
35.0568,35.0852,110,3,3,JumpScratch,4
35.0852,35.1136,110,4,3,JumpScratch,4
35.1136,35.1420,110,5,3,JumpScratch,-4
35.1420,35.1705,110,4,3,JumpScratch,-4
35.1705,35.1989,110,3,3,JumpScratch,-5
35.2273,-1.0,83,9,4,0,0
35.2273,35.2557,110,9,4,JumpScratch,-5
35.2557,35.2841,110,8,4,JumpScratch,-5
35.2841,35.3125,110,7,4,JumpScratch,-5
35.3125,35.3409,110,6,4,JumpScratch,-5
35.3409,35.3693,110,5,4,JumpScratch,-5
35.3693,35.3977,110,4,4,JumpScratch,-5
35.3977,35.4261,110,3,4,JumpScratch,-6
35.4545,-1.0,83,9,4,0,0
35.4545,35.4830,110,9,4,JumpScratch,-5
35.4830,35.5114,110,8,3,JumpScratch,-4
35.5114,35.5398,110,7,3,JumpScratch,-4
35.5398,35.5682,110,6,3,JumpScratch,-4
35.5682,35.5966,110,5,3,JumpScratch,-4
35.5966,35.6250,110,4,3,JumpScratch,-4
35.6250,35.6534,110,3,3,JumpScratch,-5
35.6818,-1.0,83,10,3,0,0
35.6818,35.7102,110,10,3,JumpScratch,-5
35.7102,35.7386,110,8,3,JumpScratch,-5
35.7386,35.7670,110,6,3,JumpScratch,-4
35.7670,35.7955,110,5,3,JumpScratch,-4
35.7955,35.8239,110,4,3,JumpScratch,4
35.8239,35.8523,110,5,3,JumpScratch,4
35.8523,35.8807,110,6,3,JumpScratch,5
35.8807,35.9091,110,8,3,JumpScratch,5
35.9091,-1.0,20,1,6,0,0
35.9091,36.6477,110,10,3,JumpScratch,-6
36.0227,-1.0,900,10,3,0,0
36.1364,-1.0,900,10,3,0,0
36.2500,-1.0,900,10,3,0,0
36.3636,-1.0,900,10,3,0,0
36.4773,-1.0,900,10,3,0,0
36.5909,-1.0,83,1,3,0,0
36.5909,37.0455,110,1,3,JumpScratch,8
36.5909,-1.0,83,4,3,0,0
36.5909,36.7614,110,4,3,JumpScratch,-6
36.5909,-1.0,83,7,3,0,0
36.5909,36.7045,110,7,3,JumpScratch,-6
36.5909,-1.0,900,10,3,0,0
36.7045,-1.0,900,1,3,0,0
36.8182,-1.0,900,1,3,0,0
36.9318,-1.0,900,1,3,0,0
37.0455,37.2727,110,6,3,JumpScratch,-8
37.1591,-1.0,900,6,3,0,0
37.2727,38.0114,110,1,3,JumpScratch,6
37.3864,-1.0,900,1,3,0,0
37.5000,-1.0,900,1,3,0,0
37.6136,-1.0,900,1,3,0,0
37.7273,-1.0,900,1,3,0,0
37.8409,-1.0,900,1,3,0,0
37.9545,-1.0,900,1,3,0,0
37.9545,-1.0,83,4,3,0,0
37.9545,38.0682,110,4,3,JumpScratch,6
37.9545,-1.0,83,7,3,0,0
37.9545,38.1250,110,7,3,JumpScratch,6
37.9545,-1.0,83,10,3,0,0
37.9545,38.2955,110,10,3,JumpScratch,-5
38.0682,-1.0,900,10,3,0,0
38.1818,-1.0,900,10,3,0,0
38.2955,38.3239,110,8,3,JumpScratch,-5
38.2955,38.4091,110,10,3,0,0
38.3239,38.3523,110,6,3,JumpScratch,-5
38.3523,38.3807,110,4,3,JumpScratch,-6
38.6364,-1.0,20,1,3,0,0
38.6364,-1.0,50,7,3,0,0
38.6364,-1.0,50,10,3,0,0
38.7500,-1.0,10,4,4,0,0
38.8636,-1.0,20,1,3,0,0
38.8636,-1.0,50,6,4,0,0
38.8636,-1.0,50,10,3,0,0
38.9773,-1.0,10,4,5,0,0
39.0909,-1.0,20,1,3,0,0
39.0909,-1.0,50,5,5,0,0
39.0909,-1.0,50,10,3,0,0
39.2045,-1.0,10,4,6,0,0
39.3182,-1.0,50,1,3,0,0
39.3182,-1.0,50,4,3,0,0
39.3182,-1.0,20,10,3,0,0
39.4318,-1.0,10,6,4,0,0
39.5455,-1.0,50,1,3,0,0
39.5455,-1.0,50,4,4,0,0
39.5455,-1.0,20,10,3,0,0
39.6591,-1.0,10,5,5,0,0
39.7727,-1.0,50,1,3,0,0
39.7727,-1.0,50,4,5,0,0
39.7727,-1.0,20,10,3,0,0
39.8864,-1.0,10,4,6,0,0
40.0,-1.0,50,1,3,0,0
40.0,-1.0,50,4,6,0,0
40.0,-1.0,82,11,2,0,0
40.0,40.6818,110,11,2,JumpScratch,-6
40.1136,-1.0,900,11,2,0,0
40.2273,-1.0,900,11,2,0,0
40.3409,-1.0,900,11,2,0,0
40.4545,41.1364,100,6,2,0,0
40.4545,-1.0,900,11,2,0,0
40.5682,-1.0,900,6,2,0,0
40.5682,-1.0,900,11,2,0,0
40.6818,40.7102,110,7,3,JumpScratch,-6
40.6818,-1.0,81,2,3,0,0
40.6818,41.1364,101,2,3,0,0
40.7102,40.7386,110,4,3,JumpScratch,-5
40.7386,40.7670,110,2,3,JumpScratch,-4
40.7670,40.7955,110,1,3,JumpScratch,4
40.8239,40.8523,110,4,3,JumpScratch,6
40.8523,40.8807,110,7,3,JumpScratch,6
40.8807,41.1364,110,10,3,0,0
40.9091,-1.0,900,2,3,0,0
40.9848,-1.0,900,10,3,0,0
41.0227,-1.0,900,2,3,0,0
41.0227,-1.0,900,6,2,0,0
40.7955,40.8239,110,2,3,JumpScratch,5
41.3636,-1.0,50,1,4,0,0
41.3636,-1.0,10,7,3,0,0
41.3636,-1.0,10,10,3,0,0
41.4773,-1.0,10,4,3,0,0
41.4773,-1.0,10,7,3,0,0
41.5909,-1.0,10,4,3,0,0
41.5909,-1.0,10,7,3,0,0
41.7045,-1.0,10,1,3,0,0
41.7045,-1.0,10,4,3,0,0
41.7045,-1.0,50,9,4,0,0
41.8182,-1.0,10,4,3,0,0
41.8182,-1.0,10,7,3,0,0
41.9318,-1.0,10,4,3,0,0
41.9318,-1.0,10,7,3,0,0
42.0455,-1.0,83,9,4,0,0
42.0455,42.0739,110,9,4,JumpScratch,-7
42.0739,42.1023,110,6,3,JumpScratch,-6
42.1023,42.1307,110,3,3,JumpScratch,-5
42.2727,-1.0,83,1,4,0,0
42.2727,42.3011,110,1,4,JumpScratch,7
42.2727,-1.0,50,8,5,JumpScratch,5
42.3011,42.3295,110,5,3,JumpScratch,6
42.3295,42.3580,110,8,3,JumpScratch,5
42.5000,-1.0,10,1,3,0,0
42.5000,-1.0,10,4,3,0,0
42.5000,-1.0,50,9,4,0,0
42.6136,-1.0,10,4,3,0,0
42.6136,-1.0,10,7,3,0,0
42.7273,-1.0,10,4,3,0,0
42.7273,-1.0,10,7,3,0,0
42.8409,-1.0,50,1,4,0,0
42.8409,-1.0,10,7,3,0,0
42.8409,-1.0,10,10,3,0,0
42.9545,-1.0,10,4,3,0,0
42.9545,-1.0,10,7,3,0,0
43.0682,-1.0,10,4,3,0,0
43.0682,-1.0,10,7,3,0,0
43.1818,-1.0,83,1,4,0,0
43.1818,43.2102,110,1,4,JumpScratch,7
43.2102,43.2386,110,5,3,JumpScratch,6
43.2386,43.2670,110,8,3,JumpScratch,5
43.4091,-1.0,50,1,5,JumpScratch,-5
43.4091,-1.0,83,9,4,0,0
43.4091,43.4375,110,9,4,JumpScratch,-7
43.4375,43.4659,110,6,3,JumpScratch,-6
43.4659,43.4943,110,3,3,JumpScratch,-5
43.6364,-1.0,50,1,4,0,0
43.6364,-1.0,10,7,3,0,0
43.6364,-1.0,10,10,3,0,0
43.7500,-1.0,10,4,3,0,0
43.7500,-1.0,10,7,3,0,0
43.8636,-1.0,10,4,3,0,0
43.8636,-1.0,10,7,3,0,0
43.9773,-1.0,10,1,3,0,0
43.9773,-1.0,10,4,3,0,0
43.9773,-1.0,50,9,4,0,0
44.0909,-1.0,10,4,3,0,0
44.0909,-1.0,10,7,3,0,0
44.2045,-1.0,10,4,3,0,0
44.2045,-1.0,10,7,3,0,0
44.3182,-1.0,83,9,4,0,0
44.3182,44.3466,110,9,4,JumpScratch,-7
44.3466,44.3750,110,6,3,JumpScratch,-6
44.3750,44.4034,110,3,3,JumpScratch,-5
44.5455,-1.0,83,1,4,0,0
44.5455,44.5739,110,1,4,JumpScratch,7
44.5455,-1.0,50,8,5,JumpScratch,5
44.5739,44.6023,110,5,3,JumpScratch,6
44.6023,44.6307,110,8,3,JumpScratch,5
44.7727,-1.0,80,6,2,0,0
44.7727,45.4545,100,6,2,0,0
44.8864,-1.0,900,6,2,0,0
45.0,-1.0,900,6,2,0,0
45.0,-1.0,10,9,3,0,0
45.0568,-1.0,10,2,3,0,0
45.1136,-1.0,900,6,2,0,0
45.1136,-1.0,10,9,3,0,0
45.1705,-1.0,10,2,3,0,0
45.2273,-1.0,900,6,2,0,0
45.2273,-1.0,10,9,3,0,0
45.2841,-1.0,10,2,3,0,0
45.3409,-1.0,900,6,2,0,0
45.3409,-1.0,10,9,3,0,0
45.3977,-1.0,10,2,3,0,0
45.4545,-1.0,20,1,12,0,0
45.4545,45.4830,110,6,2,JumpScratch,4
45.4830,45.5114,110,6,2,JumpScratch,-3
45.5114,45.5398,110,6,2,JumpScratch,4
45.5398,45.5682,110,6,2,JumpScratch,-4
45.5682,45.5966,110,6,2,JumpScratch,5
45.5966,45.6250,110,6,2,JumpScratch,-5
45.6250,45.6534,110,6,2,JumpScratch,6
45.6534,45.6818,110,6,2,JumpScratch,-6
45.6818,45.7102,110,6,2,JumpScratch,7
45.7102,45.7386,110,6,2,JumpScratch,-7
45.7386,45.7670,110,6,2,JumpScratch,7
45.7670,45.7955,110,6,2,JumpScratch,-7
45.7955,45.8239,110,6,2,JumpScratch,7
45.8239,45.8523,110,6,2,JumpScratch,-7
45.8523,45.8807,110,6,2,JumpScratch,7
45.8807,45.9091,110,6,2,JumpScratch,-7
46.1364,-1.0,20,5,4,0,0
46.1364,-1.0,20,9,4,0,0
46.1364,-1.0,50,1,4,0,0
46.1364,46.1648,110,5,8,JumpScratch,8
46.1648,46.1932,110,7,6,JumpScratch,6
46.1932,46.4773,110,9,4,0,0
46.3068,-1.0,900,9,4,0,0
46.4205,-1.0,900,9,4,0,0
46.4773,-1.0,20,1,4,0,0
46.4773,-1.0,20,5,4,0,0
46.4773,46.5057,110,1,8,JumpScratch,-8
46.5057,46.5341,110,1,6,JumpScratch,-6
46.5341,46.8182,110,1,4,0,0
46.6477,-1.0,900,1,4,0,0
46.7614,-1.0,900,1,4,0,0
46.8182,-1.0,20,5,4,0,0
46.8182,-1.0,20,9,4,0,0
46.8182,46.8466,110,5,8,JumpScratch,8
46.8466,46.8750,110,7,6,JumpScratch,6
46.8750,47.0455,110,9,4,0,0
46.9886,-1.0,900,9,4,0,0
47.0455,-1.0,20,1,4,0,0
47.0455,-1.0,20,5,4,0,0
47.0455,47.0739,110,1,8,JumpScratch,8
47.0739,47.1023,110,5,4,JumpScratch,6
47.1023,47.1307,110,8,3,JumpScratch,5
47.1307,47.6136,100,10,3,0,0
47.2727,-1.0,20,1,3,0,0
47.2727,-1.0,20,4,3,0,0
47.2727,-1.0,900,10,3,0,0
47.2727,47.3011,110,1,6,JumpScratch,7
47.3011,47.3295,110,4,4,JumpScratch,5
47.3295,47.3580,110,6,3,JumpScratch,4
47.3580,47.6136,110,7,3,JumpScratch,-4
47.3580,-1.0,900,10,3,0,0
47.4621,-1.0,900,7,3,0,0
47.4621,-1.0,900,10,3,0,0
47.6136,47.6420,110,6,3,JumpScratch,-5
47.6420,47.6705,110,4,3,JumpScratch,-6
47.9545,-1.0,10,1,3,0,0
47.9545,-1.0,20,8,5,0,0
48.0114,-1.0,10,4,2,0,0
48.0682,-1.0,10,6,2,0,0
48.1250,-1.0,10,8,2,0,0
48.1818,-1.0,20,1,5,0,0
48.1818,-1.0,10,10,3,0,0
48.2386,-1.0,10,8,2,0,0
48.2955,-1.0,10,6,2,0,0
48.3523,-1.0,10,4,2,0,0
48.4091,-1.0,20,1,3,0,0
48.4091,-1.0,10,10,3,0,0
48.5227,-1.0,10,4,2,0,0
48.5227,-1.0,10,8,2,0,0
48.6364,-1.0,10,1,3,0,0
48.6364,-1.0,10,6,2,0,0
48.7500,-1.0,20,8,2,0,0
48.8068,-1.0,20,6,2,0,0
48.8636,-1.0,20,4,2,0,0
48.9773,-1.0,10,6,2,0,0
49.0341,-1.0,10,4,2,0,0
49.0909,-1.0,10,1,3,0,0
49.0909,-1.0,10,10,3,0,0
49.1477,-1.0,10,8,2,0,0
49.2045,-1.0,10,6,2,0,0
49.2614,-1.0,10,4,2,0,0
49.3182,-1.0,10,1,3,0,0
49.3182,-1.0,10,10,3,0,0
49.3750,-1.0,10,8,2,0,0
49.4318,-1.0,10,6,2,0,0
49.4886,-1.0,10,4,2,0,0
49.5455,-1.0,20,8,3,0,0
49.6023,-1.0,10,6,2,0,0
49.6591,-1.0,20,1,3,0,0
49.7159,-1.0,10,4,3,0,0
49.7727,-1.0,20,9,3,0,0
49.8295,-1.0,10,5,4,0,0
49.8864,-1.0,20,1,4,0,0
49.9432,-1.0,10,5,4,0,0
50.0,-1.0,20,9,4,0,0
50.0568,-1.0,10,6,3,0,0
50.1136,-1.0,20,1,5,0,0
50.1705,-1.0,10,6,4,0,0
50.2273,-1.0,50,10,3,0,0
50.9091,-1.0,20,1,3,0,0
50.9091,-1.0,82,4,3,0,0
50.9091,50.9375,110,4,3,JumpScratch,5
50.9091,-1.0,50,9,4,0,0
50.9375,50.9659,110,6,3,JumpScratch,4
50.9659,51.5909,100,7,3,0,0
51.0795,-1.0,900,7,3,0,0
51.1364,-1.0,82,10,3,0,0
51.1364,51.2500,110,10,3,JumpScratch,-12
51.2500,51.2784,110,1,3,JumpScratch,4
51.2784,51.3068,110,2,3,JumpScratch,4
51.3068,51.3352,110,3,3,JumpScratch,4
51.4205,-1.0,900,7,3,0,0
51.4773,-1.0,10,5,3,0,0
51.5341,-1.0,900,7,3,0,0
51.5909,-1.0,20,1,3,0,0
51.6477,-1.0,10,4,2,0,0
51.7045,-1.0,10,6,3,0,0
51.7614,-1.0,10,9,2,0,0
51.8182,-1.0,20,1,3,0,0
51.8182,-1.0,20,5,3,0,0
52.0455,-1.0,50,1,4,0,0
52.0455,-1.0,82,7,3,0,0
52.0455,52.0739,110,7,3,JumpScratch,-5
52.0455,-1.0,20,10,3,0,0
52.0739,52.1023,110,5,3,JumpScratch,-4
52.1023,52.7273,100,4,3,0,0
52.2159,-1.0,900,4,3,0,0
52.2727,-1.0,82,1,3,0,0
52.2727,52.3864,110,1,3,JumpScratch,12
52.3864,52.4148,110,10,3,JumpScratch,-4
52.4148,52.4432,110,9,3,JumpScratch,-4
52.4432,52.4716,110,8,3,JumpScratch,-4
52.5568,-1.0,900,4,3,0,0
52.6136,-1.0,10,6,3,0,0
52.6705,-1.0,900,4,3,0,0
52.7273,-1.0,20,10,3,0,0
52.7841,-1.0,10,8,2,0,0
52.8409,-1.0,10,5,3,0,0
52.8977,-1.0,10,3,2,0,0
52.9545,-1.0,20,6,3,0,0
52.9545,-1.0,20,10,3,0,0
53.1818,-1.0,20,1,3,0,0
53.1818,-1.0,82,4,3,0,0
53.1818,53.2102,110,4,3,JumpScratch,5
53.1818,-1.0,50,9,4,0,0
53.2102,53.2386,110,6,3,JumpScratch,4
53.2386,53.8636,100,7,3,0,0
53.3523,-1.0,900,7,3,0,0
53.4091,-1.0,82,10,3,0,0
53.4091,53.5227,110,10,3,JumpScratch,-12
53.5227,53.5511,110,1,3,JumpScratch,4
53.5511,53.5795,110,2,3,JumpScratch,4
53.5795,53.6080,110,3,3,JumpScratch,4
53.6932,-1.0,900,7,3,0,0
53.7500,-1.0,10,5,4,0,0
53.8068,-1.0,900,7,3,0,0
53.8636,-1.0,20,1,3,0,0
53.9205,-1.0,10,4,2,0,0
53.9773,-1.0,10,6,3,0,0
54.0341,-1.0,10,9,2,0,0
54.0909,-1.0,20,1,3,0,0
54.0909,-1.0,20,5,3,0,0
54.3182,-1.0,20,1,3,0,0
54.3182,-1.0,10,4,2,0,0
54.3182,-1.0,50,9,4,0,0
54.4318,-1.0,10,6,2,0,0
54.5455,-1.0,50,1,4,0,0
54.5455,-1.0,10,8,2,0,0
54.5455,-1.0,20,10,3,0,0
54.6591,-1.0,10,6,2,0,0
54.7727,-1.0,83,4,4,0,0
54.7727,54.8011,110,4,4,JumpScratch,-5
54.8011,54.8295,110,3,3,JumpScratch,-4
54.8295,54.8580,110,2,2,JumpScratch,-3
54.8864,-1.0,83,6,4,0,0
54.8864,54.9148,110,6,4,JumpScratch,5
54.9148,54.9432,110,8,3,JumpScratch,4
54.9432,54.9716,110,10,2,JumpScratch,3
55.0,-1.0,83,1,6,0,0
55.0,55.0284,110,1,6,JumpScratch,8
55.0284,55.0568,110,5,4,JumpScratch,6
55.0568,55.0852,110,7,4,JumpScratch,5
55.0852,55.1136,110,9,3,JumpScratch,4
55.1136,55.1420,110,10,3,JumpScratch,-4
55.1420,55.1705,110,9,3,JumpScratch,-5
55.1705,55.1989,110,7,4,JumpScratch,-6
55.1989,55.2273,110,5,4,JumpScratch,-8
55.4545,-1.0,20,5,3,0,0
55.4545,-1.0,10,8,2,0,0
55.4545,-1.0,20,10,3,0,0
55.6250,-1.0,20,1,3,0,0
55.6250,-1.0,10,4,2,0,0
55.6250,-1.0,20,6,3,0,0
55.7955,-1.0,20,4,4,0,0
55.7955,-1.0,10,8,2,0,0
55.7955,-1.0,20,10,3,0,0
55.9659,-1.0,20,1,3,0,0
55.9659,-1.0,10,4,2,0,0
55.9659,-1.0,20,6,4,0,0
56.1364,-1.0,20,3,5,0,0
56.1364,-1.0,82,8,2,0,0
56.1364,56.1648,110,8,2,JumpScratch,-4
56.1364,-1.0,20,10,3,0,0
56.1648,56.1932,110,6,2,JumpScratch,-4
56.1932,56.2216,110,4,3,JumpScratch,-4
56.2216,56.5909,110,3,3,JumpScratch,4
56.3352,-1.0,900,3,3,0,0
56.4489,-1.0,900,3,3,0,0
56.5909,56.6193,110,4,3,JumpScratch,6
56.5909,-1.0,50,9,4,JumpScratch,4
56.6193,56.6477,110,7,3,JumpScratch,4
56.6477,56.7614,110,8,3,JumpScratch,-4
56.7614,-1.0,50,1,4,JumpScratch,-4
56.7614,56.7898,110,7,3,JumpScratch,-5
56.7898,56.8182,110,5,3,JumpScratch,-5
56.8182,56.9318,110,3,3,JumpScratch,4
56.9318,56.9602,110,4,3,JumpScratch,5
56.9318,-1.0,50,9,4,JumpScratch,4
56.9602,56.9886,110,6,3,JumpScratch,5
56.9886,57.1023,110,8,3,JumpScratch,-4
57.1023,-1.0,50,1,4,JumpScratch,-4
57.1023,57.1307,110,7,3,JumpScratch,-5
57.1307,57.1591,110,5,3,JumpScratch,-5
57.1591,57.2727,110,3,3,JumpScratch,4
57.2727,57.3011,110,4,3,JumpScratch,5
57.2727,-1.0,50,9,4,JumpScratch,4
57.3011,57.3295,110,6,3,JumpScratch,5
57.3295,57.3580,110,8,3,JumpScratch,4
57.3580,57.3864,110,9,3,JumpScratch,4
57.3864,57.4148,110,10,3,JumpScratch,-5
57.4148,57.4432,110,8,3,JumpScratch,-5
57.4432,57.4716,110,6,3,JumpScratch,-5
57.4716,57.5000,110,4,3,JumpScratch,-6
57.7273,-1.0,20,1,3,0,0
57.7273,-1.0,82,4,3,0,0
57.7273,57.7557,110,4,3,JumpScratch,5
57.7273,-1.0,50,9,4,0,0
57.7557,57.7841,110,6,3,JumpScratch,4
57.7841,58.4091,100,7,3,0,0
57.8977,-1.0,900,7,3,0,0
57.9545,-1.0,82,10,3,0,0
57.9545,58.0682,110,10,3,JumpScratch,-12
58.0682,58.0966,110,1,3,JumpScratch,4
58.0966,58.1250,110,2,3,JumpScratch,4
58.1250,58.1534,110,3,3,JumpScratch,4
58.2386,-1.0,900,7,3,0,0
58.2955,-1.0,10,5,4,0,0
58.3523,-1.0,900,7,3,0,0
58.4091,-1.0,20,1,3,0,0
58.4659,-1.0,10,4,2,0,0
58.5227,-1.0,10,6,2,0,0
58.5795,-1.0,10,8,2,0,0
58.6364,-1.0,20,1,3,0,0
58.6932,-1.0,10,4,3,0,0
58.7500,-1.0,10,7,3,0,0
58.8636,-1.0,20,1,3,0,0
58.8636,-1.0,20,10,3,0,0
58.9773,-1.0,10,5,4,0,0
59.0909,-1.0,10,5,4,0,0
59.2045,-1.0,20,1,4,0,0
59.2614,-1.0,20,5,4,0,0
59.3182,-1.0,20,9,4,0,0
59.3750,-1.0,20,5,4,0,0
59.4318,-1.0,20,1,4,0,0
59.4886,-1.0,20,5,4,0,0
59.5455,-1.0,83,9,4,0,0
59.5455,59.5739,110,9,4,JumpScratch,-8
59.5739,59.6023,110,5,4,JumpScratch,-8
59.6023,59.7727,100,1,4,0,0
59.7159,-1.0,900,1,4,0,0
59.7727,-1.0,50,9,4,0,0
60.0,-1.0,50,3,4,0,0
60.0,-1.0,82,7,3,0,0
60.0,60.0284,110,7,3,JumpScratch,5
60.0,-1.0,20,10,3,0,0
60.0284,60.0568,110,9,3,JumpScratch,4
60.0568,60.2273,110,10,3,JumpScratch,-9
60.1705,-1.0,900,10,3,0,0
60.2273,-1.0,82,1,3,0,0
60.2273,60.3409,110,1,3,JumpScratch,12
60.2273,60.6818,100,4,3,0,0
60.3409,60.3693,110,10,3,JumpScratch,-4
60.3693,60.3977,110,9,3,JumpScratch,-4
60.3977,60.4261,110,8,3,JumpScratch,-4
60.4545,-1.0,900,4,3,0,0
60.5682,-1.0,10,6,3,0,0
60.6818,-1.0,20,10,3,0,0
60.7386,-1.0,10,8,2,0,0
60.7955,-1.0,10,5,3,0,0
60.8523,-1.0,10,8,2,0,0
60.9091,-1.0,20,1,3,0,0
60.9091,-1.0,20,10,3,0,0
60.9659,-1.0,10,4,3,0,0
61.0227,-1.0,10,7,3,0,0
61.1364,-1.0,81,1,3,0,0
61.1364,61.3636,101,1,3,0,0
61.1364,-1.0,10,4,3,0,0
61.1364,-1.0,10,10,3,0,0
61.2500,-1.0,900,1,3,0,0
61.2500,-1.0,10,7,3,0,0
61.3636,-1.0,10,4,3,0,0
61.4773,-1.0,10,1,3,0,0
61.4773,-1.0,10,7,3,0,0
61.4773,-1.0,81,10,3,0,0
61.4773,61.7045,101,10,3,0,0
61.5909,-1.0,10,4,3,0,0
61.5909,-1.0,900,10,3,0,0
61.7045,-1.0,10,7,3,0,0
61.8182,-1.0,20,1,3,0,0
61.8182,-1.0,20,10,3,0,0
61.8750,-1.0,10,4,2,0,0
61.9318,-1.0,10,6,3,0,0
61.9886,-1.0,10,9,3,0,0
62.0455,-1.0,20,1,3,0,0
62.1023,-1.0,10,4,3,0,0
62.1591,-1.0,10,7,3,0,0
62.2727,-1.0,20,1,3,0,0
62.2727,-1.0,82,4,3,0,0
62.2727,62.3011,110,4,3,JumpScratch,-5
62.2727,-1.0,50,9,4,0,0
62.3011,62.3295,110,2,3,JumpScratch,-4
62.3295,62.5000,110,1,3,JumpScratch,9
62.4432,-1.0,900,1,3,0,0
62.5000,62.9545,100,7,3,0,0
62.5000,-1.0,82,10,3,0,0
62.5000,62.6136,110,10,3,JumpScratch,-12
62.6136,62.6420,110,1,3,JumpScratch,4
62.6420,62.6705,110,2,3,JumpScratch,4
62.6705,62.6989,110,3,3,JumpScratch,4
62.7273,-1.0,900,7,3,0,0
62.8409,-1.0,10,5,3,0,0
62.9545,-1.0,20,1,3,0,0
63.0114,-1.0,10,4,2,0,0
63.0682,-1.0,10,6,3,0,0
63.1250,-1.0,10,4,2,0,0
63.1818,-1.0,20,1,3,0,0
63.1818,-1.0,20,10,3,0,0
63.2386,-1.0,10,7,3,0,0
63.2955,-1.0,10,4,3,0,0
63.4091,-1.0,10,1,3,0,0
63.4091,-1.0,10,7,3,0,0
63.4091,-1.0,81,10,3,0,0
63.4091,63.6364,101,10,3,0,0
63.5227,-1.0,10,4,3,0,0
63.5227,-1.0,900,10,3,0,0
63.6364,-1.0,10,7,3,0,0
63.7500,-1.0,81,1,3,0,0
63.7500,63.9773,101,1,3,0,0
63.7500,-1.0,10,4,3,0,0
63.7500,-1.0,10,10,3,0,0
63.8636,-1.0,900,1,3,0,0
63.8636,-1.0,10,7,3,0,0
63.9773,-1.0,10,4,3,0,0
64.0909,-1.0,82,1,3,0,0
64.0909,64.3182,110,1,3,0,0
64.0909,-1.0,83,5,4,0,0
64.0909,64.3182,110,5,4,0,0
64.0909,-1.0,82,10,3,0,0
64.0909,64.3182,110,10,3,0,0
64.2045,-1.0,900,1,3,0,0
64.2045,-1.0,900,5,4,0,0
64.2045,-1.0,900,10,3,0,0
64.5455,-1.0,50,1,4,0,0
64.5455,-1.0,83,6,3,0,0
64.5455,64.5739,110,6,3,JumpScratch,5
64.5455,-1.0,10,10,3,0,0
64.5739,64.6023,110,8,3,JumpScratch,5
64.6023,64.8864,100,10,3,0,0
64.7159,-1.0,900,10,3,0,0
64.7727,-1.0,10,1,3,0,0
64.7727,-1.0,10,5,3,0,0
64.8295,-1.0,900,10,3,0,0
64.8864,-1.0,10,1,3,0,0
64.8864,-1.0,83,5,3,0,0
64.8864,64.9148,110,5,3,JumpScratch,-5
64.9148,64.9432,110,3,3,JumpScratch,-5
64.9432,65.2273,100,1,3,0,0
65.0568,-1.0,900,1,3,0,0
65.1136,-1.0,10,5,4,0,0
65.1136,-1.0,10,10,3,0,0
65.1705,-1.0,900,1,3,0,0
65.2273,-1.0,83,5,4,0,0
65.2273,65.2557,110,5,4,JumpScratch,6
65.2273,-1.0,10,10,3,0,0
65.2557,65.2841,110,8,3,JumpScratch,5
65.2841,65.4545,100,10,3,0,0
65.3977,-1.0,900,10,3,0,0
65.4545,-1.0,83,1,4,0,0
65.4545,65.4830,110,1,4,JumpScratch,6
65.4830,65.5114,110,3,4,JumpScratch,6
65.5114,65.6818,100,5,4,0,0
65.6250,-1.0,900,5,4,0,0
65.6818,-1.0,50,1,4,0,0
65.9091,-1.0,10,1,3,0,0
65.9091,-1.0,83,5,3,0,0
65.9091,65.9375,110,5,3,JumpScratch,-5
65.9091,-1.0,50,9,4,0,0
65.9375,65.9659,110,3,3,JumpScratch,-5
65.9659,66.2500,100,1,3,0,0
66.0795,-1.0,900,1,3,0,0
66.1364,-1.0,10,6,3,0,0
66.1364,-1.0,10,10,3,0,0
66.1932,-1.0,900,1,3,0,0
66.2500,-1.0,83,6,3,0,0
66.2500,66.2784,110,6,3,JumpScratch,5
66.2500,-1.0,10,10,3,0,0
66.2784,66.3068,110,8,3,JumpScratch,5
66.3068,66.5909,100,10,3,0,0
66.4205,-1.0,900,10,3,0,0
66.4773,-1.0,10,1,3,0,0
66.4773,-1.0,10,5,4,0,0
66.5341,-1.0,900,10,3,0,0
66.5909,-1.0,10,1,3,0,0
66.5909,-1.0,83,5,4,0,0
66.5909,66.6193,110,5,4,JumpScratch,-6
66.6193,66.6477,110,3,3,JumpScratch,-5
66.6477,66.8182,100,1,3,0,0
66.7614,-1.0,900,1,3,0,0
66.8182,-1.0,83,9,4,0,0
66.8182,66.8466,110,9,4,JumpScratch,-6
66.8466,66.8750,110,7,4,JumpScratch,-6
66.8750,67.0455,100,5,4,0,0
66.9886,-1.0,900,5,4,0,0
67.0455,-1.0,50,9,4,0,0
67.2727,-1.0,50,1,3,0,0
67.2727,-1.0,83,5,4,0,0
67.2727,67.3011,110,5,4,JumpScratch,6
67.2727,-1.0,10,10,3,0,0
67.3011,67.3295,110,8,3,JumpScratch,5
67.3295,67.6136,100,10,3,0,0
67.4432,-1.0,900,10,3,0,0
67.5000,-1.0,10,1,3,0,0
67.5000,-1.0,10,5,4,0,0
67.5568,-1.0,900,10,3,0,0
67.6136,-1.0,10,1,3,0,0
67.6136,-1.0,83,5,4,0,0
67.6136,67.6420,110,5,4,JumpScratch,-6
67.6420,67.6705,110,3,3,JumpScratch,-5
67.6705,67.9545,100,1,3,0,0
67.7841,-1.0,900,1,3,0,0
67.8409,-1.0,10,4,4,0,0
67.8409,-1.0,10,9,3,0,0
67.8977,-1.0,900,1,3,0,0
67.9545,-1.0,83,4,4,0,0
67.9545,67.9830,110,4,4,JumpScratch,7
67.9545,-1.0,10,9,3,0,0
67.9830,68.0114,110,7,4,JumpScratch,6
68.0114,68.1818,100,10,3,0,0
68.1250,-1.0,900,10,3,0,0
68.1818,-1.0,83,1,4,0,0
68.1818,68.2102,110,1,4,JumpScratch,7
68.2102,68.2386,110,4,4,JumpScratch,7
68.2386,68.4091,100,7,4,0,0
68.3523,-1.0,900,7,4,0,0
68.4091,-1.0,50,1,6,0,0
68.6364,-1.0,10,1,3,0,0
68.6364,-1.0,83,5,4,0,0
68.6364,68.6648,110,5,4,JumpScratch,-6
68.6364,-1.0,50,10,3,0,0
68.6648,68.6932,110,3,3,JumpScratch,-5
68.6932,69.2045,110,1,3,JumpScratch,6
68.8068,-1.0,900,1,3,0,0
68.8636,-1.0,10,4,4,0,0
68.8636,-1.0,10,9,3,0,0
68.9205,-1.0,900,1,3,0,0
68.9773,-1.0,83,4,4,0,0
68.9773,69.0057,110,4,4,JumpScratch,6
69.0057,69.0341,110,7,3,JumpScratch,6
69.0341,-1.0,900,1,3,0,0
69.0341,69.2045,110,10,3,JumpScratch,-6
69.1477,-1.0,900,1,3,0,0
69.1477,-1.0,900,10,3,0,0
69.3182,-1.0,50,5,4,0,0
69.4318,-1.0,50,5,4,0,0
69.5455,-1.0,50,1,4,0,0
69.5455,-1.0,50,9,4,0,0
70.0,-1.0,50,7,6,0,0
70.1136,-1.0,10,1,3,0,0
70.1136,-1.0,10,4,3,0,0
70.2273,-1.0,10,1,3,0,0
70.2273,-1.0,10,4,3,0,0
70.3409,-1.0,50,5,6,0,0
70.4545,-1.0,10,3,3,0,0
70.4545,-1.0,10,6,3,0,0
70.5682,-1.0,10,3,3,0,0
70.5682,-1.0,10,6,3,0,0
70.6818,-1.0,50,3,6,0,0
70.7955,-1.0,10,5,3,0,0
70.7955,-1.0,10,8,3,0,0
70.9091,-1.0,10,5,3,0,0
70.9091,-1.0,10,8,3,0,0
71.0227,-1.0,50,1,6,0,0
71.1364,-1.0,50,7,6,0,0
71.1364,71.2500,110,7,6,0,0
71.3636,-1.0,50,1,6,0,0
71.4773,-1.0,10,5,3,0,0
71.4773,-1.0,10,8,3,0,0
71.5909,-1.0,10,5,3,0,0
71.5909,-1.0,10,8,3,0,0
71.7045,-1.0,50,3,6,0,0
71.8182,-1.0,10,3,3,0,0
71.8182,-1.0,10,6,3,0,0
71.9318,-1.0,10,3,3,0,0
71.9318,-1.0,10,6,3,0,0
72.0455,-1.0,50,7,6,0,0
72.1591,-1.0,10,4,3,0,0
72.1591,-1.0,10,7,3,0,0
72.2727,-1.0,50,1,6,0,0
72.3864,-1.0,10,4,3,0,0
72.3864,-1.0,10,7,3,0,0
72.5000,-1.0,50,7,6,0,0
72.6136,-1.0,82,1,6,0,0
72.6136,72.7273,110,1,6,0,0
72.8409,-1.0,10,7,3,0,0
72.8409,-1.0,10,10,3,0,0
72.9545,-1.0,10,7,3,0,0
72.9545,-1.0,10,10,3,0,0
73.0682,-1.0,50,3,6,0,0
73.1818,-1.0,10,5,3,0,0
73.1818,-1.0,10,8,3,0,0
73.2955,-1.0,10,5,3,0,0
73.2955,-1.0,10,8,3,0,0
73.4091,-1.0,50,5,6,0,0
73.5227,-1.0,10,3,3,0,0
73.5227,-1.0,10,6,3,0,0
73.6364,-1.0,10,3,3,0,0
73.6364,-1.0,10,6,3,0,0
73.7500,-1.0,50,7,6,0,0
73.8636,-1.0,10,1,3,0,0
73.8636,-1.0,10,4,3,0,0
73.9773,-1.0,10,1,3,0,0
73.9773,-1.0,10,4,3,0,0
74.0909,-1.0,50,5,6,0,0
74.2045,-1.0,82,3,4,0,0
74.2045,74.2424,110,3,4,JumpScratch,5
74.2424,74.2803,110,5,3,JumpScratch,5
74.2803,74.3182,110,7,3,JumpScratch,5
74.4318,-1.0,10,1,3,0,0
74.4318,-1.0,10,4,3,0,0
74.5455,-1.0,10,1,3,0,0
74.5455,-1.0,10,4,3,0,0
74.6591,-1.0,10,1,3,0,0
74.6591,-1.0,10,4,3,0,0
74.7727,-1.0,10,7,3,0,0
74.7727,-1.0,10,10,3,0,0
74.8864,-1.0,82,5,3,0,0
74.8864,74.9148,110,5,3,JumpScratch,-5
74.9148,74.9432,110,3,3,JumpScratch,-4
74.9432,74.9716,110,2,2,JumpScratch,-3
74.9716,75.0,110,1,2,JumpScratch,12
75.0,75.2273,110,1,2,0,0
75.0,75.2273,110,11,2,0,0
75.6818,-1.0,10,7,2,0,0
75.7386,-1.0,10,5,2,0,0
75.7955,-1.0,80,1,2,0,0
75.7955,76.3636,100,1,2,0,0
75.7955,-1.0,80,11,2,0,0
75.7955,76.1364,100,11,2,0,0
75.9091,-1.0,900,1,2,0,0
75.9091,-1.0,900,11,2,0,0
76.0227,-1.0,900,1,2,0,0
76.0227,-1.0,900,11,2,0,0
76.1364,-1.0,900,1,2,0,0
76.1364,-1.0,30,1,2,0,0
76.1364,-1.0,10,9,2,0,0
76.1364,76.5909,100,11,2,0,0
76.1932,-1.0,10,7,2,0,0
76.2500,-1.0,900,1,2,0,0
76.2500,-1.0,10,5,2,0,0
76.2500,-1.0,900,11,2,0,0
76.3068,-1.0,10,3,2,0,0
76.3636,76.8182,100,1,2,0,0
76.3636,-1.0,10,9,2,0,0
76.3636,-1.0,900,11,2,0,0
76.3636,-1.0,30,11,2,0,0
76.4205,-1.0,10,7,2,0,0
76.4773,-1.0,900,1,2,0,0
76.4773,-1.0,10,5,2,0,0
76.4773,-1.0,900,11,2,0,0
76.5341,-1.0,10,3,2,0,0
76.5909,-1.0,900,1,2,0,0
76.5909,-1.0,30,1,2,0,0
76.5909,-1.0,10,5,2,0,0
76.5909,77.0455,100,11,2,0,0
76.6477,-1.0,10,7,2,0,0
76.7045,-1.0,900,1,2,0,0
76.7045,-1.0,10,5,2,0,0
76.7045,-1.0,900,11,2,0,0
76.7614,-1.0,10,7,2,0,0
76.8182,77.2727,100,1,2,0,0
76.8182,-1.0,10,3,2,0,0
76.8182,-1.0,900,11,2,0,0
76.8182,-1.0,30,11,2,0,0
76.8750,-1.0,10,5,2,0,0
76.9318,-1.0,900,1,2,0,0
76.9318,-1.0,10,7,2,0,0
76.9318,-1.0,900,11,2,0,0
76.9886,-1.0,10,9,2,0,0
77.0455,-1.0,900,1,2,0,0
77.0455,-1.0,30,1,2,0,0
77.0455,-1.0,10,3,2,0,0
77.0455,77.5000,100,11,2,0,0
77.1023,-1.0,10,5,2,0,0
77.1591,-1.0,900,1,2,0,0
77.1591,-1.0,10,7,2,0,0
77.1591,-1.0,900,11,2,0,0
77.2159,-1.0,10,9,2,0,0
77.2727,77.5000,100,1,2,0,0
77.2727,-1.0,10,7,2,0,0
77.2727,-1.0,900,11,2,0,0
77.2727,-1.0,30,11,2,0,0
77.3295,-1.0,10,5,2,0,0
77.3864,-1.0,900,1,2,0,0
77.3864,-1.0,10,7,2,0,0
77.3864,-1.0,900,11,2,0,0
77.4432,-1.0,10,5,2,0,0
77.5000,-1.0,10,9,2,0,0
77.5568,-1.0,10,7,2,0,0
77.6136,-1.0,10,5,2,0,0
77.6705,-1.0,10,3,2,0,0
77.7273,-1.0,10,1,2,0,0
77.7273,-1.0,10,11,2,0,0
77.7841,-1.0,10,9,2,0,0
77.8409,-1.0,10,7,2,0,0
77.8977,-1.0,10,5,2,0,0
77.9545,-1.0,10,3,2,0,0
78.0114,-1.0,10,5,2,0,0
78.0682,-1.0,10,7,2,0,0
78.1250,-1.0,10,9,2,0,0
78.1818,-1.0,20,1,2,0,0
78.1818,-1.0,10,5,2,0,0
78.2386,-1.0,10,7,2,0,0
78.2955,-1.0,20,1,2,0,0
78.2955,-1.0,10,5,2,0,0
78.3523,-1.0,10,7,2,0,0
78.4091,-1.0,20,1,2,0,0
78.4091,-1.0,10,5,2,0,0
78.4659,-1.0,10,9,2,0,0
78.5227,-1.0,10,7,2,0,0
78.5795,-1.0,10,5,2,0,0
78.6364,-1.0,10,7,2,0,0
78.6364,-1.0,20,11,2,0,0
78.6932,-1.0,10,5,2,0,0
78.7500,-1.0,10,7,2,0,0
78.7500,-1.0,20,11,2,0,0
78.8068,-1.0,10,3,2,0,0
78.8636,-1.0,10,5,2,0,0
78.9205,-1.0,10,7,2,0,0
78.9773,-1.0,20,1,2,0,0
78.9773,-1.0,10,5,2,0,0
79.0341,-1.0,10,9,2,0,0
79.0909,-1.0,10,7,2,0,0
79.1477,-1.0,10,5,2,0,0
79.2045,-1.0,10,7,2,0,0
79.2045,-1.0,20,10,3,0,0
79.2614,-1.0,10,2,3,0,0
79.3182,-1.0,10,5,2,0,0
79.3750,-1.0,10,7,3,0,0
79.4318,-1.0,20,1,3,0,0
79.4318,-1.0,10,5,2,0,0
79.4886,-1.0,10,9,3,0,0
79.5455,-1.0,10,7,2,0,0
79.6023,-1.0,10,4,3,0,0
79.6591,-1.0,10,7,3,0,0
79.6591,-1.0,20,10,3,0,0
79.7159,-1.0,10,1,3,0,0
79.7727,-1.0,10,4,3,0,0
79.8295,-1.0,10,7,3,0,0
79.8864,-1.0,20,1,3,0,0
79.8864,-1.0,10,4,3,0,0
79.9432,-1.0,10,10,3,0,0
80.0,-1.0,10,7,3,0,0
80.0568,-1.0,10,4,3,0,0
80.1136,-1.0,10,7,3,0,0
80.1136,-1.0,20,10,3,0,0
80.1705,-1.0,20,1,3,0,0
80.1705,-1.0,10,4,3,0,0
80.2273,-1.0,20,7,3,0,0
80.2273,-1.0,10,10,3,0,0
80.2841,-1.0,10,1,3,0,0
80.2841,-1.0,20,4,3,0,0
80.3409,-1.0,10,7,3,0,0
80.3409,-1.0,20,10,3,0,0
80.3977,-1.0,20,1,3,0,0
80.3977,-1.0,10,4,3,0,0
80.4545,-1.0,20,7,3,0,0
80.4545,-1.0,10,10,3,0,0
80.5114,-1.0,10,1,3,0,0
80.5114,-1.0,20,4,3,0,0
80.5682,-1.0,10,7,3,0,0
80.5682,-1.0,20,10,3,0,0
80.9091,86.3636,100,6,2,0,0
81.0227,-1.0,900,6,2,0,0
81.1364,-1.0,900,6,2,0,0
81.2500,-1.0,900,6,2,0,0
81.3636,-1.0,900,6,2,0,0
81.4773,-1.0,900,6,2,0,0
81.5909,-1.0,900,6,2,0,0
81.7045,-1.0,900,6,2,0,0
81.8182,-1.0,900,6,2,0,0
81.9318,-1.0,900,6,2,0,0
82.0455,-1.0,900,6,2,0,0
82.1591,-1.0,900,6,2,0,0
82.2727,-1.0,900,6,2,0,0
82.3864,-1.0,900,6,2,0,0
82.5000,-1.0,900,6,2,0,0
82.6136,-1.0,900,6,2,0,0
82.7273,-1.0,900,6,2,0,0
82.8409,-1.0,900,6,2,0,0
82.9545,-1.0,900,6,2,0,0
83.0682,-1.0,900,6,2,0,0
83.1818,-1.0,900,6,2,0,0
83.2955,-1.0,900,6,2,0,0
83.4091,-1.0,900,6,2,0,0
83.5227,-1.0,900,6,2,0,0
83.6364,-1.0,900,6,2,0,0
83.7500,-1.0,900,6,2,0,0
83.8636,-1.0,900,6,2,0,0
83.9773,-1.0,900,6,2,0,0
84.0909,-1.0,900,6,2,0,0
84.2045,-1.0,900,6,2,0,0
84.3182,-1.0,900,6,2,0,0
84.4318,-1.0,900,6,2,0,0
84.5455,-1.0,900,6,2,0,0
84.6591,-1.0,900,6,2,0,0
84.7727,-1.0,900,6,2,0,0
84.8864,-1.0,900,6,2,0,0
85.0,-1.0,10,1,3,0,0
85.0,-1.0,900,6,2,0,0
85.1136,-1.0,900,6,2,0,0
85.2273,-1.0,900,6,2,0,0
85.3409,-1.0,900,6,2,0,0
85.4545,-1.0,10,5,4,0,0
85.5682,-1.0,900,6,2,0,0
85.6818,-1.0,900,6,2,0,0
85.7955,-1.0,900,6,2,0,0
85.9091,-1.0,900,6,2,0,0
85.9091,-1.0,10,10,3,0,0
85.9659,-1.0,10,1,3,0,0
86.0227,-1.0,900,6,2,0,0
86.0227,-1.0,10,9,4,0,0
86.0795,-1.0,10,1,4,0,0
86.1364,-1.0,900,6,2,0,0
86.1364,-1.0,10,8,5,0,0
86.1932,-1.0,10,1,5,0,0
86.2500,-1.0,900,6,2,0,0
86.2500,-1.0,10,9,4,0,0
86.3068,-1.0,10,1,4,0,0
86.3636,90.9091,110,6,2,0,0
86.3636,-1.0,10,10,3,0,0
86.4773,-1.0,900,6,2,0,0
86.5909,-1.0,900,6,2,0,0
86.5909,-1.0,10,8,3,0,0
86.7045,-1.0,900,6,2,0,0
86.8182,-1.0,10,3,3,0,0
86.8182,-1.0,900,6,2,0,0
86.9318,-1.0,900,6,2,0,0
87.0455,-1.0,10,1,3,0,0
87.0455,-1.0,900,6,2,0,0
87.1591,-1.0,900,6,2,0,0
87.2727,-1.0,10,3,3,0,0
87.2727,-1.0,900,6,2,0,0
87.3864,-1.0,900,6,2,0,0
87.5000,-1.0,900,6,2,0,0
87.5000,-1.0,10,8,3,0,0
87.6136,-1.0,900,6,2,0,0
87.6136,-1.0,10,10,3,0,0
87.7273,-1.0,900,6,2,0,0
87.7273,-1.0,10,8,3,0,0
87.8409,-1.0,900,6,2,0,0
87.9545,-1.0,10,1,3,0,0
87.9545,-1.0,900,6,2,0,0
88.0682,-1.0,900,6,2,0,0
88.1818,-1.0,10,5,4,0,0
88.2955,-1.0,900,6,2,0,0
88.4091,-1.0,900,6,2,0,0
88.4091,-1.0,10,10,3,0,0
88.5227,-1.0,10,5,4,0,0
88.6364,-1.0,900,6,2,0,0
88.6364,-1.0,10,10,3,0,0
88.7500,-1.0,900,6,2,0,0
88.8636,-1.0,10,5,4,0,0
88.9773,-1.0,900,6,2,0,0
89.0909,-1.0,10,4,3,0,0
89.2045,-1.0,10,7,3,0,0
89.3182,-1.0,83,1,3,0,0
89.3182,90.9091,110,1,3,0,0
89.3182,-1.0,10,4,3,0,0
89.4318,-1.0,900,1,3,0,0
89.4318,-1.0,900,6,2,0,0
89.5455,-1.0,10,7,3,0,0
89.5455,-1.0,900,1,3,0,0
89.6591,-1.0,900,1,3,0,0
89.6591,-1.0,10,4,3,0,0
89.7727,-1.0,10,7,3,0,0
89.7727,-1.0,900,1,3,0,0
89.7727,-1.0,83,10,3,0,0
89.7727,90.9091,110,10,3,0,0
89.8864,-1.0,900,1,3,0,0
89.8864,-1.0,900,6,2,0,0
89.8864,-1.0,900,10,3,0,0
90.0,-1.0,10,3,4,0,0
90.0,-1.0,900,10,3,0,0
90.1136,-1.0,10,3,4,0,0
90.1136,-1.0,900,10,3,0,0
90.2273,-1.0,10,7,4,0,0
90.2273,-1.0,900,1,3,0,0
90.3409,-1.0,10,7,4,0,0
90.3409,-1.0,900,1,3,0,0
90.4545,-1.0,10,2,6,0,0
90.4545,-1.0,900,10,3,0,0
90.5682,-1.0,10,2,6,0,0
90.5682,-1.0,900,10,3,0,0
90.6818,-1.0,10,6,6,0,0
90.6818,-1.0,900,1,3,0,0
90.7955,-1.0,10,6,6,0,0
90.7955,-1.0,900,1,3,0,0
91.8182,-1.0,50,1,3,0,0
91.8182,-1.0,50,5,4,0,0
91.8182,-1.0,50,10,3,0,0
92.0455,-1.0,10,7,3,0,0
92.1023,-1.0,10,4,3,0,0
92.1591,-1.0,10,7,2,0,0
92.1591,-1.0,10,10,3,0,0
92.2159,-1.0,10,3,3,0,0
92.2727,-1.0,10,6,2,0,0
92.2727,-1.0,10,9,3,0,0
92.3295,-1.0,10,2,3,0,0
92.3864,-1.0,10,5,2,0,0
92.3864,-1.0,10,8,3,0,0
92.4432,-1.0,10,1,3,0,0
92.5000,-1.0,83,9,4,0,0
92.5000,92.5568,110,9,4,JumpScratch,-7
92.5568,92.6136,110,6,4,JumpScratch,-7
92.6136,92.6705,110,3,4,JumpScratch,-6
92.7273,-1.0,83,8,5,0,0
92.7273,92.7841,110,8,5,JumpScratch,-8
92.7841,92.8409,110,5,5,JumpScratch,-8
92.8409,92.8977,110,2,5,JumpScratch,-6
92.9545,-1.0,83,7,6,0,0
92.9545,93.0114,110,7,6,JumpScratch,-8
93.0114,93.0682,110,5,5,JumpScratch,-7
93.0682,93.1250,110,3,4,JumpScratch,-6
93.1818,-1.0,50,7,6,0,0
93.4091,-1.0,10,4,3,0,0
93.4091,-1.0,10,7,3,0,0
93.5227,-1.0,50,1,6,0,0
93.7500,-1.0,10,4,3,0,0
93.7500,-1.0,10,7,3,0,0
93.8636,-1.0,81,4,3,0,0
93.8636,94.2045,101,4,3,0,0
93.8636,-1.0,81,7,3,0,0
93.8636,94.2045,101,7,3,0,0
93.9773,-1.0,900,4,3,0,0
93.9773,-1.0,900,7,3,0,0
94.0909,-1.0,900,4,3,0,0
94.0909,-1.0,900,7,3,0,0
94.2045,-1.0,83,1,3,0,0
94.2045,94.2330,110,1,3,JumpScratch,6
94.2330,94.2614,110,4,3,JumpScratch,6
94.2614,94.2898,110,7,3,JumpScratch,5
94.2898,94.3182,110,9,3,JumpScratch,4
94.3182,94.3466,110,10,3,JumpScratch,-4
94.3466,94.3750,110,9,3,JumpScratch,-5
94.3750,94.4034,110,7,3,JumpScratch,-6
94.4034,94.4318,110,4,3,JumpScratch,-6
94.5455,-1.0,50,5,4,0,0
94.7727,-1.0,10,1,4,0,0
94.8295,-1.0,10,8,3,0,0
94.8864,-1.0,10,3,4,0,0
94.9432,-1.0,10,10,3,0,0
95.0,-1.0,80,5,4,0,0
95.0,95.2273,100,5,4,0,0
95.1136,-1.0,900,5,4,0,0
95.2273,-1.0,10,1,4,0,0
95.2273,-1.0,10,9,4,0,0
95.3409,-1.0,10,5,4,0,0
95.4545,-1.0,10,1,4,0,0
95.4545,-1.0,10,10,3,0,0
95.5682,-1.0,10,4,3,0,0
95.5682,-1.0,10,7,3,0,0
95.6818,-1.0,10,10,3,0,0
95.7386,-1.0,10,7,3,0,0
95.7955,-1.0,10,4,3,0,0
95.8523,-1.0,10,1,3,0,0
95.9091,-1.0,10,7,2,0,0
95.9091,-1.0,10,10,3,0,0
95.9659,-1.0,10,3,3,0,0
96.0227,-1.0,10,6,2,0,0
96.0227,-1.0,10,9,3,0,0
96.0795,-1.0,10,2,3,0,0
96.1364,-1.0,10,5,2,0,0
96.1364,-1.0,10,8,3,0,0
96.1932,-1.0,10,1,3,0,0
96.2500,-1.0,10,7,2,0,0
96.2500,-1.0,10,10,3,0,0
96.3068,-1.0,10,3,3,0,0
96.3636,-1.0,10,6,2,0,0
96.3636,-1.0,10,9,3,0,0
96.4205,-1.0,10,2,3,0,0
96.4773,-1.0,10,5,2,0,0
96.4773,-1.0,10,8,3,0,0
96.5341,-1.0,10,1,3,0,0
96.5909,-1.0,83,4,3,0,0
96.5909,96.6288,110,4,3,JumpScratch,4
96.6288,96.6667,110,5,3,JumpScratch,4
96.6667,96.7045,110,6,3,JumpScratch,4
96.7045,-1.0,50,1,4,JumpScratch,4
96.7045,96.7424,110,1,4,JumpScratch,5
96.7045,96.7424,110,7,3,JumpScratch,4
96.7424,96.7803,110,1,5,JumpScratch,6
96.7424,96.7803,110,8,3,JumpScratch,4
96.7803,96.8182,110,1,6,JumpScratch,7
96.7803,96.8182,110,9,3,JumpScratch,4
96.8182,96.8561,110,1,7,JumpScratch,-7
96.8182,96.8561,110,10,3,JumpScratch,-4
96.8561,96.8939,110,1,6,JumpScratch,-6
96.8561,96.8939,110,9,3,JumpScratch,-4
96.8939,96.9318,110,1,5,JumpScratch,-5
96.8939,96.9318,110,8,3,JumpScratch,-4
96.9318,96.9697,110,1,4,JumpScratch,-4
96.9318,96.9697,110,7,3,JumpScratch,-4
96.9697,97.0076,110,1,3,JumpScratch,-3
96.9697,97.0076,110,6,3,JumpScratch,-4
97.0076,97.0455,110,5,3,JumpScratch,-4
97.0455,97.2727,110,4,3,JumpScratch,9
97.1591,-1.0,900,4,3,0,0
97.2727,97.9830,110,10,3,JumpScratch,-4
97.3864,-1.0,900,10,3,0,0
97.5000,-1.0,900,10,3,0,0
97.6136,-1.0,900,10,3,0,0
97.7273,-1.0,900,10,3,0,0
97.8409,-1.0,900,10,3,0,0
97.9545,-1.0,81,1,3,0,0
97.9545,98.4091,101,1,3,0,0
97.9545,-1.0,81,4,3,0,0
97.9545,98.4091,101,4,3,0,0
97.9545,-1.0,81,7,3,0,0
97.9545,98.4091,101,7,3,0,0
97.9830,98.0114,110,9,3,JumpScratch,-4
98.0114,98.0398,110,8,3,JumpScratch,-4
98.0398,98.0682,110,7,3,JumpScratch,-4
98.0682,98.0966,110,6,3,JumpScratch,-4
98.0966,98.1250,110,5,3,JumpScratch,-4
98.1250,98.1534,110,4,3,JumpScratch,-4
98.1534,98.1818,110,3,3,JumpScratch,-4
98.2102,98.2386,110,1,3,JumpScratch,4
98.2386,98.2670,110,2,3,JumpScratch,4
98.2670,98.2955,110,3,3,JumpScratch,4
98.3239,98.3523,110,5,3,JumpScratch,4
98.3523,98.3807,110,6,3,JumpScratch,7
98.4091,98.6364,110,7,3,JumpScratch,-9
98.5227,-1.0,900,7,3,0,0
98.6364,99.3466,110,1,3,JumpScratch,4
98.7500,-1.0,900,1,3,0,0
98.8636,-1.0,900,1,3,0,0
98.9773,-1.0,900,1,3,0,0
99.0909,-1.0,900,1,3,0,0
99.2045,-1.0,900,1,3,0,0
99.3182,-1.0,83,4,3,0,0
99.3182,99.4318,110,4,3,JumpScratch,4
99.3182,-1.0,83,7,3,0,0
99.3182,99.5170,110,7,3,JumpScratch,4
99.3182,-1.0,83,10,3,0,0
99.3182,99.6591,110,10,3,JumpScratch,-5
99.3466,99.3750,110,2,3,JumpScratch,4
99.3750,99.4034,110,3,3,JumpScratch,4
99.4318,99.4602,110,5,3,JumpScratch,4
99.4318,-1.0,900,10,3,0,0
99.4602,99.4886,110,6,3,JumpScratch,4
99.5170,99.5455,110,8,3,JumpScratch,5
99.6591,99.6875,110,8,3,JumpScratch,-5
99.6591,99.7727,110,10,3,0,0
99.6875,99.7159,110,6,3,JumpScratch,-5
99.7159,99.7443,110,4,3,JumpScratch,-6
98.1818,98.2102,110,2,3,JumpScratch,-4
98.1818,-1.0,900,4,3,0,0
98.2955,98.3239,110,4,3,JumpScratch,4
100.0,-1.0,20,1,12,0,0
100.0,100.0284,110,1,5,JumpScratch,6
100.0284,100.0568,110,2,5,JumpScratch,6
100.0568,100.0852,110,3,5,JumpScratch,6
100.0852,100.1136,110,4,5,JumpScratch,6
100.1136,100.1420,110,5,5,JumpScratch,6
100.1420,100.1705,110,6,5,JumpScratch,6
100.1705,100.1989,110,7,5,JumpScratch,6
100.1989,100.2557,110,8,5,JumpScratch,-6
100.2273,-1.0,20,1,12,0,0
100.2557,100.2841,110,7,5,JumpScratch,-6
100.2841,100.3125,110,6,5,JumpScratch,-6
100.3125,100.3409,110,5,5,JumpScratch,-6
100.3409,100.3693,110,4,5,JumpScratch,-6
100.3693,100.3977,110,3,5,JumpScratch,-6
100.3977,100.4261,110,2,5,JumpScratch,-6
100.4261,100.4830,110,1,5,JumpScratch,6
100.4545,-1.0,20,1,12,0,0
100.4830,100.5114,110,2,5,JumpScratch,6
100.5114,100.5398,110,3,5,JumpScratch,6
100.5398,100.5682,110,4,5,JumpScratch,6
100.5682,100.5966,110,5,5,JumpScratch,6
100.5966,100.6250,110,6,5,JumpScratch,6
100.6250,100.6534,110,7,5,JumpScratch,6
100.6818,100.7102,110,1,5,JumpScratch,6
100.7102,100.7386,110,2,5,JumpScratch,6
100.7386,100.7670,110,3,5,JumpScratch,6
100.7670,100.7955,110,4,5,JumpScratch,6
100.7955,100.8239,110,5,5,JumpScratch,6
100.8239,100.8523,110,6,5,JumpScratch,6
100.8523,100.8807,110,7,5,JumpScratch,6
100.8807,100.9375,110,8,5,JumpScratch,-6
100.9091,-1.0,20,1,12,0,0
100.9375,100.9659,110,7,5,JumpScratch,-6
100.9659,100.9943,110,6,5,JumpScratch,-6
100.9943,101.0227,110,5,5,JumpScratch,-6
101.0227,101.0511,110,4,5,JumpScratch,-6
101.0511,101.0795,110,3,5,JumpScratch,-6
101.0795,101.1080,110,2,5,JumpScratch,-6
101.1080,101.1648,110,1,5,JumpScratch,6
101.1364,-1.0,20,1,12,0,0
101.1648,101.1932,110,2,5,JumpScratch,6
101.1932,101.2216,110,3,5,JumpScratch,6
101.2216,101.2500,110,4,5,JumpScratch,6
101.2500,101.2784,110,5,5,JumpScratch,6
101.2784,101.3068,110,6,5,JumpScratch,6
101.3068,101.3352,110,7,5,JumpScratch,6
101.3636,101.8182,110,1,5,JumpScratch,6
101.3636,-1.0,20,1,12,0,0
101.4773,-1.0,900,1,5,0,0
101.5909,-1.0,900,1,5,0,0
101.7045,-1.0,900,1,5,0,0
101.8182,-1.0,50,7,6,JumpScratch,-6
101.8182,102.0455,110,5,2,JumpScratch,-6
101.8182,102.0455,110,7,2,JumpScratch,6
101.9318,-1.0,900,5,2,0,0
101.9318,-1.0,900,7,2,0,0
100.6818,-1.0,20,1,12,0,0
102.7273,-1.0,20,7,3,0,0
102.7273,-1.0,81,10,3,0,0
102.7273,103.0682,101,10,3,0,0
102.8409,-1.0,10,1,3,0,0
102.8409,-1.0,10,4,3,0,0
102.8409,-1.0,900,10,3,0,0
102.9545,-1.0,10,1,3,0,0
102.9545,-1.0,10,4,4,0,0
102.9545,-1.0,900,10,3,0,0
103.0682,-1.0,10,1,3,0,0
103.0682,103.4091,100,1,3,0,0
103.0682,-1.0,10,4,5,0,0
103.1818,-1.0,900,1,3,0,0
103.1818,-1.0,20,7,3,0,0
103.1818,-1.0,20,10,3,0,0
103.2955,-1.0,900,1,3,0,0
103.2955,-1.0,20,6,4,0,0
103.2955,-1.0,20,10,3,0,0
103.4091,-1.0,20,5,5,0,0
103.4091,-1.0,81,10,3,0,0
103.4091,103.7500,101,10,3,0,0
103.5227,-1.0,10,1,3,0,0
103.5227,-1.0,900,10,3,0,0
103.5795,-1.0,10,4,3,0,0
103.6364,-1.0,10,7,3,0,0
103.6364,-1.0,900,10,3,0,0
103.6932,-1.0,10,4,3,0,0
103.7500,-1.0,10,1,3,0,0
103.7500,104.0909,100,1,3,0,0
103.8636,-1.0,900,1,3,0,0
103.8636,-1.0,20,7,3,0,0
103.8636,-1.0,20,10,3,0,0
103.9773,-1.0,900,1,3,0,0
103.9773,-1.0,20,6,4,0,0
103.9773,-1.0,20,10,3,0,0
104.0909,-1.0,50,5,5,0,0
104.0909,-1.0,50,10,3,0,0
104.2045,-1.0,10,1,3,0,0
104.2045,-1.0,10,5,3,0,0
104.3182,-1.0,10,3,3,0,0
104.3182,-1.0,10,7,3,0,0
104.4318,-1.0,50,5,4,0,0
104.4318,-1.0,50,9,4,0,0
104.5455,-1.0,10,3,3,0,0
104.5455,-1.0,10,7,3,0,0
104.6591,-1.0,10,1,3,0,0
104.6591,-1.0,10,5,3,0,0
104.7727,-1.0,50,1,6,0,0
104.7727,-1.0,50,7,6,0,0
105.4545,106.1364,100,6,2,0,0
105.5682,-1.0,900,6,2,0,0
105.6818,-1.0,900,6,2,0,0
105.7955,-1.0,900,6,2,0,0
105.9091,-1.0,900,6,2,0,0
106.0227,-1.0,900,6,2,0,0
106.5909,107.2727,100,5,2,0,0
106.5909,107.2727,100,7,2,0,0
106.7045,-1.0,900,5,2,0,0
106.7045,-1.0,900,7,2,0,0
106.8182,-1.0,900,5,2,0,0
106.8182,-1.0,900,7,2,0,0
106.9318,-1.0,900,5,2,0,0
106.9318,-1.0,900,7,2,0,0
107.0455,-1.0,900,5,2,0,0
107.0455,-1.0,900,7,2,0,0
107.1591,-1.0,900,5,2,0,0
107.1591,-1.0,900,7,2,0,0
107.7273,108.4091,100,4,2,0,0
107.7273,108.4091,100,6,2,0,0
107.7273,108.4091,100,8,2,0,0
107.8409,-1.0,900,4,2,0,0
107.8409,-1.0,900,6,2,0,0
107.8409,-1.0,900,8,2,0,0
107.9545,-1.0,900,4,2,0,0
107.9545,-1.0,900,6,2,0,0
107.9545,-1.0,900,8,2,0,0
108.0682,-1.0,900,4,2,0,0
108.0682,-1.0,900,6,2,0,0
108.0682,-1.0,900,8,2,0,0
108.1818,-1.0,900,4,2,0,0
108.1818,-1.0,900,6,2,0,0
108.1818,-1.0,900,8,2,0,0
108.2955,-1.0,900,4,2,0,0
108.2955,-1.0,900,6,2,0,0
108.2955,-1.0,900,8,2,0,0
108.8636,-1.0,50,3,4,0,0
108.8636,-1.0,10,8,3,0,0
108.8636,-1.0,20,11,2,0,0
108.9773,-1.0,10,7,3,0,0
108.9773,-1.0,20,10,3,0,0
109.0909,-1.0,10,6,3,0,0
109.0909,-1.0,20,9,4,0,0
109.2045,-1.0,20,1,2,0,0
109.2045,-1.0,10,3,3,0,0
109.2045,-1.0,50,6,4,0,0
109.3182,-1.0,20,1,3,0,0
109.3182,-1.0,10,4,3,0,0
109.4318,-1.0,20,1,4,0,0
109.4318,-1.0,10,5,3,0,0
109.5455,-1.0,20,1,12,0,0
109.5455,109.5739,110,1,3,JumpScratch,4
109.5455,109.5739,110,10,3,JumpScratch,-4
109.5739,109.6023,110,2,3,JumpScratch,4
109.5739,109.6023,110,9,3,JumpScratch,-4
109.6023,109.6307,110,3,3,JumpScratch,4
109.6023,109.6307,110,8,3,JumpScratch,-4
109.6307,109.6591,110,4,3,JumpScratch,-6
109.6307,109.6591,110,7,3,JumpScratch,6
109.6591,109.6875,110,4,3,JumpScratch,-4
109.6591,109.6875,110,7,3,JumpScratch,4
109.6875,109.7159,110,3,3,JumpScratch,-4
109.6875,109.7159,110,8,3,JumpScratch,4
109.7159,109.7443,110,2,3,JumpScratch,-4
109.7159,109.7443,110,9,3,JumpScratch,4
109.7443,109.7727,110,1,3,JumpScratch,6
109.7443,109.7727,110,10,3,JumpScratch,-6
110.0,-1.0,20,1,3,0,0
110.0,-1.0,20,4,3,0,0
110.0,-1.0,50,7,3,0,0
110.0,-1.0,50,10,3,0,0
110.3409,-1.0,50,1,3,0,0
110.3409,-1.0,50,4,3,0,0
110.3409,-1.0,20,7,3,0,0
110.3409,-1.0,20,10,3,0,0
110.6818,-1.0,20,1,3,0,0
110.6818,-1.0,20,4,3,0,0
110.6818,-1.0,50,7,3,0,0
110.6818,-1.0,50,10,3,0,0
110.9091,-1.0,50,1,3,0,0
110.9091,-1.0,50,4,3,0,0
110.9091,-1.0,20,7,3,0,0
110.9091,-1.0,20,10,3,0,0
111.1364,-1.0,83,4,3,0,0
111.1364,111.1648,110,4,3,JumpScratch,-5
111.1364,-1.0,50,7,3,0,0
111.1364,-1.0,50,10,3,0,0
111.1648,111.1932,110,2,3,JumpScratch,-4
111.1932,111.3636,100,1,3,0,0
111.3068,-1.0,900,1,3,0,0
111.4773,-1.0,50,1,3,0,0
111.4773,-1.0,50,4,3,0,0
111.4773,-1.0,83,7,3,0,0
111.4773,111.5057,110,7,3,JumpScratch,5
111.5057,111.5341,110,9,3,JumpScratch,4
111.5341,111.7045,100,10,3,0,0
111.6477,-1.0,900,10,3,0,0
111.8182,-1.0,83,4,3,0,0
111.8182,111.8466,110,4,3,JumpScratch,-5
111.8182,-1.0,50,7,3,0,0
111.8182,-1.0,50,10,3,0,0
111.8466,111.8750,110,2,3,JumpScratch,-4
112.0455,-1.0,50,1,3,0,0
112.0455,-1.0,50,4,3,0,0
112.0455,-1.0,83,7,3,0,0
112.0455,112.0739,110,7,3,JumpScratch,5
112.0739,112.1023,110,9,3,JumpScratch,4
112.2727,-1.0,83,4,3,0,0
112.2727,112.3011,110,4,3,JumpScratch,-5
112.2727,-1.0,50,7,3,0,0
112.2727,-1.0,50,10,3,0,0
112.3011,112.3295,110,2,3,JumpScratch,-4
112.3295,112.5000,110,1,3,JumpScratch,9
112.4432,-1.0,900,1,3,0,0
112.5000,112.9545,100,7,3,0,0
112.5000,-1.0,82,10,3,0,0
112.5000,112.6136,110,10,3,JumpScratch,-12
112.6136,112.6420,110,1,3,JumpScratch,4
112.6420,112.6705,110,2,3,JumpScratch,4
112.6705,112.6989,110,3,3,JumpScratch,4
112.7273,-1.0,900,7,3,0,0
112.8409,-1.0,10,5,4,0,0
112.9545,-1.0,20,1,3,0,0
113.0114,-1.0,10,4,2,0,0
113.0682,-1.0,10,6,2,0,0
113.1250,-1.0,10,8,2,0,0
113.1818,-1.0,20,1,3,0,0
113.1818,-1.0,20,10,3,0,0
113.2386,-1.0,10,4,2,0,0
113.2955,-1.0,10,6,3,0,0
113.4091,-1.0,20,1,3,0,0
113.4091,-1.0,20,10,3,0,0
113.5227,-1.0,10,5,4,0,0
113.6364,-1.0,10,5,4,0,0
113.7500,-1.0,20,9,4,0,0
113.8068,-1.0,20,5,4,0,0
113.8636,-1.0,20,1,4,0,0
113.9205,-1.0,20,5,4,0,0
113.9773,-1.0,20,9,4,0,0
114.0341,-1.0,20,5,4,0,0
114.0909,-1.0,83,1,4,0,0
114.0909,114.1193,110,1,4,JumpScratch,8
114.1193,114.1477,110,5,4,JumpScratch,8
114.1477,114.3182,100,9,4,0,0
114.2614,-1.0,900,9,4,0,0
114.3182,-1.0,50,1,4,0,0
114.5455,-1.0,20,1,3,0,0
114.5455,-1.0,82,4,3,0,0
114.5455,114.5739,110,4,3,JumpScratch,6
114.5455,-1.0,50,9,4,0,0
114.5739,114.6023,110,7,3,JumpScratch,6
114.6023,114.9148,110,10,3,JumpScratch,-6
114.7159,-1.0,900,10,3,0,0
114.7727,-1.0,10,6,3,0,0
114.8295,-1.0,900,10,3,0,0
114.8864,-1.0,80,6,3,0,0
114.8864,115.2273,100,6,3,0,0
114.9148,114.9432,110,7,3,JumpScratch,-6
114.9432,114.9716,110,4,3,JumpScratch,-6
115.1136,-1.0,10,4,3,0,0
115.2273,-1.0,20,1,3,0,0
115.2841,-1.0,10,9,2,0,0
115.3409,-1.0,10,6,3,0,0
115.3977,-1.0,10,4,2,0,0
115.4545,-1.0,20,1,3,0,0
115.4545,-1.0,20,10,3,0,0
115.5114,-1.0,10,7,3,0,0
115.5682,-1.0,10,4,3,0,0
115.6818,-1.0,10,1,3,0,0
115.6818,-1.0,80,8,2,0,0
115.6818,115.9091,100,8,2,0,0
115.6818,-1.0,20,10,3,0,0
115.7955,-1.0,10,3,3,0,0
115.7955,-1.0,900,8,2,0,0
115.9091,-1.0,10,5,3,0,0
116.0227,-1.0,20,1,3,0,0
116.0227,-1.0,80,4,2,0,0
116.0227,116.2500,100,4,2,0,0
116.0227,-1.0,10,10,3,0,0
116.1364,-1.0,900,4,2,0,0
116.1364,-1.0,10,8,3,0,0
116.2500,-1.0,10,6,3,0,0
116.3636,-1.0,20,1,3,0,0
116.3636,-1.0,20,10,3,0,0
116.4205,-1.0,10,8,2,0,0
116.4773,-1.0,10,6,2,0,0
116.5341,-1.0,10,4,2,0,0
116.5909,-1.0,20,1,3,0,0
116.5909,-1.0,20,10,3,0,0
116.6477,-1.0,10,4,2,0,0
116.7045,-1.0,10,6,2,0,0
116.8182,-1.0,50,1,4,0,0
116.8182,-1.0,82,7,3,0,0
116.8182,116.8466,110,7,3,JumpScratch,-6
116.8182,-1.0,20,10,3,0,0
116.8466,116.8750,110,4,3,JumpScratch,-6
116.8750,117.1875,110,1,3,JumpScratch,6
116.9886,-1.0,900,1,3,0,0
117.0455,-1.0,10,5,3,0,0
117.1023,-1.0,900,1,3,0,0
117.1591,-1.0,80,5,3,0,0
117.1591,117.5000,100,5,3,0,0
117.1875,117.2159,110,4,3,JumpScratch,6
117.2159,117.2443,110,7,3,JumpScratch,6
117.3864,-1.0,10,7,3,0,0
117.5000,-1.0,20,10,3,0,0
117.5568,-1.0,10,3,2,0,0
117.6136,-1.0,10,5,3,0,0
117.6705,-1.0,10,8,2,0,0
117.7273,-1.0,20,1,3,0,0
117.7273,-1.0,20,10,3,0,0
117.7841,-1.0,10,4,3,0,0
117.8409,-1.0,10,7,3,0,0
117.9545,-1.0,81,1,3,0,0
117.9545,118.1818,101,1,3,0,0
117.9545,-1.0,10,4,3,0,0
117.9545,-1.0,10,10,3,0,0
118.0682,-1.0,900,1,3,0,0
118.0682,-1.0,10,8,3,0,0
118.1818,-1.0,10,6,3,0,0
118.2955,-1.0,10,1,3,0,0
118.2955,-1.0,10,7,3,0,0
118.2955,-1.0,81,10,3,0,0
118.2955,118.5227,101,10,3,0,0
118.4091,-1.0,10,3,3,0,0
118.4091,-1.0,900,10,3,0,0
118.5227,-1.0,10,5,3,0,0
118.6364,-1.0,82,1,4,0,0
118.6364,118.8636,110,1,4,0,0
118.6364,-1.0,83,6,2,0,0
118.6364,118.8636,110,6,2,0,0
118.6364,-1.0,82,9,4,0,0
118.6364,118.8636,110,9,4,0,0
118.7500,-1.0,900,1,4,0,0
118.7500,-1.0,900,6,2,0,0
118.7500,-1.0,900,9,4,0,0
119.0909,-1.0,50,1,4,0,0
119.0909,-1.0,83,6,3,0,0
119.0909,119.1193,110,6,3,JumpScratch,5
119.0909,-1.0,10,10,3,0,0
119.1193,119.1477,110,8,3,JumpScratch,5
119.1477,119.4318,100,10,3,0,0
119.2614,-1.0,900,10,3,0,0
119.3182,-1.0,10,1,3,0,0
119.3182,-1.0,10,5,3,0,0
119.3750,-1.0,900,10,3,0,0
119.4318,-1.0,10,1,3,0,0
119.4318,-1.0,83,5,3,0,0
119.4318,119.4602,110,5,3,JumpScratch,-5
119.4602,119.4886,110,3,3,JumpScratch,-5
119.4886,119.7727,100,1,3,0,0
119.6023,-1.0,900,1,3,0,0
119.6591,-1.0,10,5,4,0,0
119.6591,-1.0,10,10,3,0,0
119.7159,-1.0,900,1,3,0,0
119.7727,-1.0,83,5,4,0,0
119.7727,119.8011,110,5,4,JumpScratch,6
119.7727,-1.0,10,10,3,0,0
119.8011,119.8295,110,8,3,JumpScratch,5
119.8295,120.0,100,10,3,0,0
119.9432,-1.0,900,10,3,0,0
120.0,-1.0,83,1,4,0,0
120.0,120.0284,110,1,4,JumpScratch,6
120.0284,120.0568,110,3,4,JumpScratch,6
120.0568,120.2273,100,5,4,0,0
120.1705,-1.0,900,5,4,0,0
120.2273,-1.0,50,1,4,0,0
120.4545,-1.0,10,1,3,0,0
120.4545,-1.0,83,5,3,0,0
120.4545,120.4830,110,5,3,JumpScratch,-5
120.4545,-1.0,50,9,4,0,0
120.4830,120.5114,110,3,3,JumpScratch,-5
120.5114,120.7955,100,1,3,0,0
120.6250,-1.0,900,1,3,0,0
120.6818,-1.0,10,6,3,0,0
120.6818,-1.0,10,10,3,0,0
120.7386,-1.0,900,1,3,0,0
120.7955,-1.0,83,6,3,0,0
120.7955,120.8239,110,6,3,JumpScratch,5
120.7955,-1.0,10,10,3,0,0
120.8239,120.8523,110,8,3,JumpScratch,5
120.8523,121.1364,100,10,3,0,0
120.9659,-1.0,900,10,3,0,0
121.0227,-1.0,10,1,3,0,0
121.0227,-1.0,10,5,4,0,0
121.0795,-1.0,900,10,3,0,0
121.1364,-1.0,10,1,3,0,0
121.1364,-1.0,83,5,4,0,0
121.1364,121.1648,110,5,4,JumpScratch,-6
121.1648,121.1932,110,3,3,JumpScratch,-5
121.1932,121.3636,100,1,3,0,0
121.3068,-1.0,900,1,3,0,0
121.3636,-1.0,83,9,4,0,0
121.3636,121.3920,110,9,4,JumpScratch,-6
121.3920,121.4205,110,7,4,JumpScratch,-6
121.4205,121.5909,100,5,4,0,0
121.5341,-1.0,900,5,4,0,0
121.5909,-1.0,50,9,4,0,0
121.8182,-1.0,50,1,3,0,0
121.8182,-1.0,83,5,4,0,0
121.8182,121.8466,110,5,4,JumpScratch,6
121.8182,-1.0,10,10,3,0,0
121.8466,121.8750,110,8,3,JumpScratch,5
121.8750,122.1591,100,10,3,0,0
121.9886,-1.0,900,10,3,0,0
122.0455,-1.0,10,1,3,0,0
122.0455,-1.0,10,5,4,0,0
122.1023,-1.0,900,10,3,0,0
122.1591,-1.0,10,1,3,0,0
122.1591,-1.0,83,5,4,0,0
122.1591,122.1875,110,5,4,JumpScratch,-6
122.1875,122.2159,110,3,3,JumpScratch,-5
122.2159,122.5000,100,1,3,0,0
122.3295,-1.0,900,1,3,0,0
122.3864,-1.0,10,4,4,0,0
122.3864,-1.0,10,9,3,0,0
122.4432,-1.0,900,1,3,0,0
122.5000,-1.0,83,4,4,0,0
122.5000,122.5284,110,4,4,JumpScratch,7
122.5000,-1.0,10,9,3,0,0
122.5284,122.5568,110,7,4,JumpScratch,6
122.5568,122.7273,100,10,3,0,0
122.6705,-1.0,900,10,3,0,0
122.7273,-1.0,83,1,4,0,0
122.7273,122.7557,110,1,4,JumpScratch,7
122.7557,122.7841,110,4,4,JumpScratch,7
122.7841,122.9545,100,7,4,0,0
122.8977,-1.0,900,7,4,0,0
122.9545,-1.0,50,1,6,0,0
123.1818,-1.0,20,1,4,0,0
123.1818,-1.0,50,7,3,0,0
123.1818,-1.0,50,10,3,0,0
123.2955,-1.0,10,4,3,0,0
123.4091,-1.0,10,7,3,0,0
123.5227,-1.0,50,1,3,0,0
123.5227,-1.0,50,4,3,0,0
123.5227,-1.0,20,9,4,0,0
123.6364,-1.0,10,7,3,0,0
123.7500,-1.0,10,4,3,0,0
123.8636,-1.0,80,1,4,0,0
123.8636,123.9015,100,1,4,0,0
123.8636,-1.0,83,6,2,0,0
123.8636,123.9015,110,6,2,JumpScratch,3
123.8636,-1.0,80,9,4,0,0
123.8636,123.9015,100,9,4,0,0
123.9015,123.9394,100,1,3,0,0
123.9015,123.9394,110,7,2,JumpScratch,-4
123.9015,123.9394,100,10,3,0,0
123.9394,124.2424,100,1,2,JumpScratch,3
123.9394,123.9773,110,5,3,JumpScratch,5
123.9394,124.2424,100,11,2,JumpScratch,-3
123.9773,124.0152,110,7,3,JumpScratch,-6
124.0152,124.0530,110,4,4,JumpScratch,7
124.0530,124.0909,110,6,5,JumpScratch,-8
124.0909,124.1288,110,3,5,JumpScratch,7
124.1288,124.1667,110,6,4,JumpScratch,-6
124.1667,124.2045,110,4,3,JumpScratch,5
124.2045,124.2424,110,6,3,JumpScratch,-4
124.2424,124.2803,100,1,3,JumpScratch,4
124.2424,124.2803,110,5,2,JumpScratch,3
124.2424,124.2803,100,10,3,JumpScratch,-4
124.2803,124.3182,100,1,4,0,0
124.2803,124.5455,110,6,2,JumpScratch,7
124.2803,124.3182,100,9,4,0,0
124.3939,-1.0,900,6,2,0,0
124.5455,125.2557,110,10,3,JumpScratch,-4
124.6591,-1.0,900,10,3,0,0
124.7727,-1.0,900,10,3,0,0
124.8864,-1.0,900,10,3,0,0
125.0,-1.0,900,10,3,0,0
125.1136,-1.0,900,10,3,0,0
125.2273,-1.0,81,1,3,0,0
125.2273,125.5682,101,1,3,0,0
125.2273,-1.0,81,4,3,0,0
125.2273,125.5682,101,4,3,0,0
125.2273,-1.0,81,7,3,0,0
125.2273,125.5682,101,7,3,0,0
125.2557,125.2841,110,9,3,JumpScratch,-4
125.2841,125.3125,110,8,3,JumpScratch,-4
125.3125,125.3409,110,7,3,JumpScratch,-4
125.3409,125.3693,110,6,3,JumpScratch,-4
125.3693,125.3977,110,5,3,JumpScratch,-4
125.3977,125.4261,110,4,3,JumpScratch,-4
125.4261,125.4545,110,3,3,JumpScratch,-5
125.5682,125.6818,110,1,3,JumpScratch,5
125.6818,125.7102,110,3,3,JumpScratch,6
125.7102,125.7386,110,6,3,JumpScratch,5
125.7386,125.7670,110,8,3,JumpScratch,5
125.7670,125.7955,110,10,3,JumpScratch,-5
125.7955,125.8239,110,8,3,JumpScratch,-5
125.8239,125.8523,110,6,3,JumpScratch,-6
125.8523,125.8807,110,3,3,JumpScratch,-5
125.8807,126.6193,110,1,3,JumpScratch,4
125.9943,-1.0,900,1,3,0,0
126.1080,-1.0,900,1,3,0,0
126.2216,-1.0,900,1,3,0,0
126.3352,-1.0,900,1,3,0,0
126.4489,-1.0,900,1,3,0,0
126.5625,-1.0,900,1,3,0,0
126.5909,-1.0,81,4,3,0,0
126.5909,126.9318,101,4,3,0,0
126.5909,-1.0,81,7,3,0,0
126.5909,126.9318,101,7,3,0,0
126.5909,-1.0,81,10,3,0,0
126.5909,126.9318,101,10,3,0,0
126.6193,126.6477,110,2,3,JumpScratch,4
126.6477,126.6761,110,3,3,JumpScratch,4
126.6761,126.7045,110,4,3,JumpScratch,4
126.7330,126.7614,110,6,3,JumpScratch,4
126.7614,126.7898,110,7,3,JumpScratch,4
126.7898,126.8182,110,8,3,JumpScratch,5
126.9318,127.0455,110,10,3,JumpScratch,-5
127.0455,127.0739,110,8,3,JumpScratch,-6
127.0739,127.1023,110,5,3,JumpScratch,-5
127.1023,127.1307,110,3,3,JumpScratch,-5
127.1307,127.1591,110,1,3,JumpScratch,5
127.1591,127.1875,110,3,3,JumpScratch,5
127.1875,127.2159,110,5,3,JumpScratch,6
127.2159,127.2443,110,8,3,JumpScratch,5
127.2727,-1.0,10,1,6,0,0
127.5000,-1.0,10,7,6,0,0
126.7045,126.7330,110,5,3,JumpScratch,4
127.9545,-1.0,82,5,2,0,0
127.9545,128.6364,110,5,2,JumpScratch,-6
128.0682,-1.0,900,5,2,0,0
128.1818,-1.0,900,5,2,0,0
128.1818,-1.0,82,7,2,0,0
128.1818,128.6364,110,7,2,JumpScratch,6
128.2955,-1.0,900,5,2,0,0
128.2955,-1.0,900,7,2,0,0
128.4091,-1.0,82,3,2,0,0
128.4091,130.0,110,3,2,0,0
128.4091,-1.0,900,5,2,0,0
128.4091,-1.0,900,7,2,0,0
128.4091,-1.0,82,9,2,0,0
128.4091,130.0,110,9,2,0,0
128.5227,-1.0,900,3,2,0,0
128.5227,-1.0,900,5,2,0,0
128.5227,-1.0,900,7,2,0,0
128.5227,-1.0,900,9,2,0,0
128.6364,130.0,110,1,2,0,0
128.6364,130.0,110,11,2,0,0
128.7500,-1.0,900,1,2,0,0
128.7500,-1.0,900,3,2,0,0
128.7500,-1.0,900,9,2,0,0
128.7500,-1.0,900,11,2,0,0
128.8636,-1.0,900,1,2,0,0
128.8636,-1.0,900,3,2,0,0
128.8636,-1.0,900,9,2,0,0
128.8636,-1.0,900,11,2,0,0
128.9773,-1.0,900,1,2,0,0
128.9773,-1.0,900,3,2,0,0
128.9773,-1.0,900,9,2,0,0
128.9773,-1.0,900,11,2,0,0
129.0909,-1.0,900,1,2,0,0
129.0909,-1.0,900,3,2,0,0
129.0909,-1.0,900,9,2,0,0
129.0909,-1.0,900,11,2,0,0
129.2045,-1.0,900,1,2,0,0
129.2045,-1.0,900,3,2,0,0
129.2045,-1.0,900,9,2,0,0
129.2045,-1.0,900,11,2,0,0
129.3182,-1.0,900,1,2,0,0
129.3182,-1.0,900,3,2,0,0
129.3182,-1.0,900,9,2,0,0
129.3182,-1.0,900,11,2,0,0
129.4318,-1.0,900,1,2,0,0
129.4318,-1.0,900,3,2,0,0
129.4318,-1.0,900,9,2,0,0
129.4318,-1.0,900,11,2,0,0
129.5455,-1.0,900,1,2,0,0
129.5455,-1.0,900,3,2,0,0
129.5455,-1.0,900,9,2,0,0
129.5455,-1.0,900,11,2,0,0
129.6591,-1.0,900,1,2,0,0
129.6591,-1.0,900,3,2,0,0
129.6591,-1.0,900,9,2,0,0
129.6591,-1.0,900,11,2,0,0
129.7727,-1.0,900,1,2,0,0
129.7727,-1.0,900,3,2,0,0
129.7727,-1.0,900,9,2,0,0
129.7727,-1.0,900,11,2,0,0
129.8864,-1.0,900,1,2,0,0
129.8864,-1.0,900,3,2,0,0
129.8864,-1.0,900,9,2,0,0
129.8864,-1.0,900,11,2,0,0
130.6818,-1.0,10,1,3,0,0
130.6818,-1.0,10,4,3,0,0
130.6818,-1.0,83,10,3,0,0
130.6818,130.7102,110,10,3,JumpScratch,-4
130.7102,130.7386,110,9,2,JumpScratch,-3
130.7386,130.7670,110,8,2,JumpScratch,-3
130.7955,-1.0,10,1,3,0,0
130.7955,-1.0,10,4,3,0,0
130.9091,-1.0,10,1,3,0,0
130.9091,-1.0,10,4,3,0,0
131.0227,-1.0,10,1,3,0,0
131.0227,-1.0,10,4,3,0,0
131.0227,-1.0,83,7,3,0,0
131.0227,131.0511,110,7,3,JumpScratch,4
131.0511,131.0795,110,9,2,JumpScratch,3
131.0795,131.1080,110,10,2,JumpScratch,3
131.1364,-1.0,10,1,3,0,0
131.1364,-1.0,10,4,3,0,0
131.2500,-1.0,10,1,3,0,0
131.2500,-1.0,10,4,3,0,0
131.3636,-1.0,50,1,6,JumpScratch,-6
131.3636,-1.0,83,9,4,0,0
131.3636,131.3920,110,9,4,JumpScratch,-6
131.3920,131.4205,110,7,3,JumpScratch,-6
131.4205,131.4489,110,4,3,JumpScratch,-6
131.4489,131.5909,100,1,4,0,0
131.5909,-1.0,83,9,4,0,0
131.5909,131.6193,110,9,4,JumpScratch,-6
131.6193,131.6477,110,7,3,JumpScratch,-6
131.6477,131.6761,110,4,3,JumpScratch,-6
131.8182,-1.0,83,1,3,0,0
131.8182,131.8466,110,1,3,JumpScratch,4
131.8182,-1.0,10,7,3,0,0
131.8182,-1.0,10,10,3,0,0
131.8466,131.8750,110,3,2,JumpScratch,3
131.8750,131.9034,110,4,2,JumpScratch,3
131.9318,-1.0,10,7,3,0,0
131.9318,-1.0,10,10,3,0,0
132.0455,-1.0,10,7,3,0,0
132.0455,-1.0,10,10,3,0,0
132.1591,-1.0,83,4,3,0,0
132.1591,132.1875,110,4,3,JumpScratch,-4
132.1591,-1.0,10,7,3,0,0
132.1591,-1.0,10,10,3,0,0
132.1875,132.2159,110,3,2,JumpScratch,-3
132.2159,132.2443,110,2,2,JumpScratch,-3
132.2727,-1.0,10,7,3,0,0
132.2727,-1.0,10,10,3,0,0
132.3864,-1.0,10,7,3,0,0
132.3864,-1.0,10,10,3,0,0
132.5000,-1.0,83,1,4,0,0
132.5000,132.5284,110,1,4,JumpScratch,6
132.5000,-1.0,50,7,6,JumpScratch,6
132.5284,132.5568,110,4,3,JumpScratch,6
132.5568,132.5852,110,7,3,JumpScratch,6
132.5852,132.7273,100,9,4,0,0
132.7273,-1.0,83,1,4,0,0
132.7273,132.7557,110,1,4,JumpScratch,6
132.7557,132.7841,110,4,3,JumpScratch,6
132.7841,132.8125,110,7,3,JumpScratch,6
132.9545,-1.0,10,1,3,0,0
132.9545,-1.0,10,4,3,0,0
132.9545,-1.0,83,10,3,0,0
132.9545,132.9830,110,10,3,JumpScratch,-4
132.9830,133.0114,110,9,2,JumpScratch,-3
133.0114,133.0398,110,8,2,JumpScratch,-3
133.0682,-1.0,10,1,3,0,0
133.0682,-1.0,10,4,3,0,0
133.1818,-1.0,10,1,3,0,0
133.1818,-1.0,10,4,3,0,0
133.2955,-1.0,10,1,3,0,0
133.2955,-1.0,10,4,3,0,0
133.2955,-1.0,83,7,3,0,0
133.2955,133.3239,110,7,3,JumpScratch,4
133.3239,133.3523,110,9,2,JumpScratch,3
133.3523,133.3807,110,10,2,JumpScratch,3
133.4091,-1.0,10,1,3,0,0
133.4091,-1.0,10,4,3,0,0
133.5227,-1.0,10,1,3,0,0
133.5227,-1.0,10,4,3,0,0
133.6364,-1.0,50,1,6,JumpScratch,-6
133.6364,-1.0,83,9,4,0,0
133.6364,133.6648,110,9,4,JumpScratch,-6
133.6648,133.6932,110,7,3,JumpScratch,-6
133.6932,133.7216,110,4,3,JumpScratch,-6
133.7216,133.8636,100,1,4,0,0
133.8636,-1.0,83,9,4,0,0
133.8636,133.8920,110,9,4,JumpScratch,-6
133.8920,133.9205,110,7,3,JumpScratch,-6
133.9205,133.9489,110,4,3,JumpScratch,-6
134.0909,-1.0,81,5,4,0,0
134.0909,134.5455,101,5,4,0,0
134.2045,-1.0,10,1,3,0,0
134.2045,-1.0,900,5,4,0,0
134.2614,-1.0,10,4,3,0,0
134.3182,-1.0,900,5,4,0,0
134.3182,-1.0,10,10,3,0,0
134.3750,-1.0,10,7,3,0,0
134.4318,-1.0,10,1,3,0,0
134.4318,-1.0,900,5,4,0,0
134.4886,-1.0,10,4,3,0,0
134.5455,-1.0,10,10,3,0,0
134.6591,-1.0,10,1,3,0,0
134.6591,-1.0,10,5,2,0,0
134.7727,-1.0,10,7,3,0,0
134.7727,134.8011,110,7,2,JumpScratch,-3
134.7727,134.8011,110,8,2,JumpScratch,3
134.8011,134.8295,110,6,2,JumpScratch,-3
134.8011,134.8295,110,9,2,JumpScratch,3
134.8295,134.8580,110,5,2,JumpScratch,-3
134.8295,134.8580,110,10,2,JumpScratch,3
134.8580,134.8864,110,4,2,JumpScratch,-3
134.8580,134.8864,110,11,2,JumpScratch,-3
134.8864,134.9148,110,3,2,JumpScratch,-3
134.8864,134.9148,110,10,2,JumpScratch,-3
134.9148,134.9432,110,2,2,JumpScratch,-3
134.9148,134.9432,110,9,2,JumpScratch,-3
134.9432,134.9716,110,1,2,JumpScratch,3
134.9432,134.9716,110,8,2,JumpScratch,-3
134.9716,135.0,110,2,2,JumpScratch,3
134.9716,135.0,110,7,2,JumpScratch,-3
135.0,135.0284,110,3,2,JumpScratch,2
135.0,135.0284,110,6,2,JumpScratch,-3
135.2273,-1.0,83,1,3,0,0
135.2273,135.2557,110,1,3,JumpScratch,4
135.2273,-1.0,10,6,3,0,0
135.2273,-1.0,10,9,4,0,0
135.2557,135.2841,110,3,2,JumpScratch,3
135.2841,135.3125,110,4,2,JumpScratch,3
135.3409,-1.0,10,7,3,0,0
135.3409,-1.0,10,10,3,0,0
135.4545,-1.0,10,8,2,0,0
135.4545,-1.0,10,10,3,0,0
135.5682,-1.0,83,5,3,0,0
135.5682,135.5966,110,5,3,JumpScratch,-4
135.5682,-1.0,10,8,2,0,0
135.5682,-1.0,10,10,3,0,0
135.5966,135.6250,110,4,2,JumpScratch,-3
135.6250,135.6534,110,3,2,JumpScratch,-3
135.6818,-1.0,10,7,3,0,0
135.6818,-1.0,10,10,3,0,0
135.7955,-1.0,10,6,3,0,0
135.7955,-1.0,10,9,4,0,0
135.9091,-1.0,83,1,4,0,0
135.9091,135.9375,110,1,4,JumpScratch,6
135.9091,-1.0,50,7,6,JumpScratch,6
135.9375,135.9659,110,4,3,JumpScratch,6
135.9659,135.9943,110,7,3,JumpScratch,6
135.9943,136.1364,100,9,4,0,0
136.1364,-1.0,83,1,4,0,0
136.1364,136.1648,110,1,4,JumpScratch,6
136.1648,136.1932,110,4,3,JumpScratch,6
136.1932,136.2216,110,7,3,JumpScratch,6
136.3636,-1.0,10,1,4,0,0
136.3636,-1.0,10,5,3,0,0
136.3636,-1.0,83,10,3,0,0
136.3636,136.3920,110,10,3,JumpScratch,-4
136.3920,136.4205,110,9,2,JumpScratch,-3
136.4205,136.4489,110,8,2,JumpScratch,-3
136.4773,-1.0,10,1,3,0,0
136.4773,-1.0,10,4,3,0,0
136.5909,-1.0,10,1,3,0,0
136.5909,-1.0,10,4,2,0,0
136.7045,-1.0,10,1,3,0,0
136.7045,-1.0,10,4,2,0,0
136.7045,-1.0,83,6,3,0,0
136.7045,136.7330,110,6,3,JumpScratch,4
136.7330,136.7614,110,8,2,JumpScratch,3
136.7614,136.7898,110,9,2,JumpScratch,3
136.8182,-1.0,10,1,3,0,0
136.8182,-1.0,10,4,3,0,0
136.9318,-1.0,10,1,4,0,0
136.9318,-1.0,10,5,3,0,0
137.0455,-1.0,50,1,6,JumpScratch,-6
137.0455,-1.0,83,9,4,0,0
137.0455,137.0739,110,9,4,JumpScratch,-6
137.0739,137.1023,110,7,3,JumpScratch,-6
137.1023,137.1307,110,4,3,JumpScratch,-6
137.1307,137.2727,100,1,4,0,0
137.2727,-1.0,83,9,4,0,0
137.2727,137.3011,110,9,4,JumpScratch,-6
137.3011,137.3295,110,7,3,JumpScratch,-6
137.3295,137.3580,110,4,3,JumpScratch,-6
137.5000,-1.0,83,1,3,0,0
137.5000,137.5284,110,1,3,JumpScratch,4
137.5000,-1.0,10,6,3,0,0
137.5000,-1.0,10,9,4,0,0
137.5284,137.5568,110,3,2,JumpScratch,3
137.5568,137.5852,110,4,2,JumpScratch,3
137.6136,-1.0,10,7,3,0,0
137.6136,-1.0,10,10,3,0,0
137.7273,-1.0,10,8,2,0,0
137.7273,-1.0,10,10,3,0,0
137.8409,-1.0,83,5,3,0,0
137.8409,137.8693,110,5,3,JumpScratch,-4
137.8409,-1.0,10,8,2,0,0
137.8409,-1.0,10,10,3,0,0
137.8693,137.8977,110,4,2,JumpScratch,-3
137.8977,137.9261,110,3,2,JumpScratch,-3
137.9545,-1.0,10,7,3,0,0
137.9545,-1.0,10,10,3,0,0
138.0682,-1.0,10,6,3,0,0
138.0682,-1.0,10,9,4,0,0
138.1818,-1.0,83,1,4,0,0
138.1818,138.2102,110,1,4,JumpScratch,6
138.1818,-1.0,50,7,6,JumpScratch,6
138.2102,138.2386,110,4,3,JumpScratch,6
138.2386,138.2670,110,7,3,JumpScratch,6
138.2670,138.4091,100,9,4,0,0
138.4091,-1.0,83,1,4,0,0
138.4091,138.4375,110,1,4,JumpScratch,6
138.4375,138.4659,110,4,3,JumpScratch,6
138.4659,138.4943,110,7,3,JumpScratch,6
138.4943,138.8636,110,9,4,JumpScratch,-7
138.5985,-1.0,900,9,4,0,0
138.6364,-1.0,83,5,4,0,0
138.6364,138.6648,110,5,4,JumpScratch,-6
138.6648,138.6932,110,3,3,JumpScratch,-4
138.6932,138.7216,110,2,2,JumpScratch,-3
138.7216,139.2045,110,1,2,JumpScratch,4
138.7216,-1.0,900,9,4,0,0
138.8352,-1.0,900,1,2,0,0
138.8636,138.8920,110,6,3,JumpScratch,-5
138.8920,138.9205,110,4,3,JumpScratch,-4
138.9205,139.0909,110,3,3,JumpScratch,4
138.9489,-1.0,900,1,2,0,0
139.0341,-1.0,900,3,3,0,0
139.0625,-1.0,900,1,2,0,0
139.0909,139.1193,110,4,3,JumpScratch,5
139.1193,139.1477,110,5,4,JumpScratch,6
139.1477,139.1761,110,7,4,JumpScratch,6
139.2045,139.2330,110,1,4,JumpScratch,6
139.2330,139.2614,110,1,6,JumpScratch,8
139.2614,139.2898,110,1,8,JumpScratch,10
139.2898,139.3182,110,1,10,JumpScratch,12
139.3182,139.3466,110,1,10,JumpScratch,-10
139.3466,139.3750,110,1,8,JumpScratch,-8
139.3750,139.4034,110,1,6,JumpScratch,-6
139.4034,139.4318,110,1,4,JumpScratch,-4
139.5455,-1.0,10,10,3,0,0
139.6023,-1.0,10,7,3,0,0
139.6591,-1.0,10,4,3,0,0
139.7159,-1.0,10,1,3,0,0
139.7727,-1.0,83,6,4,0,0
139.7727,139.8011,110,6,4,JumpScratch,5
139.8011,139.8295,110,8,3,JumpScratch,4
139.8295,139.8580,110,10,2,JumpScratch,3
139.8864,-1.0,10,1,3,0,0
139.8864,-1.0,10,4,3,0,0
140.0,-1.0,10,1,3,0,0
140.0,-1.0,10,4,3,0,0
140.1136,-1.0,83,5,4,0,0
140.1136,140.1420,110,5,4,JumpScratch,5
140.1420,140.1705,110,7,3,JumpScratch,5
140.1705,140.1989,110,9,3,JumpScratch,4
140.1989,140.4545,110,10,3,JumpScratch,-6
140.2273,-1.0,10,1,3,0,0
140.2273,-1.0,10,4,3,0,0
140.3125,-1.0,900,10,3,0,0
140.3409,-1.0,10,1,3,0,0
140.3409,-1.0,10,4,3,0,0
140.4545,-1.0,10,1,3,0,0
140.4545,-1.0,10,4,3,0,0
140.4545,140.5682,110,7,3,JumpScratch,6
140.5682,-1.0,10,1,3,0,0
140.5682,-1.0,10,4,3,0,0
140.6818,-1.0,83,4,4,0,0
140.6818,140.7102,110,4,4,JumpScratch,-5
140.7102,140.7386,110,3,3,JumpScratch,-4
140.7386,140.7670,110,2,2,JumpScratch,-3
140.7955,-1.0,10,7,3,0,0
140.7955,-1.0,10,10,3,0,0
140.9091,-1.0,83,5,4,0,0
140.9091,140.9375,110,5,4,JumpScratch,-5
140.9375,140.9659,110,4,3,JumpScratch,-5
140.9659,140.9943,110,2,3,JumpScratch,-4
140.9943,141.3920,110,1,3,JumpScratch,4
141.0227,-1.0,10,7,3,0,0
141.0227,-1.0,10,10,3,0,0
141.1080,-1.0,900,1,3,0,0
141.1364,-1.0,10,7,3,0,0
141.1364,-1.0,10,10,3,0,0
141.2216,-1.0,900,1,3,0,0
141.2500,-1.0,83,5,4,0,0
141.2500,141.2784,110,5,4,JumpScratch,6
141.2784,141.3068,110,8,3,JumpScratch,5
141.3068,141.3352,110,11,2,JumpScratch,-5
141.3352,-1.0,900,1,3,0,0
141.3352,141.3636,110,8,3,JumpScratch,-6
141.3920,141.4205,110,2,3,JumpScratch,4
141.4205,141.4489,110,3,3,JumpScratch,5
141.5909,-1.0,10,1,3,0,0
141.5909,-1.0,10,10,3,0,0
141.6477,-1.0,10,4,3,0,0
141.7045,-1.0,10,7,3,0,0
141.8182,-1.0,10,1,3,0,0
141.8182,-1.0,10,10,3,0,0
141.8750,-1.0,10,7,3,0,0
141.9318,-1.0,10,4,3,0,0
141.9886,-1.0,10,1,3,0,0
142.0455,-1.0,10,4,3,0,0
142.0455,-1.0,10,10,3,0,0
142.1591,-1.0,10,7,2,0,0
142.2159,-1.0,10,5,2,0,0
142.2727,-1.0,10,1,4,0,0
142.2727,-1.0,10,10,3,0,0
142.3864,-1.0,10,5,2,0,0
142.4432,-1.0,10,7,2,0,0
142.5000,-1.0,80,1,3,0,0
142.5000,142.6136,100,1,3,0,0
142.5000,-1.0,10,9,4,0,0
142.6136,-1.0,10,4,2,0,0
142.6136,-1.0,10,7,2,0,0
142.7273,-1.0,50,1,4,0,0
142.7273,-1.0,10,10,3,0,0
142.8030,-1.0,10,7,3,0,0
142.8788,-1.0,10,4,3,0,0
142.8788,-1.0,10,10,3,0,0
142.9545,-1.0,10,1,3,0,0
142.9545,-1.0,10,7,3,0,0
143.0303,-1.0,10,4,3,0,0
143.1061,-1.0,10,1,3,0,0
143.1818,-1.0,20,7,3,0,0
143.1818,-1.0,20,10,3,0,0
143.2576,-1.0,10,4,3,0,0
143.2576,-1.0,10,7,3,0,0
143.3333,-1.0,10,1,3,0,0
143.3333,-1.0,10,4,3,0,0
143.4091,-1.0,20,7,3,0,0
143.4091,-1.0,20,10,3,0,0
143.4848,-1.0,10,4,3,0,0
143.4848,-1.0,10,7,3,0,0
143.5606,-1.0,10,1,3,0,0
143.5606,-1.0,10,4,3,0,0
143.6364,-1.0,83,6,2,0,0
143.6364,143.6648,110,6,2,JumpScratch,-3
143.6648,143.6932,110,5,2,JumpScratch,5
143.6932,143.7216,110,7,3,JumpScratch,-9
143.7216,143.7500,110,1,6,JumpScratch,12
143.7500,143.7784,110,7,6,JumpScratch,-9
143.7784,143.8068,110,4,3,JumpScratch,5
143.8068,143.8352,110,7,2,JumpScratch,-3
143.8352,144.0909,110,6,2,0,0
143.9394,-1.0,900,6,2,0,0
144.3182,-1.0,50,1,6,0,0
144.3182,-1.0,81,8,2,0,0
144.3182,144.5455,101,8,2,0,0
144.3182,-1.0,81,11,2,0,0
144.3182,144.5455,101,11,2,0,0
144.4318,-1.0,900,8,2,0,0
144.4318,-1.0,900,11,2,0,0
144.5455,-1.0,10,5,3,0,0
144.6591,-1.0,50,1,4,0,0
144.6591,-1.0,81,6,3,0,0
144.6591,144.8864,101,6,3,0,0
144.6591,-1.0,81,10,3,0,0
144.6591,144.8864,101,10,3,0,0
144.7727,-1.0,900,6,3,0,0
144.7727,-1.0,900,10,3,0,0
144.8864,-1.0,10,3,3,0,0
145.0,-1.0,20,7,3,0,0
145.0,-1.0,20,10,3,0,0
145.0568,-1.0,10,1,3,0,0
145.0568,-1.0,10,4,3,0,0
145.1136,-1.0,10,5,3,0,0
145.1136,-1.0,10,8,3,0,0
145.1705,-1.0,10,1,3,0,0
145.1705,-1.0,10,4,3,0,0
145.2273,-1.0,20,7,3,0,0
145.2273,-1.0,20,10,3,0,0
145.2841,-1.0,10,1,3,0,0
145.2841,-1.0,10,4,3,0,0
145.3409,-1.0,10,4,3,0,0
145.3409,-1.0,10,7,3,0,0
145.3977,-1.0,10,1,3,0,0
145.3977,-1.0,10,4,3,0,0
145.4545,-1.0,50,1,6,0,0
145.4545,-1.0,50,7,6,0,0
145.6818,-1.0,81,1,2,0,0
145.6818,145.9091,101,1,2,0,0
145.6818,-1.0,81,4,2,0,0
145.6818,145.9091,101,4,2,0,0
145.6818,-1.0,50,7,6,0,0
145.7955,-1.0,900,1,2,0,0
145.7955,-1.0,900,4,2,0,0
145.9091,-1.0,10,6,3,0,0
146.0227,-1.0,81,1,3,0,0
146.0227,146.2500,101,1,3,0,0
146.0227,-1.0,81,5,3,0,0
146.0227,146.2500,101,5,3,0,0
146.0227,-1.0,50,9,4,0,0
146.1364,-1.0,900,1,3,0,0
146.1364,-1.0,900,5,3,0,0
146.2500,-1.0,10,8,3,0,0
146.3636,-1.0,20,1,3,0,0
146.3636,-1.0,20,4,3,0,0
146.4205,-1.0,10,7,3,0,0
146.4205,-1.0,10,10,3,0,0
146.4773,-1.0,10,3,3,0,0
146.4773,-1.0,10,6,3,0,0
146.5341,-1.0,10,7,3,0,0
146.5341,-1.0,10,10,3,0,0
146.5909,-1.0,20,1,3,0,0
146.5909,-1.0,20,4,3,0,0
146.6477,-1.0,10,7,3,0,0
146.6477,-1.0,10,10,3,0,0
146.7045,-1.0,83,1,4,0,0
146.7045,146.7330,110,1,4,JumpScratch,7
146.7330,146.7614,110,4,4,JumpScratch,7
146.7614,146.7898,110,7,4,JumpScratch,5
146.7898,146.8182,110,9,3,JumpScratch,4
146.8182,146.8466,110,10,3,JumpScratch,-4
146.8466,146.8750,110,9,3,JumpScratch,-5
146.8750,146.9034,110,7,4,JumpScratch,-7
146.9034,146.9318,110,4,4,JumpScratch,-7
147.0455,-1.0,50,7,3,0,0
147.0455,-1.0,50,10,3,0,0
147.1591,-1.0,10,1,2,0,0
147.1591,-1.0,10,4,2,0,0
147.1591,-1.0,10,7,2,0,0
147.2727,-1.0,10,1,2,0,0
147.2727,-1.0,10,4,2,0,0
147.2727,-1.0,10,7,2,0,0
147.3864,-1.0,50,4,4,0,0
147.3864,-1.0,50,8,4,0,0
147.5000,-1.0,10,1,2,0,0
147.5000,-1.0,10,4,2,0,0
147.6136,-1.0,10,1,2,0,0
147.6136,-1.0,10,4,2,0,0
147.7273,-1.0,50,3,4,0,0
147.7273,-1.0,50,7,4,0,0
147.8409,-1.0,10,1,4,0,0
147.9545,-1.0,50,3,4,0,0
147.9545,-1.0,50,7,4,0,0
148.0682,-1.0,10,5,4,0,0
148.1818,-1.0,20,1,5,0,0
148.1818,-1.0,20,8,5,0,0
148.2386,-1.0,10,5,4,0,0
148.2955,-1.0,20,1,4,0,0
148.2955,-1.0,20,9,4,0,0
148.3523,-1.0,10,5,4,0,0
148.4091,-1.0,81,1,3,0,0
148.4091,151.8182,101,1,3,0,0
148.4091,-1.0,81,10,3,0,0
148.4091,151.8182,101,10,3,0,0
148.5227,-1.0,900,1,3,0,0
148.5227,-1.0,900,10,3,0,0
148.6364,-1.0,900,1,3,0,0
148.6364,-1.0,900,10,3,0,0
148.7500,-1.0,900,1,3,0,0
148.7500,-1.0,900,10,3,0,0
148.8636,-1.0,900,1,3,0,0
148.8636,-1.0,900,10,3,0,0
148.9773,-1.0,900,1,3,0,0
148.9773,-1.0,900,10,3,0,0
149.0909,-1.0,900,1,3,0,0
149.0909,-1.0,900,10,3,0,0
149.2045,-1.0,900,1,3,0,0
149.2045,-1.0,900,10,3,0,0
149.3182,-1.0,900,1,3,0,0
149.3182,-1.0,900,10,3,0,0
149.4318,-1.0,900,1,3,0,0
149.4318,-1.0,900,10,3,0,0
149.5455,-1.0,900,1,3,0,0
149.5455,-1.0,900,10,3,0,0
149.6591,-1.0,900,1,3,0,0
149.6591,-1.0,900,10,3,0,0
149.7727,-1.0,900,1,3,0,0
149.7727,-1.0,900,10,3,0,0
149.8864,-1.0,900,1,3,0,0
149.8864,-1.0,900,10,3,0,0
150.0,-1.0,900,1,3,0,0
150.0,-1.0,900,10,3,0,0
150.1136,-1.0,900,1,3,0,0
150.1136,-1.0,900,10,3,0,0
150.2273,-1.0,900,1,3,0,0
150.2273,-1.0,900,10,3,0,0
150.3409,-1.0,900,1,3,0,0
150.3409,-1.0,900,10,3,0,0
150.4545,-1.0,900,1,3,0,0
150.4545,-1.0,900,10,3,0,0
150.5682,-1.0,900,1,3,0,0
150.5682,-1.0,900,10,3,0,0
150.6818,-1.0,900,1,3,0,0
150.6818,-1.0,900,10,3,0,0
150.7955,-1.0,900,1,3,0,0
150.7955,-1.0,900,10,3,0,0
150.9091,-1.0,900,1,3,0,0
150.9091,-1.0,900,10,3,0,0
151.0227,-1.0,900,1,3,0,0
151.0227,-1.0,900,10,3,0,0
151.1364,-1.0,900,1,3,0,0
151.1364,-1.0,900,10,3,0,0
151.2500,-1.0,900,1,3,0,0
151.2500,-1.0,900,10,3,0,0
151.3636,-1.0,900,1,3,0,0
151.3636,-1.0,900,10,3,0,0
151.4773,-1.0,900,1,3,0,0
151.4773,-1.0,900,10,3,0,0
151.5909,-1.0,900,1,3,0,0
151.5909,-1.0,900,10,3,0,0
151.7045,-1.0,900,1,3,0,0
151.7045,-1.0,900,10,3,0,0