0.0,-1.0,10,1,2,0,0
54.6809,59.3617,0,0,0,14,10430
0.2128,-1.0,10,5,4,0,0
61.6383,67.2340,0,0,0,15,10430
0.2128,-1.0,10,11,2,0,0
137.3830,137.3830,0,0,0,34,10430
0.4255,-1.0,10,11,2,0,0
150.5745,161.2766,0,0,0,15,10430
0.6383,-1.0,10,5,4,0,0
164.6170,164.6170,0,0,0,11,3020
0.6383,-1.0,10,11,2,0,0
168.0213,168.0213,0,0,0,11,3040
0.8511,-1.0,10,11,2,0,0
179.0851,179.0851,0,0,0,11,3020
1.7021,-1.0,10,11,2,0,0
179.9362,179.9362,0,0,0,11,3040
1.9149,-1.0,10,1,2,0,0
180.7872,180.7872,0,0,0,11,10430
1.9149,-1.0,10,5,4,0,0
208.8723,208.8723,0,0,0,13,10430
2.1277,-1.0,10,1,2,0,0
212.2766,212.2766,0,0,0,14,10430
2.3404,-1.0,10,1,2,0,0
215.6809,215.6809,0,0,0,15,10430
2.3404,-1.0,10,5,4,0,0
2.5532,-1.0,10,1,2,0,0
3.4043,-1.0,10,5,4,0,0
3.4043,-1.0,80,11,2,0,0
3.4043,3.8298,100,11,2,0,0
3.6170,-1.0,900,11,2,0,0
3.8298,-1.0,10,5,2,0,0
4.0426,-1.0,10,1,2,0,0
4.0426,-1.0,10,5,4,0,0
4.2553,-1.0,10,7,2,0,0
4.4681,-1.0,10,5,4,0,0
4.4681,-1.0,10,11,2,0,0
4.6809,-1.0,10,5,2,0,0
4.8936,-1.0,10,1,2,0,0
4.8936,-1.0,10,5,4,0,0
5.3191,-1.0,82,1,2,0,0
5.3191,5.5319,110,1,2,JumpScratch,4
5.5319,5.7447,110,3,2,JumpScratch,4
5.7447,5.9574,110,5,2,JumpScratch,4
6.8085,-1.0,10,11,2,0,0
7.0213,-1.0,10,1,2,0,0
7.0213,-1.0,10,5,4,0,0
7.2340,-1.0,10,4,2,0,0
7.4468,-1.0,10,1,2,0,0
7.4468,-1.0,10,5,4,0,0
7.6596,-1.0,10,4,2,0,0
8.5106,-1.0,10,1,2,0,0
8.7234,-1.0,10,5,4,0,0
8.7234,-1.0,10,11,2,0,0
8.9362,-1.0,10,8,2,0,0
9.1489,-1.0,10,5,4,0,0
9.1489,-1.0,10,11,2,0,0
9.3617,-1.0,10,8,2,0,0
10.2128,-1.0,80,1,2,0,0
10.2128,10.6383,100,1,2,0,0
10.2128,-1.0,10,5,4,0,0
10.4255,-1.0,900,1,2,0,0
10.6383,-1.0,10,6,3,0,0
10.8511,-1.0,10,5,4,0,0
10.8511,-1.0,10,11,2,0,0
11.0638,-1.0,10,5,3,0,0
11.2766,-1.0,10,1,2,0,0
11.2766,-1.0,10,5,4,0,0
11.4894,-1.0,10,6,3,0,0
11.7021,-1.0,10,5,4,0,0
11.7021,-1.0,10,11,2,0,0
12.1277,-1.0,82,11,2,0,0
12.1277,12.3404,110,11,2,JumpScratch,-4
12.3404,12.5532,110,9,2,JumpScratch,-4
12.5532,12.7660,110,7,2,JumpScratch,-4
13.6170,-1.0,10,1,2,0,0
13.8298,-1.0,10,5,4,0,0
13.8298,-1.0,10,10,3,0,0
14.0426,-1.0,10,7,2,0,0
14.2553,-1.0,10,5,4,0,0
14.2553,-1.0,10,10,3,0,0
14.4681,-1.0,10,7,2,0,0
14.6809,-1.0,82,5,2,0,0
14.6809,14.8936,110,5,2,JumpScratch,-5
14.6809,-1.0,10,10,3,0,0
14.8936,15.1064,110,2,2,JumpScratch,4
15.1064,15.3191,110,4,2,JumpScratch,-3
15.1064,-1.0,10,10,3,0,0
15.3191,-1.0,10,11,2,0,0
15.5319,-1.0,10,1,3,0,0
15.5319,-1.0,10,5,4,0,0
15.7447,-1.0,10,5,2,0,0
15.9574,-1.0,10,1,3,0,0
15.9574,-1.0,10,5,4,0,0
16.1702,-1.0,10,5,2,0,0
16.3830,-1.0,10,1,3,0,0
16.3830,-1.0,82,7,2,0,0
16.3830,16.5957,110,7,2,JumpScratch,5
16.5957,16.8085,110,10,2,JumpScratch,-3
16.8085,-1.0,10,1,3,0,0
17.0213,-1.0,82,5,2,0,0
17.0213,17.4468,110,5,2,JumpScratch,-5
17.2340,-1.0,900,5,2,0,0
17.2340,-1.0,10,10,3,0,0
17.4468,17.6596,110,2,2,JumpScratch,3
17.4468,-1.0,10,8,2,0,0
17.6596,-1.0,10,10,3,0,0
17.8723,-1.0,82,4,2,0,0
17.8723,18.2979,110,4,2,JumpScratch,-5
17.8723,-1.0,10,7,2,0,0
18.0851,-1.0,900,4,2,0,0
18.0851,-1.0,10,10,3,0,0
18.2979,18.7234,110,1,2,JumpScratch,4
18.2979,-1.0,10,8,2,0,0
18.5106,-1.0,900,1,2,0,0
18.5106,-1.0,10,10,3,0,0
18.7234,-1.0,82,7,2,0,0
18.7234,19.1489,110,7,2,JumpScratch,5
18.9362,-1.0,10,1,3,0,0
18.9362,-1.0,900,7,2,0,0
19.1489,-1.0,10,4,2,0,0
19.1489,19.3617,110,10,2,JumpScratch,-6
19.3617,-1.0,10,1,3,0,0
19.3617,20.2128,110,6,2,0,0
19.5745,-1.0,900,6,2,0,0
19.7872,-1.0,10,1,3,0,0
19.7872,-1.0,900,6,2,0,0
20.0,-1.0,900,6,2,0,0
20.2128,-1.0,10,1,3,0,0
20.4255,-1.0,10,4,2,0,0
20.6383,-1.0,10,5,4,0,0
20.6383,-1.0,10,10,3,0,0
20.8511,-1.0,10,3,3,0,0
21.0638,-1.0,10,5,4,0,0
21.0638,-1.0,10,10,3,0,0
21.2766,-1.0,10,3,3,0,0
21.4894,-1.0,82,6,2,0,0
21.4894,21.7021,110,6,2,JumpScratch,-5
21.4894,-1.0,10,10,3,0,0
21.7021,21.9149,110,3,2,JumpScratch,4
21.9149,22.1277,110,5,2,JumpScratch,-3
21.9149,-1.0,10,10,3,0,0
22.1277,-1.0,10,8,2,0,0
22.3404,-1.0,10,1,3,0,0
22.3404,-1.0,10,5,4,0,0
22.5532,-1.0,10,8,3,0,0
22.7660,-1.0,10,1,3,0,0
22.7660,-1.0,10,5,4,0,0
22.9787,-1.0,10,8,3,0,0
23.1915,-1.0,10,1,3,0,0
23.1915,-1.0,82,6,2,0,0
23.1915,23.4043,110,6,2,JumpScratch,5
23.4043,23.6170,110,9,2,JumpScratch,-3
23.6170,-1.0,10,1,3,0,0
23.8298,-1.0,80,4,2,0,0
23.8298,24.2553,100,4,2,0,0
24.0426,-1.0,900,4,2,0,0
24.0426,-1.0,10,10,3,0,0
24.2553,-1.0,10,8,2,0,0
24.4681,-1.0,50,1,4,0,0
24.4681,-1.0,10,10,3,0,0
24.6809,-1.0,10,3,2,0,0
24.6809,-1.0,10,7,2,0,0
24.8936,-1.0,50,2,4,0,0
24.8936,-1.0,10,10,3,0,0
25.1064,-1.0,10,4,2,0,0
25.1064,-1.0,10,8,2,0,0
25.3191,-1.0,82,6,2,0,0
25.3191,25.7447,110,6,2,0,0
25.3191,-1.0,10,10,3,0,0
25.5319,-1.0,900,6,2,0,0
26.1702,-1.0,80,1,2,0,0
26.1702,26.5957,100,1,2,0,0
26.3830,-1.0,900,1,2,0,0
26.5957,-1.0,80,7,2,0,0
26.5957,26.8085,100,7,2,0,0
26.8085,-1.0,10,5,2,0,0
26.9149,-1.0,10,6,2,0,0
27.0213,-1.0,82,4,2,0,0
27.0213,27.4468,110,4,2,JumpScratch,-4
27.2340,-1.0,900,4,2,0,0
27.4468,-1.0,80,10,2,0,0
27.4468,27.8723,100,10,2,0,0
27.6596,-1.0,900,10,2,0,0
28.0851,-1.0,10,4,3,0,0
28.0851,-1.0,82,11,2,0,0
28.0851,28.2979,110,11,2,JumpScratch,-4
28.2979,-1.0,10,2,3,0,0
28.2979,28.5106,110,9,2,JumpScratch,-4
28.5106,-1.0,82,1,2,0,0
28.5106,28.9362,110,1,2,JumpScratch,7
28.7234,-1.0,900,1,2,0,0
28.9362,29.5745,110,6,2,0,0
28.9362,-1.0,50,9,4,0,0
29.1489,-1.0,900,6,2,0,0
29.3617,-1.0,900,6,2,0,0
29.5745,-1.0,80,11,2,0,0
29.5745,30.0,100,11,2,0,0
29.7872,-1.0,900,11,2,0,0
30.0,-1.0,80,5,2,0,0
30.0,30.4255,100,5,2,0,0
30.2128,-1.0,900,5,2,0,0
30.4255,-1.0,82,8,2,0,0
30.4255,30.8511,110,8,2,JumpScratch,4
30.6383,-1.0,900,8,2,0,0
30.8511,-1.0,80,2,2,0,0
30.8511,31.2766,100,2,2,0,0
31.0638,-1.0,900,2,2,0,0
31.4894,-1.0,82,1,2,0,0
31.4894,31.7021,110,1,2,JumpScratch,4
31.4894,-1.0,10,6,3,0,0
31.7021,31.9149,110,3,2,JumpScratch,4
31.7021,-1.0,10,8,3,0,0
31.9149,-1.0,82,11,2,0,0
31.9149,32.3404,110,11,2,JumpScratch,-7
32.1277,-1.0,900,11,2,0,0
32.3404,-1.0,80,3,2,0,0
32.3404,32.7660,100,3,2,0,0
32.5532,-1.0,900,3,2,0,0
32.7660,-1.0,10,11,2,0,0
32.8723,-1.0,10,5,2,0,0
32.9787,-1.0,10,7,2,0,0
33.0851,-1.0,10,1,2,0,0
33.1915,-1.0,10,9,2,0,0
33.2979,-1.0,10,3,2,0,0
33.4043,-1.0,80,11,2,0,0
33.4043,33.8298,100,11,2,0,0
33.6170,-1.0,900,11,2,0,0
33.8298,-1.0,82,4,2,0,0
33.8298,34.2553,110,4,2,JumpScratch,-4
34.0426,-1.0,900,4,2,0,0
34.2553,-1.0,80,8,2,0,0
34.2553,34.6809,100,8,2,0,0
34.4681,-1.0,900,8,2,0,0
34.8936,-1.0,10,4,3,0,0
34.8936,-1.0,82,11,2,0,0
34.8936,35.1064,110,11,2,JumpScratch,-6
35.1064,-1.0,10,1,3,0,0
35.1064,35.3191,110,7,2,JumpScratch,4
35.3191,-1.0,82,3,2,0,0
35.3191,35.7447,110,3,2,JumpScratch,6
35.5319,-1.0,900,3,2,0,0
35.7447,36.3830,110,7,2,0,0
35.7447,-1.0,50,10,3,0,0
35.9574,-1.0,900,7,2,0,0
36.1702,-1.0,900,7,2,0,0
36.3830,-1.0,80,11,2,0,0
36.3830,36.8085,100,11,2,0,0
36.5957,-1.0,900,11,2,0,0
36.8085,-1.0,80,1,2,0,0
36.8085,37.2340,100,1,2,0,0
37.0213,-1.0,900,1,2,0,0
37.2340,-1.0,82,8,2,0,0
37.2340,37.6596,110,8,2,JumpScratch,5
37.4468,-1.0,900,8,2,0,0
37.6596,-1.0,10,4,3,0,0
37.6596,37.8723,110,11,2,JumpScratch,-4
37.8723,-1.0,10,2,3,0,0
37.8723,38.0851,110,9,2,JumpScratch,-4
38.0851,-1.0,82,1,2,0,0
38.0851,38.7234,110,1,2,JumpScratch,4
38.0851,38.5106,110,7,2,JumpScratch,3
38.2979,-1.0,900,1,2,0,0
38.2979,-1.0,900,7,2,0,0
38.5106,-1.0,900,1,2,0,0
38.7234,38.9362,110,3,2,JumpScratch,4
38.7234,-1.0,10,6,3,0,0
38.9362,39.1489,110,5,2,JumpScratch,4
38.9362,-1.0,10,8,3,0,0
39.1489,-1.0,10,10,3,0,0
39.7872,-1.0,82,1,2,0,0
39.7872,40.2128,110,1,2,JumpScratch,6
40.0,-1.0,900,1,2,0,0
40.2128,40.6383,110,5,2,JumpScratch,-3
40.4255,-1.0,900,5,2,0,0
40.9220,-1.0,10,9,2,0,0
40.9929,-1.0,10,5,2,0,0
41.0638,-1.0,80,8,2,0,0
41.0638,42.3404,100,8,2,0,0
41.2766,-1.0,900,8,2,0,0
41.4894,-1.0,900,8,2,0,0
41.7021,-1.0,900,8,2,0,0
41.9149,-1.0,900,8,2,0,0
42.1277,-1.0,900,8,2,0,0
42.6241,-1.0,10,3,2,0,0
42.6950,-1.0,10,7,2,0,0
42.7660,-1.0,80,4,2,0,0
42.7660,44.0426,100,4,2,0,0
42.9787,-1.0,900,4,2,0,0
43.1915,-1.0,900,4,2,0,0
43.4043,-1.0,900,4,2,0,0
43.6170,-1.0,900,4,2,0,0
43.8298,-1.0,900,4,2,0,0
44.3262,-1.0,10,10,2,0,0
44.3972,-1.0,10,6,2,0,0
44.4681,-1.0,80,8,2,0,0
44.4681,44.8936,100,8,2,0,0
44.6809,-1.0,900,8,2,0,0
45.1773,-1.0,10,2,2,0,0
45.2482,-1.0,10,6,2,0,0
45.3191,-1.0,80,4,2,0,0
45.3191,45.7447,100,4,2,0,0
45.5319,-1.0,900,4,2,0,0
46.1702,-1.0,50,11,2,0,0
46.5957,-1.0,10,1,2,0,0
46.5957,-1.0,10,7,2,0,0
47.0213,-1.0,10,5,2,0,0
47.0213,-1.0,10,11,2,0,0
47.2340,-1.0,10,8,2,0,0
47.3404,-1.0,10,4,2,0,0
47.4468,-1.0,10,6,2,0,0
47.6596,-1.0,10,6,2,0,0
47.8723,-1.0,50,1,4,0,0
47.8723,-1.0,80,8,2,0,0
47.8723,48.2979,100,8,2,0,0
48.0851,-1.0,900,8,2,0,0
48.2979,-1.0,10,4,2,0,0
48.5106,-1.0,10,1,3,0,0
48.5106,-1.0,10,6,2,0,0
48.7234,-1.0,10,3,3,0,0
48.7234,-1.0,10,8,3,0,0
48.9362,-1.0,82,6,2,0,0
48.9362,49.3617,110,6,2,JumpScratch,-7
48.9362,-1.0,82,10,3,0,0
48.9362,49.3617,110,10,3,JumpScratch,-4
49.1489,-1.0,900,6,2,0,0
49.1489,-1.0,900,10,3,0,0
49.3617,50.0,110,1,2,JumpScratch,4
49.5745,-1.0,900,1,2,0,0
49.7872,-1.0,900,1,2,0,0
49.7872,-1.0,10,6,3,0,0
50.0,50.4255,110,1,4,JumpScratch,6
50.0,-1.0,50,7,4,0,0
50.2128,-1.0,900,1,4,0,0
50.2128,-1.0,10,7,3,0,0
50.4255,50.8511,110,1,6,JumpScratch,-6
50.4255,-1.0,50,8,4,0,0
50.6383,-1.0,900,1,6,0,0
50.6383,-1.0,10,8,3,0,0
50.8511,-1.0,50,9,4,0,0
51.0638,-1.0,10,9,3,0,0
51.2766,-1.0,50,1,6,0,0
51.2766,-1.0,80,7,3,0,0
51.2766,51.7021,100,7,3,0,0
51.4894,-1.0,900,7,3,0,0
51.7021,-1.0,10,2,3,0,0
51.9149,-1.0,80,4,3,0,0
51.9149,52.3404,100,4,3,0,0
51.9149,-1.0,50,7,6,0,0
52.1277,-1.0,900,4,3,0,0
52.3404,-1.0,10,9,3,0,0
52.5532,-1.0,83,1,5,0,0
52.5532,52.9787,110,1,5,JumpScratch,-5
52.5532,-1.0,83,8,5,0,0
52.5532,52.9787,110,8,5,JumpScratch,5
52.7660,-1.0,900,1,5,0,0
52.7660,-1.0,900,8,5,0,0
52.9787,53.4043,110,1,3,0,0
52.9787,53.4043,110,10,3,0,0
53.1915,-1.0,900,1,3,0,0
53.1915,-1.0,40,1,3,0,0
53.1915,-1.0,900,10,3,0,0
53.1915,-1.0,40,10,3,0,0
53.6170,-1.0,10,7,3,0,0
53.8298,-1.0,20,1,3,0,0
53.8298,-1.0,50,10,3,0,0
54.0426,-1.0,10,4,3,0,0
54.2553,-1.0,50,1,3,0,0
54.2553,-1.0,20,10,3,0,0
54.4681,-1.0,10,7,3,0,0
54.6809,-1.0,50,1,3,0,0
54.6809,-1.0,50,10,3,0,0
54.8936,-1.0,10,4,3,0,0
55.0,-1.0,10,7,3,0,0
55.1064,-1.0,10,1,3,0,0
55.1064,-1.0,10,10,3,0,0
55.3191,-1.0,10,4,3,0,0
55.5319,-1.0,10,4,3,0,0
55.5319,-1.0,10,10,3,0,0
55.7447,-1.0,10,4,3,0,0
55.7447,-1.0,10,7,3,0,0
55.9574,-1.0,10,1,3,0,0
55.9574,-1.0,10,10,3,0,0
56.1702,-1.0,82,1,3,0,0
56.1702,56.8085,110,1,3,0,0
56.1702,-1.0,82,7,3,0,0
56.1702,56.8085,110,7,3,0,0
56.3830,-1.0,900,1,3,0,0
56.3830,-1.0,900,7,3,0,0
56.5957,-1.0,900,1,3,0,0
56.5957,-1.0,40,1,3,0,0
56.5957,-1.0,900,7,3,0,0
56.5957,-1.0,40,7,3,0,0
57.0213,-1.0,10,4,3,0,0
57.2340,-1.0,50,1,3,0,0
57.2340,-1.0,20,10,3,0,0
57.4468,-1.0,10,7,3,0,0
57.6596,-1.0,20,1,3,0,0
57.6596,-1.0,50,10,3,0,0
57.8723,-1.0,10,4,3,0,0
58.0851,-1.0,50,1,3,0,0
58.0851,-1.0,50,10,3,0,0
58.2979,-1.0,10,7,3,0,0
58.4043,-1.0,10,4,3,0,0
58.5106,-1.0,10,1,3,0,0
58.5106,-1.0,10,10,3,0,0
58.7234,-1.0,10,7,3,0,0
58.9362,-1.0,10,1,3,0,0
58.9362,-1.0,10,7,3,0,0
59.1489,-1.0,10,4,3,0,0
59.1489,-1.0,10,7,3,0,0
59.3617,-1.0,10,1,3,0,0
59.3617,-1.0,10,10,3,0,0
59.5745,-1.0,82,4,3,0,0
59.5745,60.2128,110,4,3,0,0
59.5745,-1.0,82,10,3,0,0
59.5745,60.2128,110,10,3,0,0
59.7872,-1.0,900,4,3,0,0
59.7872,-1.0,900,10,3,0,0
60.0,-1.0,900,4,3,0,0
60.0,-1.0,40,4,3,0,0
60.0,-1.0,900,10,3,0,0
60.0,-1.0,40,10,3,0,0
60.6383,-1.0,10,8,2,0,0
60.8511,-1.0,10,6,2,0,0
61.0638,-1.0,10,4,2,0,0
61.0638,-1.0,10,8,2,0,0
61.2766,-1.0,10,6,2,0,0
61.4894,-1.0,10,4,2,0,0
61.7021,-1.0,10,6,2,0,0
61.9149,-1.0,10,4,2,0,0
61.9149,-1.0,10,8,2,0,0
62.1277,-1.0,10,6,2,0,0
62.3404,-1.0,20,4,2,0,0
62.3404,-1.0,20,10,3,0,0
62.5532,-1.0,20,6,2,0,0
62.7660,-1.0,20,1,3,0,0
62.7660,-1.0,20,8,2,0,0
62.9787,-1.0,20,6,2,0,0
63.1915,-1.0,20,4,2,0,0
63.1915,-1.0,20,10,3,0,0
63.4043,-1.0,20,6,2,0,0
63.6170,-1.0,20,1,3,0,0
63.6170,-1.0,20,8,2,0,0
63.8298,-1.0,20,6,2,0,0
64.0426,-1.0,83,1,3,0,0
64.0426,64.3617,110,1,3,0,0
64.0426,-1.0,83,10,3,0,0
64.0426,64.3617,110,10,3,0,0
64.2553,-1.0,900,1,3,0,0
64.2553,-1.0,900,10,3,0,0
64.6809,-1.0,50,4,2,0,0
64.6809,-1.0,50,8,2,0,0
65.1064,-1.0,10,1,3,0,0
65.2128,-1.0,10,6,2,0,0
65.3191,-1.0,10,4,2,0,0
65.5319,-1.0,81,6,2,0,0
65.5319,65.9574,101,6,2,0,0
65.5319,-1.0,50,10,3,0,0
65.7447,-1.0,900,6,2,0,0
65.9574,-1.0,10,10,3,0,0
66.0638,-1.0,10,6,2,0,0
66.1702,-1.0,10,8,2,0,0
66.3830,-1.0,50,1,3,0,0
66.3830,-1.0,81,6,2,0,0
66.3830,66.8085,101,6,2,0,0
66.5957,-1.0,900,6,2,0,0
66.8085,-1.0,10,1,2,0,0
66.9149,-1.0,10,8,2,0,0
67.0213,-1.0,10,6,2,0,0
67.2340,-1.0,10,6,2,0,0
67.4468,-1.0,81,6,2,0,0
67.4468,67.6596,101,6,2,0,0
67.4468,-1.0,50,10,3,0,0
67.6596,-1.0,10,8,2,0,0
67.8723,-1.0,50,1,3,0,0
67.8723,-1.0,81,6,2,0,0
67.8723,68.0851,101,6,2,0,0
68.0851,-1.0,10,4,2,0,0
68.2979,-1.0,50,1,3,0,0
68.2979,-1.0,50,10,3,0,0
68.5106,-1.0,10,7,2,0,0
68.6170,-1.0,10,4,2,0,0
68.7234,-1.0,10,1,3,0,0
68.7234,-1.0,10,7,3,0,0
68.9362,-1.0,10,5,4,0,0
69.1489,-1.0,10,6,3,0,0
69.1489,-1.0,10,10,3,0,0
69.3617,-1.0,10,5,4,0,0
69.5745,-1.0,82,1,3,0,0
69.5745,69.7872,110,1,3,JumpScratch,11
69.5745,-1.0,82,5,3,0,0
69.5745,70.4255,110,5,3,0,0
69.7872,70.2128,110,9,3,JumpScratch,-11
70.0,-1.0,900,5,3,0,0
70.0,-1.0,900,9,3,0,0
70.2128,70.4255,110,1,3,0,0
70.6383,-1.0,10,4,3,0,0
70.8511,-1.0,81,6,2,0,0
70.8511,71.0638,101,6,2,0,0
70.8511,-1.0,50,9,4,0,0
71.0638,-1.0,10,8,3,0,0
71.2766,-1.0,50,1,4,0,0
71.2766,-1.0,81,6,2,0,0
71.2766,71.4894,101,6,2,0,0
71.4894,-1.0,10,3,3,0,0
71.7021,-1.0,50,1,4,0,0
71.7021,-1.0,50,9,4,0,0
71.9149,-1.0,10,5,2,0,0
72.0213,-1.0,10,8,2,0,0
72.1277,-1.0,10,4,3,0,0
72.1277,-1.0,10,10,3,0,0
72.3404,-1.0,10,5,4,0,0
72.5532,-1.0,10,1,3,0,0
72.5532,-1.0,10,5,3,0,0
72.7660,-1.0,10,5,4,0,0
72.9787,-1.0,82,6,3,0,0
72.9787,73.8298,110,6,3,0,0
72.9787,-1.0,82,10,3,0,0
72.9787,73.1915,110,10,3,JumpScratch,-11
73.1915,73.6170,110,2,3,JumpScratch,11
73.4043,-1.0,900,2,3,0,0
73.4043,-1.0,900,6,3,0,0
73.6170,73.8298,110,10,3,0,0
74.2553,-1.0,10,5,2,0,0
74.2553,-1.0,50,8,2,0,0
74.4681,-1.0,10,5,2,0,0
74.6809,-1.0,50,4,2,0,0
74.6809,-1.0,10,7,2,0,0
74.8936,-1.0,10,7,2,0,0
75.1064,-1.0,10,4,2,0,0
75.1064,-1.0,50,9,2,0,0
75.3191,-1.0,10,5,2,0,0
75.5319,-1.0,50,3,2,0,0
75.5319,-1.0,10,8,2,0,0
75.7447,-1.0,10,7,2,0,0
75.9574,-1.0,20,3,4,0,0
75.9574,-1.0,50,8,4,0,0
76.1702,-1.0,20,5,3,0,0
76.3830,-1.0,50,2,4,0,0
76.3830,-1.0,20,7,4,0,0
76.5957,-1.0,20,6,3,0,0
76.8085,-1.0,20,2,5,0,0
76.8085,-1.0,50,9,4,0,0
77.0213,-1.0,20,5,3,0,0
77.0213,-1.0,10,8,3,0,0
77.2340,-1.0,50,1,4,0,0
77.2340,-1.0,20,7,5,0,0
77.4468,-1.0,10,3,3,0,0
77.4468,-1.0,20,6,3,0,0
77.6596,-1.0,83,1,3,0,0
77.6596,77.9787,110,1,3,JumpScratch,6
77.6596,-1.0,83,10,3,0,0
77.6596,77.9787,110,10,3,JumpScratch,-6
77.8723,-1.0,900,1,3,0,0
77.8723,-1.0,900,10,3,0,0
77.9787,78.2979,110,2,5,JumpScratch,-6
77.9787,78.2979,110,7,5,JumpScratch,6
78.1915,-1.0,900,2,5,0,0
78.1915,-1.0,900,7,5,0,0
78.2979,78.9362,110,1,2,0,0
78.2979,78.9362,110,11,2,0,0
78.5106,-1.0,900,1,2,0,0
78.5106,-1.0,900,11,2,0,0
78.7234,-1.0,900,1,2,0,0
78.7234,-1.0,900,11,2,0,0
79.1489,-1.0,83,2,5,0,0
79.1489,79.3617,110,2,5,JumpScratch,5
79.1489,-1.0,83,7,5,0,0
79.1489,79.3617,110,7,5,JumpScratch,-5
79.3617,79.7872,110,4,3,JumpScratch,-6
79.3617,79.7872,110,7,3,JumpScratch,6
79.5745,-1.0,900,4,3,0,0
79.5745,-1.0,900,7,3,0,0
79.7872,81.4894,110,1,3,0,0
79.7872,81.4894,110,10,3,0,0
80.0,-1.0,900,1,3,0,0
80.0,-1.0,900,10,3,0,0
80.2128,-1.0,900,1,3,0,0
80.2128,-1.0,900,10,3,0,0
80.4255,-1.0,900,1,3,0,0
80.4255,-1.0,900,10,3,0,0
80.6383,-1.0,900,1,3,0,0
80.6383,-1.0,900,10,3,0,0
80.8511,-1.0,900,1,3,0,0
80.8511,-1.0,900,10,3,0,0
81.0638,-1.0,900,1,3,0,0
81.0638,-1.0,900,10,3,0,0
81.2766,-1.0,900,1,3,0,0
81.2766,-1.0,900,10,3,0,0
81.7021,-1.0,10,1,2,0,0
81.9149,-1.0,10,5,4,0,0
81.9149,-1.0,10,11,2,0,0
82.1277,-1.0,10,11,2,0,0
82.3404,-1.0,10,3,4,0,0
82.3404,-1.0,10,9,2,0,0
82.5532,-1.0,10,9,2,0,0
82.7660,-1.0,10,1,4,0,0
83.1915,-1.0,10,1,4,0,0
83.4043,-1.0,10,11,2,0,0
83.6170,-1.0,10,1,2,0,0
83.6170,-1.0,10,5,4,0,0
83.8298,-1.0,10,1,2,0,0
84.0426,-1.0,10,3,2,0,0
84.0426,-1.0,10,7,4,0,0
84.2553,-1.0,10,3,2,0,0
84.4681,-1.0,10,9,4,0,0
84.8936,-1.0,10,9,4,0,0
85.1064,-1.0,80,11,2,0,0
85.1064,85.5319,100,11,2,0,0
85.3191,-1.0,10,5,4,0,0
85.3191,-1.0,900,11,2,0,0
85.5319,-1.0,10,5,2,0,0
85.7447,-1.0,10,1,2,0,0
85.7447,-1.0,10,5,4,0,0
85.9574,-1.0,10,7,2,0,0
86.1702,-1.0,10,5,4,0,0
86.1702,-1.0,10,11,2,0,0
86.3830,-1.0,10,5,2,0,0
86.5957,-1.0,80,1,2,0,0
86.5957,87.0213,100,1,2,0,0
86.5957,-1.0,10,5,4,0,0
86.8085,-1.0,900,1,2,0,0
87.0213,-1.0,10,9,4,0,0
87.2340,-1.0,10,5,2,0,0
87.4468,-1.0,10,1,2,0,0
87.4468,-1.0,10,7,4,0,0
87.6596,-1.0,10,3,2,0,0
87.8723,-1.0,10,5,4,0,0
88.0851,-1.0,10,11,2,0,0
88.2979,-1.0,10,3,4,0,0
88.2979,-1.0,10,9,2,0,0
88.5106,-1.0,10,7,2,0,0
88.7234,-1.0,10,1,4,0,0
88.7234,-1.0,10,9,2,0,0
88.9362,-1.0,10,9,2,0,0
89.1489,-1.0,10,3,4,0,0
89.1489,-1.0,10,11,2,0,0
89.3617,-1.0,10,11,2,0,0
89.5745,-1.0,10,5,4,0,0
90.0,-1.0,10,5,4,0,0
90.2128,-1.0,10,5,2,0,0
90.4255,-1.0,10,3,2,0,0
90.4255,-1.0,10,9,4,0,0
90.6383,-1.0,10,3,2,0,0
90.8511,-1.0,10,1,2,0,0
90.8511,-1.0,10,7,4,0,0
91.0638,-1.0,10,1,2,0,0
91.2766,-1.0,10,5,4,0,0
91.7021,-1.0,10,5,4,0,0
91.9149,-1.0,80,1,2,0,0
91.9149,92.3404,100,1,2,0,0
92.1277,-1.0,900,1,2,0,0
92.1277,-1.0,10,9,4,0,0
92.3404,-1.0,10,7,2,0,0
92.5532,-1.0,10,3,4,0,0
92.5532,-1.0,10,9,2,0,0
92.7660,-1.0,10,1,2,0,0
92.9787,-1.0,10,3,4,0,0
92.9787,-1.0,10,9,2,0,0
93.1915,-1.0,10,11,2,0,0
93.4043,-1.0,80,3,2,0,0
93.4043,93.8298,100,3,2,0,0
93.4043,-1.0,10,7,4,0,0
93.6170,-1.0,900,3,2,0,0
93.8298,-1.0,10,9,4,0,0
94.0426,-1.0,10,5,2,0,0
94.2553,-1.0,10,1,2,0,0
94.2553,-1.0,10,7,4,0,0
94.4681,-1.0,10,3,2,0,0
94.6809,-1.0,10,5,4,0,0
94.8936,-1.0,10,1,2,0,0
95.0,-1.0,10,6,2,0,0
95.1064,-1.0,10,3,2,0,0
95.2128,-1.0,10,8,2,0,0
95.3191,-1.0,10,5,2,0,0
95.5319,-1.0,10,5,4,0,0
95.5319,-1.0,10,11,2,0,0
95.7447,-1.0,10,11,2,0,0
95.9574,-1.0,10,3,4,0,0
95.9574,-1.0,10,9,2,0,0
96.1702,-1.0,82,7,2,0,0
96.1702,96.2766,110,7,2,JumpScratch,4
96.2766,96.3830,110,9,2,JumpScratch,4
96.3830,-1.0,10,1,4,0,0
96.5957,-1.0,10,5,2,0,0
96.8085,-1.0,10,1,4,0,0
96.8085,-1.0,10,7,2,0,0
97.0213,-1.0,10,9,2,0,0
97.2340,-1.0,10,1,2,0,0
97.2340,-1.0,10,5,4,0,0
97.4468,-1.0,10,1,2,0,0
97.6596,-1.0,10,3,2,0,0
97.6596,-1.0,10,7,4,0,0
97.8723,-1.0,10,3,2,0,0
98.0851,-1.0,10,9,4,0,0
98.2979,-1.0,10,4,2,0,0
98.4043,-1.0,10,7,2,0,0
98.5106,-1.0,10,1,2,0,0
98.6170,-1.0,10,10,2,0,0
98.7234,-1.0,10,4,2,0,0
98.8298,-1.0,10,7,2,0,0
98.9362,-1.0,10,1,2,0,0
99.1489,-1.0,10,7,2,0,0
99.3617,-1.0,10,5,2,0,0
99.3617,-1.0,10,9,4,0,0
99.5745,-1.0,82,5,2,0,0
99.5745,100.0,110,5,2,JumpScratch,-5
99.7872,-1.0,900,5,2,0,0
99.7872,-1.0,10,9,4,0,0
100.0,100.4255,110,2,2,JumpScratch,6
100.2128,-1.0,900,2,2,0,0
100.2128,-1.0,10,9,4,0,0
100.4255,100.8511,110,6,2,JumpScratch,-4
100.6383,-1.0,900,6,2,0,0
100.6383,-1.0,10,9,4,0,0
100.8511,101.0638,110,4,2,JumpScratch,-5
101.0638,101.4894,110,1,3,0,0
101.0638,-1.0,10,7,4,0,0
101.2766,-1.0,900,1,3,0,0
101.4894,-1.0,10,5,4,0,0
101.7021,-1.0,10,7,2,0,0
101.9149,-1.0,50,3,3,0,0
101.9149,-1.0,10,7,4,0,0
102.1277,-1.0,10,9,2,0,0
102.3404,-1.0,10,5,3,0,0
102.3404,-1.0,20,9,4,0,0
102.5532,-1.0,10,5,3,0,0
102.5532,-1.0,20,9,4,0,0
102.7660,-1.0,10,5,3,0,0
102.7660,-1.0,20,9,4,0,0
102.9787,-1.0,10,5,3,0,0
102.9787,-1.0,20,9,4,0,0
103.1915,-1.0,10,5,2,0,0
103.6170,-1.0,10,5,2,0,0
103.8298,-1.0,20,1,4,0,0
104.0426,-1.0,20,1,4,0,0
104.0426,-1.0,10,6,3,0,0
104.2553,-1.0,20,1,4,0,0
104.2553,-1.0,10,6,3,0,0
104.4681,-1.0,20,1,4,0,0
104.4681,-1.0,10,6,3,0,0
104.6809,-1.0,20,1,4,0,0
104.6809,-1.0,10,6,3,0,0
104.8936,-1.0,10,7,2,0,0
105.3191,-1.0,10,7,2,0,0
105.5319,-1.0,82,11,2,0,0
105.5319,105.9574,110,11,2,JumpScratch,-4
105.7447,-1.0,10,1,4,0,0
105.7447,-1.0,900,11,2,0,0
105.9574,106.1702,110,9,2,JumpScratch,-4
106.1702,-1.0,10,1,4,0,0
106.1702,106.3830,110,7,2,JumpScratch,6
106.3830,106.5957,110,11,2,JumpScratch,-5
106.5957,-1.0,10,1,4,0,0
106.5957,106.8085,110,8,2,JumpScratch,-5
106.8085,107.0213,110,5,2,JumpScratch,8
107.0213,-1.0,10,1,4,0,0
107.2340,-1.0,82,4,2,0,0
107.2340,107.3050,110,4,2,JumpScratch,-3
107.3050,107.3759,110,3,2,JumpScratch,-3
107.3759,107.4468,110,2,2,JumpScratch,-3
107.4468,108.2979,110,1,2,JumpScratch,4
107.4468,-1.0,10,9,4,0,0
107.6596,-1.0,900,1,2,0,0
107.8723,-1.0,900,1,2,0,0
107.8723,-1.0,10,9,4,0,0
108.0851,-1.0,900,1,2,0,0
108.0851,-1.0,82,8,2,0,0
108.0851,108.1560,110,8,2,JumpScratch,3
108.1560,108.2270,110,9,2,JumpScratch,3
108.2270,108.2979,110,10,2,JumpScratch,3
108.7234,-1.0,10,4,2,0,0
108.7234,-1.0,10,8,2,0,0
108.9362,-1.0,10,4,2,0,0
108.9362,-1.0,10,8,2,0,0
109.1489,-1.0,80,2,2,0,0
109.1489,109.5745,100,2,2,0,0
109.1489,-1.0,50,8,4,0,0
109.3617,-1.0,900,2,2,0,0
109.7872,-1.0,82,5,2,0,0
109.7872,110.0,110,5,2,JumpScratch,-4
109.7872,-1.0,10,10,3,0,0
110.0,110.2128,110,3,2,JumpScratch,-4
110.0,-1.0,10,8,3,0,0
110.2128,-1.0,82,7,2,0,0
110.2128,110.6383,110,7,2,JumpScratch,6
110.4255,-1.0,900,7,2,0,0
110.6383,-1.0,50,1,4,0,0
110.6383,111.2766,110,11,2,0,0
110.8511,-1.0,900,11,2,0,0
111.0638,-1.0,900,11,2,0,0
111.2766,-1.0,80,6,2,0,0
111.2766,111.7021,100,6,2,0,0
111.4894,-1.0,900,6,2,0,0
111.7021,-1.0,80,9,2,0,0
111.7021,112.1277,100,9,2,0,0
111.9149,-1.0,900,9,2,0,0
112.1277,-1.0,82,4,2,0,0
112.1277,112.5532,110,4,2,JumpScratch,-4
112.3404,-1.0,900,4,2,0,0
112.5532,-1.0,80,10,2,0,0
112.5532,112.9787,100,10,2,0,0
112.7660,-1.0,900,10,2,0,0
113.1915,-1.0,10,1,3,0,0
113.1915,-1.0,82,7,2,0,0
113.1915,113.4043,110,7,2,JumpScratch,4
113.4043,-1.0,10,3,3,0,0
113.4043,113.6170,110,9,2,JumpScratch,4
113.6170,-1.0,82,5,2,0,0
113.6170,114.0426,110,5,2,JumpScratch,-6
113.8298,-1.0,900,5,2,0,0
114.0426,-1.0,80,9,2,0,0
114.0426,114.4681,100,9,2,0,0
114.2553,-1.0,900,9,2,0,0
114.4681,-1.0,10,1,2,0,0
114.5745,-1.0,10,7,2,0,0
114.6809,-1.0,10,5,2,0,0
114.7872,-1.0,10,11,2,0,0
114.8936,-1.0,10,3,2,0,0
115.0,-1.0,10,9,2,0,0
115.1064,-1.0,80,1,2,0,0
115.1064,115.5319,100,1,2,0,0
115.3191,-1.0,900,1,2,0,0
115.5319,-1.0,82,8,2,0,0
115.5319,115.9574,110,8,2,JumpScratch,4
115.7447,-1.0,900,8,2,0,0
115.9574,-1.0,80,4,2,0,0
115.9574,116.3830,100,4,2,0,0
116.1702,-1.0,900,4,2,0,0
116.5957,-1.0,82,5,2,0,0
116.5957,116.8085,110,5,2,JumpScratch,-6
116.5957,-1.0,10,10,3,0,0
116.8085,117.0213,110,1,2,JumpScratch,4
116.8085,-1.0,10,7,3,0,0
117.0213,-1.0,82,9,2,0,0
117.0213,117.4468,110,9,2,JumpScratch,-6
117.2340,-1.0,900,9,2,0,0
117.4468,-1.0,50,1,3,0,0
117.4468,118.0851,110,5,2,0,0
117.6596,-1.0,900,5,2,0,0
117.8723,-1.0,900,5,2,0,0
118.0851,-1.0,80,1,2,0,0
118.0851,118.5106,100,1,2,0,0
118.2979,-1.0,900,1,2,0,0
118.5106,-1.0,80,11,2,0,0
118.5106,118.9362,100,11,2,0,0
118.7234,-1.0,900,11,2,0,0
118.9362,-1.0,82,5,2,0,0
118.9362,119.3617,110,5,2,JumpScratch,-5
119.1489,-1.0,900,5,2,0,0
119.3617,119.5745,110,2,2,JumpScratch,4
119.3617,-1.0,10,8,3,0,0
119.5745,119.7872,110,4,2,JumpScratch,-5
119.5745,-1.0,10,10,3,0,0
119.7872,120.4255,110,1,2,JumpScratch,5
119.7872,-1.0,82,7,2,0,0
119.7872,120.2128,110,7,2,JumpScratch,3
120.0,-1.0,900,1,2,0,0
120.0,-1.0,900,7,2,0,0
120.2128,-1.0,900,1,2,0,0
120.4255,120.6383,110,4,2,JumpScratch,-4
120.4255,-1.0,10,9,3,0,0
120.6383,120.8511,110,2,2,JumpScratch,5
120.6383,-1.0,10,7,3,0,0
120.8511,-1.0,10,10,3,0,0
121.4894,-1.0,82,1,2,0,0
121.4894,121.9149,110,1,2,JumpScratch,6
121.7021,-1.0,900,1,2,0,0
121.9149,122.3404,110,5,2,JumpScratch,-3
122.1277,-1.0,900,5,2,0,0
122.6241,-1.0,10,9,2,0,0
122.6950,-1.0,10,5,2,0,0
122.7660,-1.0,80,8,2,0,0
122.7660,124.0426,100,8,2,0,0
122.9787,-1.0,900,8,2,0,0
123.1915,-1.0,900,8,2,0,0
123.4043,-1.0,900,8,2,0,0
123.6170,-1.0,900,8,2,0,0
123.8298,-1.0,900,8,2,0,0
124.4681,-1.0,80,4,2,0,0
124.4681,124.8936,100,4,2,0,0
124.4681,-1.0,10,11,2,0,0
124.6809,-1.0,900,4,2,0,0
124.8936,-1.0,10,8,2,0,0
125.1064,-1.0,10,2,2,0,0
125.1064,-1.0,10,11,2,0,0
125.7447,-1.0,10,7,2,0,0
126.1702,-1.0,80,3,2,0,0
126.1702,126.5957,100,3,2,0,0
126.1702,-1.0,10,9,2,0,0
126.3830,-1.0,900,3,2,0,0
126.5957,-1.0,10,11,2,0,0
127.0213,-1.0,10,3,2,0,0
127.0213,-1.0,80,9,2,0,0
127.0213,127.4468,100,9,2,0,0
127.2340,-1.0,900,9,2,0,0
127.4468,-1.0,10,1,2,0,0
127.8723,-1.0,10,3,2,0,0
127.8723,-1.0,10,9,2,0,0
128.2979,-1.0,10,1,2,0,0
128.2979,-1.0,10,7,2,0,0
128.7234,-1.0,10,5,2,0,0
128.7234,-1.0,10,11,2,0,0
128.9362,-1.0,10,8,2,0,0
129.0426,-1.0,10,4,2,0,0
129.1489,-1.0,10,6,2,0,0
129.3617,-1.0,10,6,2,0,0
129.5745,-1.0,50,1,4,0,0
129.5745,-1.0,80,8,2,0,0
129.5745,130.0,100,8,2,0,0
129.7872,-1.0,900,8,2,0,0
130.0,-1.0,10,4,2,0,0
130.2128,-1.0,10,1,3,0,0
130.2128,-1.0,10,6,2,0,0
130.4255,-1.0,10,3,3,0,0
130.4255,-1.0,10,8,3,0,0
130.6383,-1.0,82,6,2,0,0
130.6383,131.0638,110,6,2,JumpScratch,-7
130.6383,-1.0,82,10,3,0,0
130.6383,131.0638,110,10,3,JumpScratch,-4
130.8511,-1.0,900,6,2,0,0
130.8511,-1.0,900,10,3,0,0
131.0638,131.7021,110,1,2,JumpScratch,8
131.2766,-1.0,900,1,2,0,0
131.4894,-1.0,900,1,2,0,0
131.4894,-1.0,10,7,3,0,0
131.7021,-1.0,82,9,4,0,0
131.7021,132.1277,110,9,4,JumpScratch,-6
131.9149,-1.0,10,4,3,0,0
131.9149,-1.0,900,9,4,0,0
132.1277,-1.0,82,1,6,0,0
132.1277,132.5532,110,1,6,0,0
132.3404,-1.0,900,1,6,0,0
132.3404,-1.0,10,7,3,0,0
132.5532,-1.0,50,7,6,0,0
132.7660,-1.0,10,4,3,0,0
132.9787,-1.0,50,1,6,0,0
132.9787,-1.0,10,10,3,0,0
133.1915,-1.0,10,8,3,0,0
133.4043,-1.0,10,6,3,0,0
133.6170,-1.0,10,1,3,0,0
133.6170,-1.0,50,7,6,0,0
133.8298,-1.0,10,3,3,0,0
134.0426,-1.0,10,5,3,0,0
134.2553,-1.0,83,1,5,0,0
134.2553,134.6809,110,1,5,JumpScratch,-5
134.2553,-1.0,83,8,5,0,0
134.2553,134.6809,110,8,5,JumpScratch,5
134.4681,-1.0,900,1,5,0,0
134.4681,-1.0,900,8,5,0,0
134.6809,135.1064,110,1,3,0,0
134.6809,135.1064,110,10,3,0,0
134.8936,-1.0,900,1,3,0,0
134.8936,-1.0,40,1,3,0,0
134.8936,-1.0,900,10,3,0,0
134.8936,-1.0,40,10,3,0,0
135.5319,-1.0,50,1,4,0,0
135.5319,-1.0,50,9,4,0,0
135.9574,-1.0,50,1,5,0,0
135.9574,-1.0,50,8,5,0,0
136.1702,-1.0,10,4,3,0,0
136.2766,-1.0,10,7,3,0,0
136.3830,-1.0,83,1,3,0,0
136.3830,139.7872,110,1,3,0,0
136.3830,-1.0,83,10,3,0,0
136.3830,139.7872,110,10,3,0,0
136.5957,-1.0,900,1,3,0,0
136.5957,-1.0,900,10,3,0,0
136.8085,-1.0,900,1,3,0,0
136.8085,-1.0,900,10,3,0,0
137.0213,-1.0,900,1,3,0,0
137.0213,-1.0,900,10,3,0,0
137.2340,-1.0,900,1,3,0,0
137.2340,-1.0,900,10,3,0,0
137.4468,-1.0,900,1,3,0,0
137.4468,-1.0,900,10,3,0,0
137.6596,-1.0,900,1,3,0,0
137.6596,-1.0,900,10,3,0,0
137.8723,-1.0,900,1,3,0,0
137.8723,-1.0,900,10,3,0,0
138.0851,-1.0,900,1,3,0,0
138.0851,-1.0,900,10,3,0,0
138.2979,-1.0,900,1,3,0,0
138.2979,-1.0,900,10,3,0,0
138.5106,-1.0,900,1,3,0,0
138.5106,-1.0,900,10,3,0,0
138.7234,-1.0,900,1,3,0,0
138.7234,-1.0,900,10,3,0,0
138.9362,-1.0,900,1,3,0,0
138.9362,-1.0,900,10,3,0,0
139.1489,-1.0,900,1,3,0,0
139.1489,-1.0,900,10,3,0,0
139.3617,-1.0,900,1,3,0,0
139.3617,-1.0,900,10,3,0,0
139.5745,-1.0,900,1,3,0,0
139.5745,-1.0,900,10,3,0,0
143.1915,-1.0,50,1,4,0,0
143.1915,-1.0,80,7,3,0,0
143.1915,143.6170,100,7,3,0,0
143.4043,-1.0,900,7,3,0,0
143.6170,-1.0,10,4,2,0,0
143.8298,-1.0,10,6,3,0,0
144.0426,-1.0,80,4,3,0,0
144.0426,144.4681,100,4,3,0,0
144.0426,-1.0,50,9,4,0,0
144.2553,-1.0,900,4,3,0,0
144.4681,-1.0,10,8,2,0,0
144.6809,-1.0,10,5,3,0,0
144.8936,-1.0,50,1,4,0,0
144.8936,-1.0,80,7,3,0,0
144.8936,145.3191,100,7,3,0,0
145.1064,-1.0,900,7,3,0,0
145.3191,-1.0,10,4,3,0,0
145.7447,-1.0,20,5,3,0,0
145.7447,-1.0,50,9,4,0,0
146.0638,-1.0,50,3,4,0,0
146.0638,-1.0,20,8,3,0,0
146.3830,-1.0,81,1,3,0,0
146.3830,146.8085,101,1,3,0,0
146.3830,-1.0,50,5,4,0,0
146.5957,-1.0,900,1,3,0,0
146.8085,-1.0,10,5,4,0,0
147.0213,-1.0,10,3,3,0,0
147.0213,-1.0,10,8,3,0,0
147.2340,-1.0,50,5,4,0,0
147.2340,-1.0,81,10,3,0,0
147.2340,147.6596,101,10,3,0,0
147.4468,-1.0,900,10,3,0,0
147.6596,-1.0,10,5,4,0,0
147.8723,-1.0,10,3,3,0,0
147.8723,-1.0,10,8,3,0,0
148.0851,-1.0,81,1,3,0,0
148.0851,148.5106,101,1,3,0,0
148.0851,-1.0,50,5,4,0,0
148.2979,-1.0,900,1,3,0,0
148.5106,-1.0,10,7,3,0,0
148.6170,-1.0,10,4,3,0,0
148.7234,-1.0,10,10,3,0,0
148.9362,-1.0,10,4,3,0,0
148.9362,-1.0,10,7,3,0,0
149.1489,-1.0,50,1,5,JumpScratch,-5
149.1489,-1.0,50,8,5,JumpScratch,5
149.5745,-1.0,50,1,4,JumpScratch,-4
149.5745,-1.0,50,9,4,JumpScratch,4
150.0,-1.0,50,1,3,JumpScratch,-3
150.0,-1.0,50,10,3,JumpScratch,3
150.2128,-1.0,10,8,2,0,0
150.3191,-1.0,10,4,2,0,0
150.4255,-1.0,10,1,3,0,0
150.4255,-1.0,10,10,3,0,0
150.6383,-1.0,10,8,2,0,0
150.8511,-1.0,80,6,2,0,0
150.8511,151.2766,100,6,2,0,0
150.8511,-1.0,50,10,3,0,0
151.0638,-1.0,900,6,2,0,0
151.2766,-1.0,10,8,2,0,0
151.4894,-1.0,10,4,2,0,0
151.5957,-1.0,10,6,2,0,0
151.7021,-1.0,82,1,3,0,0
151.7021,152.5532,110,1,3,0,0
151.9149,-1.0,900,1,3,0,0
151.9149,-1.0,10,8,2,0,0
152.1277,-1.0,900,1,3,0,0
152.1277,-1.0,40,1,3,0,0
152.1277,-1.0,10,10,3,0,0
152.3404,-1.0,900,1,3,0,0
152.3404,-1.0,10,8,2,0,0
152.5532,-1.0,10,10,3,0,0
152.7660,-1.0,10,8,2,0,0
152.9787,-1.0,10,1,3,0,0
153.0851,-1.0,10,8,2,0,0
153.1915,-1.0,10,4,2,0,0
153.2979,-1.0,10,10,3,0,0
153.4043,-1.0,10,6,2,0,0
153.6170,-1.0,10,4,2,0,0
153.7234,-1.0,10,8,2,0,0
153.8298,-1.0,10,1,3,0,0
153.8298,-1.0,10,10,3,0,0
154.0426,-1.0,10,4,2,0,0
154.2553,-1.0,50,1,3,0,0
154.2553,-1.0,80,6,2,0,0
154.2553,154.6809,100,6,2,0,0
154.4681,-1.0,900,6,2,0,0
154.6809,-1.0,10,4,2,0,0
154.8936,-1.0,10,8,2,0,0
155.0,-1.0,10,6,2,0,0
155.1064,-1.0,82,10,3,0,0
155.1064,155.9574,110,10,3,0,0
155.3191,-1.0,10,4,2,0,0
155.3191,-1.0,900,10,3,0,0
155.5319,-1.0,10,1,3,0,0
155.5319,-1.0,900,10,3,0,0
155.5319,-1.0,40,10,3,0,0
155.7447,-1.0,10,4,2,0,0
155.7447,-1.0,900,10,3,0,0
155.9574,-1.0,10,1,3,0,0
156.1702,-1.0,10,4,2,0,0
156.3830,-1.0,10,1,3,0,0
156.3830,-1.0,10,10,3,0,0
156.5957,-1.0,10,4,2,0,0
156.7021,-1.0,10,6,2,0,0
156.8085,-1.0,81,1,3,0,0
156.8085,157.2340,101,1,3,0,0
157.0213,-1.0,900,1,3,0,0
157.0213,-1.0,10,6,2,0,0
157.2340,-1.0,50,8,2,0,0
157.4468,-1.0,10,1,3,0,0
157.6596,-1.0,10,4,2,0,0
157.6596,-1.0,81,10,3,0,0
157.6596,158.0851,101,10,3,0,0
157.8723,-1.0,10,6,2,0,0
157.8723,-1.0,900,10,3,0,0
158.0851,-1.0,50,4,2,0,0
158.2979,-1.0,10,10,3,0,0
158.5106,-1.0,81,1,3,0,0
158.5106,158.9362,101,1,3,0,0
158.5106,-1.0,10,8,2,0,0
158.7234,-1.0,900,1,3,0,0
158.7234,-1.0,10,6,2,0,0
158.9362,-1.0,50,8,2,0,0
159.1489,-1.0,10,4,2,0,0
159.3617,-1.0,50,1,3,0,0
159.3617,-1.0,20,6,2,0,0
159.6809,-1.0,20,4,2,0,0
159.6809,-1.0,50,8,2,0,0
160.0,-1.0,50,6,2,0,0
160.0,-1.0,81,10,3,0,0
160.0,160.4255,101,10,3,0,0
160.2128,-1.0,900,10,3,0,0
160.4255,-1.0,10,4,2,0,0
160.6383,-1.0,10,1,3,0,0
160.6383,-1.0,10,8,2,0,0
160.8511,-1.0,10,10,3,0,0
160.9574,-1.0,10,6,2,0,0
161.0638,-1.0,10,8,2,0,0
161.2766,-1.0,10,4,2,0,0
161.4894,-1.0,81,1,3,0,0
161.4894,162.7660,101,1,3,0,0
161.4894,-1.0,50,6,2,0,0
161.7021,-1.0,900,1,3,0,0
161.9149,-1.0,900,1,3,0,0
162.1277,-1.0,900,1,3,0,0
162.3404,-1.0,900,1,3,0,0
162.5532,-1.0,50,10,3,JumpScratch,-3
162.5532,-1.0,900,1,3,0,0
162.5532,162.6241,110,10,2,JumpScratch,-3
162.6241,162.6950,110,9,2,JumpScratch,-3
162.6950,162.7660,110,8,2,JumpScratch,-3
163.6170,-1.0,10,1,2,0,0
163.8298,-1.0,10,4,2,0,0
164.0426,-1.0,10,7,2,0,0
164.2553,-1.0,10,10,2,0,0
165.3191,-1.0,10,2,2,0,0
165.5319,-1.0,10,5,2,0,0
165.7447,-1.0,10,8,2,0,0
165.9574,-1.0,10,11,2,0,0
167.0213,-1.0,10,11,2,0,0
167.2340,-1.0,10,8,2,0,0
167.4468,-1.0,10,5,2,0,0
167.6596,-1.0,10,2,2,0,0
168.7234,-1.0,10,10,2,0,0
168.9362,-1.0,10,7,2,0,0
169.1489,-1.0,10,4,2,0,0
169.3617,-1.0,10,1,2,0,0
170.4255,-1.0,80,11,2,0,0
170.4255,170.8511,100,11,2,0,0
170.6383,-1.0,900,11,2,0,0
171.2766,-1.0,80,4,2,0,0
171.2766,171.7021,100,4,2,0,0
171.4894,-1.0,900,4,2,0,0
172.1277,-1.0,80,8,2,0,0
172.1277,172.5532,100,8,2,0,0
172.3404,-1.0,900,8,2,0,0
172.9787,-1.0,10,1,2,0,0
173.2979,-1.0,10,6,2,0,0
173.6170,-1.0,80,11,2,0,0
173.6170,174.4681,100,11,2,0,0
173.8298,-1.0,900,11,2,0,0
174.0426,-1.0,10,5,2,0,0
174.0426,-1.0,900,11,2,0,0
174.2553,-1.0,10,3,2,0,0
174.2553,-1.0,900,11,2,0,0
174.4681,-1.0,80,1,2,0,0
174.4681,175.3191,100,1,2,0,0
174.6809,-1.0,900,1,2,0,0
174.8936,-1.0,900,1,2,0,0
174.8936,-1.0,10,7,2,0,0
175.1064,-1.0,900,1,2,0,0
175.1064,-1.0,10,9,2,0,0
175.3191,-1.0,80,11,2,0,0
175.3191,176.3830,100,11,2,0,0
175.5319,-1.0,900,11,2,0,0
175.7447,-1.0,900,11,2,0,0
175.9574,-1.0,900,11,2,0,0
176.1702,-1.0,900,11,2,0,0
176.3830,-1.0,10,5,2,0,0
176.5957,-1.0,10,3,2,0,0
176.8085,-1.0,10,1,2,0,0
177.0213,-1.0,50,6,2,0,0
178.0851,-1.0,80,6,2,0,0
178.0851,178.5106,100,6,2,0,0
178.2979,-1.0,900,6,2,0,0
178.9362,-1.0,80,4,2,0,0
178.9362,179.3617,100,4,2,0,0
178.9362,-1.0,80,8,2,0,0
178.9362,179.3617,100,8,2,0,0
179.1489,-1.0,900,4,2,0,0
179.1489,-1.0,900,8,2,0,0
179.7872,-1.0,82,1,3,0,0
179.7872,180.2128,110,1,3,JumpScratch,6
179.7872,-1.0,82,10,3,0,0
179.7872,180.2128,110,10,3,JumpScratch,-6
180.0,-1.0,900,1,3,0,0
180.0,-1.0,900,10,3,0,0
180.2128,180.6383,110,4,3,JumpScratch,-6
180.2128,180.6383,110,7,3,JumpScratch,6
180.4255,-1.0,900,4,3,0,0
180.4255,-1.0,900,7,3,0,0
180.8511,-1.0,10,4,3,0,0
180.9574,-1.0,10,7,3,0,0
181.0638,-1.0,10,3,4,0,0
181.0638,-1.0,10,10,3,0,0
181.2766,-1.0,10,1,3,0,0
181.4894,-1.0,10,4,3,0,0
181.4894,-1.0,10,9,4,0,0
181.7021,-1.0,10,3,3,0,0
181.7021,-1.0,10,8,3,0,0
181.9149,-1.0,10,1,4,0,0
181.9149,-1.0,10,7,3,0,0
182.1277,-1.0,82,3,3,0,0
182.1277,182.5532,110,3,3,JumpScratch,-5
182.1277,-1.0,82,10,3,0,0
182.1277,182.5532,110,10,3,JumpScratch,-7
182.3404,-1.0,900,3,3,0,0
182.3404,-1.0,900,10,3,0,0
182.5532,182.7660,110,1,2,JumpScratch,11
182.5532,183.1915,110,6,3,JumpScratch,-5
182.9787,-1.0,900,6,3,0,0
183.1915,-1.0,20,10,3,0,0
183.4043,-1.0,10,7,3,0,0
183.6170,-1.0,20,1,3,0,0
183.6170,-1.0,50,5,5,JumpScratch,5
183.8298,-1.0,10,4,3,0,0
184.0426,-1.0,50,4,5,JumpScratch,-5
184.0426,-1.0,20,10,3,0,0
184.2553,-1.0,10,7,3,0,0
184.3617,-1.0,10,4,3,0,0
184.4681,-1.0,10,1,3,0,0
184.4681,-1.0,10,7,4,0,0
184.6809,-1.0,10,10,3,0,0
184.8936,-1.0,10,1,4,0,0
184.8936,-1.0,10,7,3,0,0
185.1064,-1.0,10,3,3,0,0
185.1064,-1.0,10,8,3,0,0
185.3191,-1.0,10,4,3,0,0
185.3191,-1.0,10,9,4,0,0
185.5319,-1.0,82,1,3,0,0
185.5319,185.9574,110,1,3,JumpScratch,12
185.5319,-1.0,82,6,3,0,0
185.5319,186.1702,110,6,3,JumpScratch,-6
185.7447,-1.0,900,1,3,0,0
185.7447,-1.0,900,6,3,0,0
185.9574,186.1702,110,10,3,JumpScratch,-4
186.5957,-1.0,10,4,2,0,0
186.5957,-1.0,80,7,2,0,0
186.5957,186.8085,100,7,2,0,0
186.8085,-1.0,10,5,2,0,0
187.0213,-1.0,80,5,2,0,0
187.0213,187.2340,100,5,2,0,0
187.0213,-1.0,10,8,2,0,0
187.2340,-1.0,10,7,2,0,0
187.4468,-1.0,10,3,2,0,0
187.4468,-1.0,80,8,2,0,0
187.4468,187.6596,100,8,2,0,0
187.6596,-1.0,10,5,2,0,0
187.8723,-1.0,80,4,2,0,0
187.8723,188.0851,100,4,2,0,0
187.8723,-1.0,10,9,2,0,0
188.0851,-1.0,10,7,2,0,0
188.2979,-1.0,20,2,4,0,0
188.2979,-1.0,81,9,3,0,0
188.2979,188.5106,101,9,3,0,0
188.5106,-1.0,20,5,3,0,0
188.7234,-1.0,81,2,3,0,0
188.7234,188.9362,101,2,3,0,0
188.7234,-1.0,20,8,4,0,0
188.9362,-1.0,20,6,3,0,0
189.1489,-1.0,20,1,4,0,0
189.1489,-1.0,81,10,3,0,0
189.1489,189.3617,101,10,3,0,0
189.3617,-1.0,20,4,4,0,0
189.5745,-1.0,81,1,3,0,0
189.5745,189.7872,101,1,3,0,0
189.5745,-1.0,20,9,4,0,0
189.7872,-1.0,20,6,4,0,0
190.0,-1.0,83,1,3,0,0
190.0,190.3191,110,1,3,0,0
190.0,-1.0,83,10,3,0,0
190.0,190.3191,110,10,3,0,0
190.2128,-1.0,900,1,3,0,0
190.2128,-1.0,900,10,3,0,0
190.6383,-1.0,50,4,3,0,0
190.6383,-1.0,50,7,3,0,0
191.0638,-1.0,10,10,3,0,0
191.1702,-1.0,10,4,3,0,0
191.2766,-1.0,10,7,3,0,0
191.4894,-1.0,50,1,3,0,0
191.4894,-1.0,81,6,3,0,0
191.4894,191.9149,101,6,3,0,0
191.7021,-1.0,900,6,3,0,0
191.9149,-1.0,10,1,3,0,0
192.0213,-1.0,10,6,3,0,0
192.1277,-1.0,10,3,3,0,0
192.3404,-1.0,81,5,3,0,0
192.3404,192.7660,101,5,3,0,0
192.3404,-1.0,50,10,3,0,0
192.5532,-1.0,900,5,3,0,0
192.7660,-1.0,10,10,3,0,0
192.8723,-1.0,10,5,3,0,0
192.9787,-1.0,10,7,3,0,0
193.1915,-1.0,10,4,3,0,0
193.4043,-1.0,50,1,3,0,0
193.4043,-1.0,81,6,3,0,0
193.4043,193.6170,101,6,3,0,0
193.6170,-1.0,10,3,3,0,0
193.8298,-1.0,81,5,3,0,0
193.8298,194.0426,101,5,3,0,0
193.8298,-1.0,50,10,3,0,0
194.0426,-1.0,10,8,3,0,0
194.2553,-1.0,50,1,3,0,0
194.2553,-1.0,50,10,3,0,0
194.4681,-1.0,10,4,3,0,0
194.5745,-1.0,10,7,3,0,0
194.6809,-1.0,10,1,4,0,0
194.6809,-1.0,10,10,3,0,0
194.8936,-1.0,10,4,3,0,0
195.1064,-1.0,80,1,3,0,0
195.1064,195.3191,100,1,3,0,0
195.1064,-1.0,10,7,3,0,0
195.3191,-1.0,80,10,3,0,0
195.3191,195.5319,100,10,3,0,0
195.5319,-1.0,10,4,3,0,0
195.7447,-1.0,50,1,4,0,0
195.7447,-1.0,82,10,3,0,0
195.7447,196.1702,110,10,3,JumpScratch,-7
195.9574,-1.0,900,10,3,0,0
196.1702,-1.0,82,1,3,0,0
196.1702,196.3830,110,1,3,JumpScratch,11
196.1702,196.8085,110,6,3,JumpScratch,-5
196.5957,-1.0,900,6,3,0,0
196.8085,-1.0,20,10,3,0,0
197.0213,-1.0,10,7,3,0,0
197.2340,-1.0,20,1,3,0,0
197.2340,-1.0,50,5,5,JumpScratch,5
197.4468,-1.0,10,4,3,0,0
197.6596,-1.0,50,4,5,JumpScratch,-5
197.6596,-1.0,20,10,3,0,0
197.8723,-1.0,10,7,3,0,0
197.9787,-1.0,10,4,3,0,0
198.0851,-1.0,10,1,3,0,0
198.0851,-1.0,10,9,4,0,0
198.2979,-1.0,10,7,3,0,0
198.5106,-1.0,10,4,3,0,0
198.5106,-1.0,80,10,3,0,0
198.5106,198.7234,100,10,3,0,0
198.7234,-1.0,80,1,3,0,0
198.7234,198.9362,100,1,3,0,0
198.9362,-1.0,10,7,3,0,0
199.1489,-1.0,82,1,3,0,0
199.1489,199.5745,110,1,3,JumpScratch,6
199.1489,-1.0,50,9,4,0,0
199.3617,-1.0,900,1,3,0,0
199.5745,-1.0,82,7,3,0,0
199.5745,199.7872,110,7,3,JumpScratch,6
199.7872,-1.0,50,1,6,JumpScratch,-6
200.2128,-1.0,50,2,3,0,0
200.2128,-1.0,80,7,2,0,0
200.2128,200.4255,100,7,2,0,0
200.4255,-1.0,10,4,2,0,0
200.6383,-1.0,80,5,2,0,0
200.6383,200.8511,100,5,2,0,0
200.6383,-1.0,50,9,3,0,0
200.8511,-1.0,10,8,2,0,0
201.0638,-1.0,50,2,3,0,0
201.0638,-1.0,80,7,2,0,0
201.0638,201.2766,100,7,2,0,0
201.2766,-1.0,10,5,2,0,0
201.4894,-1.0,80,5,2,0,0
201.4894,201.7021,100,5,2,0,0
201.4894,-1.0,50,9,3,0,0
201.7021,-1.0,10,7,2,0,0
201.9149,-1.0,50,2,4,0,0
201.9149,-1.0,81,8,4,0,0
201.9149,202.1277,101,8,4,0,0
202.1277,-1.0,20,5,3,0,0
202.3404,-1.0,81,2,4,0,0
202.3404,202.5532,101,2,4,0,0
202.3404,-1.0,50,8,4,0,0
202.5532,-1.0,20,6,3,0,0
202.7660,-1.0,50,1,4,0,0
202.7660,-1.0,20,9,4,0,0
202.9787,-1.0,20,5,4,0,0
202.9787,-1.0,10,9,4,0,0
203.1915,-1.0,20,1,4,0,0
203.1915,-1.0,50,9,4,0,0
203.4043,-1.0,10,1,4,0,0
203.4043,-1.0,20,5,4,0,0
203.6170,-1.0,83,1,3,0,0
203.6170,203.9362,110,1,3,JumpScratch,6
203.6170,-1.0,83,10,3,0,0
203.6170,203.9362,110,10,3,JumpScratch,-6
203.8298,-1.0,900,1,3,0,0
203.8298,-1.0,900,10,3,0,0
203.9362,204.2553,110,5,2,JumpScratch,-6
203.9362,204.2553,110,7,2,JumpScratch,6
204.1489,-1.0,900,5,2,0,0
204.1489,-1.0,900,7,2,0,0
204.2553,204.8936,110,1,5,0,0
204.2553,204.8936,110,8,5,0,0
204.4681,-1.0,900,1,5,0,0
204.4681,-1.0,900,8,5,0,0
204.6809,-1.0,900,1,5,0,0
204.6809,-1.0,900,8,5,0,0
205.1064,-1.0,83,1,3,0,0
205.1064,205.3191,110,1,3,JumpScratch,6
205.1064,-1.0,83,10,3,0,0
205.1064,205.3191,110,10,3,JumpScratch,-6
205.3191,205.7447,110,3,4,JumpScratch,-6
205.3191,205.7447,110,7,4,JumpScratch,6
205.5319,-1.0,900,3,4,0,0
205.5319,-1.0,900,7,4,0,0
205.7447,207.4468,110,1,3,0,0
205.7447,207.4468,110,10,3,0,0
205.9574,-1.0,900,1,3,0,0
205.9574,-1.0,900,10,3,0,0
206.1702,-1.0,900,1,3,0,0
206.1702,-1.0,900,10,3,0,0
206.3830,-1.0,900,1,3,0,0
206.3830,-1.0,900,10,3,0,0
206.5957,-1.0,900,1,3,0,0
206.5957,-1.0,900,10,3,0,0
206.8085,-1.0,900,1,3,0,0
206.8085,-1.0,900,10,3,0,0
207.0213,-1.0,900,1,3,0,0
207.0213,-1.0,900,10,3,0,0
207.2340,-1.0,900,1,3,0,0
207.2340,-1.0,900,10,3,0,0
207.8723,-1.0,10,1,4,0,0
207.8723,-1.0,20,9,4,0,0
208.0851,-1.0,10,5,4,0,0
208.2979,-1.0,10,5,4,0,0
208.2979,-1.0,20,9,4,0,0
208.5106,-1.0,10,1,4,0,0
208.7234,-1.0,10,1,4,0,0
208.7234,-1.0,20,9,4,0,0
208.9362,-1.0,10,5,4,0,0
209.1489,-1.0,10,5,4,0,0
209.1489,-1.0,20,9,4,0,0
209.3617,-1.0,10,1,4,0,0
209.4681,-1.0,10,5,4,0,0
209.5745,-1.0,20,1,4,0,0
209.5745,-1.0,10,9,4,0,0
209.7872,-1.0,10,5,4,0,0
210.0,-1.0,20,1,4,0,0
210.0,-1.0,10,5,4,0,0
210.2128,-1.0,10,9,4,0,0
210.4255,-1.0,20,1,4,0,0
210.4255,-1.0,10,9,4,0,0
210.6383,-1.0,10,5,4,0,0
210.8511,-1.0,50,1,4,0,0
210.8511,-1.0,50,9,4,0,0
211.0638,-1.0,10,5,4,0,0
211.2766,-1.0,20,1,3,0,0
211.2766,-1.0,10,10,3,0,0
211.4894,-1.0,10,7,3,0,0
211.7021,-1.0,20,1,3,0,0
211.7021,-1.0,10,7,3,0,0
211.9149,-1.0,10,4,3,0,0
212.1277,-1.0,20,1,3,0,0
212.1277,-1.0,10,10,3,0,0
212.3404,-1.0,10,7,3,0,0
212.5532,-1.0,20,1,3,0,0
212.5532,-1.0,10,7,3,0,0
212.7660,-1.0,10,10,3,0,0
212.8723,-1.0,10,4,3,0,0
212.9787,-1.0,10,1,3,0,0
212.9787,-1.0,20,10,3,0,0
213.1915,-1.0,10,4,3,0,0
213.4043,-1.0,10,4,3,0,0
213.4043,-1.0,20,10,3,0,0
213.6170,-1.0,10,1,3,0,0
213.8298,-1.0,82,1,3,0,0
213.8298,214.0426,110,1,3,JumpScratch,6
213.8298,-1.0,83,10,3,0,0
213.8298,214.0426,110,10,3,JumpScratch,-6
214.0426,214.2553,110,4,3,JumpScratch,-5
214.0426,214.2553,110,7,3,JumpScratch,5
214.6809,-1.0,10,6,2,0,0
214.6809,-1.0,20,10,3,0,0
214.8936,-1.0,10,4,2,0,0
215.1064,-1.0,10,4,2,0,0
215.1064,-1.0,20,10,3,0,0
215.3191,-1.0,10,6,2,0,0
215.5319,-1.0,10,6,2,0,0
215.5319,-1.0,20,10,3,0,0
215.7447,-1.0,10,4,2,0,0
215.9574,-1.0,10,4,2,0,0
215.9574,-1.0,20,10,3,0,0
216.1702,-1.0,10,1,3,0,0
216.2766,-1.0,10,6,2,0,0
216.3830,-1.0,20,1,3,0,0
216.3830,-1.0,10,8,2,0,0
216.5957,-1.0,10,8,2,0,0
216.8085,-1.0,20,1,3,0,0
216.8085,-1.0,10,6,2,0,0
217.0213,-1.0,10,6,2,0,0
217.2340,-1.0,20,1,3,0,0
217.4468,-1.0,10,3,3,0,0
217.4468,-1.0,10,8,3,0,0
217.6596,-1.0,50,1,4,0,0
217.6596,-1.0,50,9,4,0,0
217.8723,-1.0,50,4,3,0,0
217.8723,-1.0,81,8,2,0,0
217.8723,219.7872,101,8,2,0,0
218.0851,-1.0,900,8,2,0,0
218.2979,-1.0,10,1,2,0,0
218.2979,-1.0,900,8,2,0,0
218.5106,-1.0,10,4,2,0,0
218.5106,-1.0,900,8,2,0,0
218.7234,-1.0,82,2,2,0,0
218.7234,218.8298,110,2,2,JumpScratch,4
218.7234,-1.0,900,8,2,0,0
218.8298,218.9362,110,4,2,JumpScratch,3
218.9362,-1.0,900,8,2,0,0
219.1489,-1.0,10,5,2,0,0
219.1489,-1.0,900,8,2,0,0
219.3617,-1.0,10,2,2,0,0
219.3617,-1.0,900,8,2,0,0
219.5745,-1.0,10,2,2,0,0
219.5745,-1.0,900,8,2,0,0
219.7872,-1.0,50,2,3,0,0
221.4894,-1.0,80,5,2,0,0
221.4894,224.8936,100,5,2,0,0
221.7021,-1.0,900,5,2,0,0
221.9149,-1.0,900,5,2,0,0
222.1277,-1.0,900,5,2,0,0
222.3404,-1.0,900,5,2,0,0
222.5532,-1.0,900,5,2,0,0
222.7660,-1.0,900,5,2,0,0
222.8369,-1.0,82,11,2,0,0
222.8369,222.9078,110,11,2,JumpScratch,-4
222.9078,222.9787,110,9,2,JumpScratch,-4
222.9787,223.0496,110,7,2,JumpScratch,-4
223.1915,-1.0,900,5,2,0,0
223.4043,-1.0,900,5,2,0,0
223.6170,-1.0,900,5,2,0,0
223.8298,-1.0,900,5,2,0,0
224.0426,-1.0,900,5,2,0,0
224.2553,-1.0,900,5,2,0,0
224.4681,-1.0,900,5,2,0,0
224.6809,-1.0,900,5,2,0,0