0.3046,-1.0,10,1,3,0,0
11.0508,11.0508,0,0,0,11,3050
0.6091,-1.0,10,7,3,0,0
11.9645,11.9645,0,0,0,11,3010
0.9137,-1.0,10,1,3,0,0
49.0355,58.1726,0,0,0,14,3050
1.2183,-1.0,10,7,3,0,0
63.6548,72.7919,0,0,0,14,3010
1.5228,-1.0,10,4,3,0,0
84.1472,84.1472,0,0,0,11,3050
1.8274,-1.0,10,10,3,0,0
85.2893,85.2893,0,0,0,11,3010
2.1320,-1.0,10,4,3,0,0
93.8934,93.8934,0,0,0,14,3050
2.7411,-1.0,10,10,3,0,0
96.3299,96.3299,0,0,0,14,3010
3.0457,-1.0,10,4,3,0,0
3.3503,-1.0,10,10,3,0,0
3.6548,-1.0,10,4,3,0,0
3.9594,-1.0,10,7,3,0,0
4.2640,-1.0,10,1,3,0,0
4.5685,-1.0,10,7,3,0,0
5.1777,-1.0,10,4,3,0,0
5.4822,-1.0,10,10,3,0,0
5.7868,-1.0,10,4,3,0,0
6.0914,-1.0,10,10,3,0,0
6.3959,-1.0,10,1,3,0,0
6.7005,-1.0,10,7,3,0,0
7.0051,-1.0,10,1,3,0,0
7.6142,-1.0,10,7,3,0,0
7.9188,-1.0,10,1,3,0,0
8.2234,-1.0,10,7,3,0,0
8.5279,-1.0,10,1,3,0,0
8.8325,-1.0,10,10,3,0,0
9.1371,-1.0,10,4,3,0,0
9.4416,-1.0,10,10,3,0,0
10.0508,-1.0,50,5,4,0,0
12.4873,-1.0,10,1,3,0,0
12.7919,-1.0,10,7,3,0,0
13.0964,-1.0,10,1,3,0,0
13.4010,-1.0,10,7,3,0,0
13.7056,-1.0,80,4,3,0,0
13.7056,14.0102,100,4,3,0,0
13.8579,-1.0,900,4,3,0,0
14.0102,-1.0,10,10,3,0,0
14.9239,-1.0,10,10,3,0,0
15.2284,-1.0,10,4,3,0,0
15.5330,-1.0,10,10,3,0,0
15.8376,-1.0,10,4,3,0,0
16.1421,-1.0,80,7,3,0,0
16.1421,16.4467,100,7,3,0,0
16.2944,-1.0,900,7,3,0,0
16.4467,-1.0,10,1,3,0,0
17.0558,-1.0,10,1,3,0,0
17.3604,-1.0,82,7,3,0,0
17.3604,17.8173,110,7,3,JumpScratch,6
17.5127,-1.0,900,7,3,0,0
17.6650,-1.0,900,7,3,0,0
17.6650,-1.0,31,7,3,0,0
17.8173,18.2741,110,10,3,JumpScratch,-6
17.9695,-1.0,900,10,3,0,0
18.1218,-1.0,900,10,3,0,0
18.1218,-1.0,31,10,3,0,0
18.2741,19.1878,110,7,3,JumpScratch,6
18.4264,-1.0,900,7,3,0,0
18.5787,-1.0,900,7,3,0,0
18.7310,-1.0,900,7,3,0,0
18.8832,-1.0,900,7,3,0,0
19.0355,-1.0,900,7,3,0,0
19.7970,-1.0,10,1,3,0,0
20.1015,-1.0,10,7,3,0,0
20.4061,-1.0,10,4,3,0,0
20.7107,-1.0,10,10,3,0,0
21.0152,-1.0,80,1,3,0,0
21.0152,21.3198,100,1,3,0,0
21.1675,-1.0,900,1,3,0,0
21.3198,-1.0,10,7,3,0,0
22.2335,-1.0,10,10,3,0,0
22.5381,-1.0,10,4,3,0,0
22.8426,-1.0,10,7,3,0,0
23.1472,-1.0,10,1,3,0,0
23.4518,-1.0,80,10,3,0,0
23.4518,23.7563,100,10,3,0,0
23.6041,-1.0,900,10,3,0,0
23.7563,-1.0,10,4,3,0,0
24.3655,-1.0,10,7,3,0,0
24.6701,-1.0,82,1,3,0,0
24.6701,25.1269,110,1,3,JumpScratch,6
24.8223,-1.0,900,1,3,0,0
24.9746,-1.0,900,1,3,0,0
24.9746,-1.0,31,1,3,0,0
25.1269,25.5838,110,4,3,JumpScratch,-6
25.2792,-1.0,900,4,3,0,0
25.4315,-1.0,900,4,3,0,0
25.4315,-1.0,31,4,3,0,0
25.5838,26.4975,110,1,3,JumpScratch,6
25.7360,-1.0,900,1,3,0,0
25.8883,-1.0,900,1,3,0,0
26.0406,-1.0,900,1,3,0,0
26.1929,-1.0,900,1,3,0,0
26.3452,-1.0,900,1,3,0,0
26.8020,-1.0,82,10,3,0,0
26.8020,27.1066,110,10,3,JumpScratch,-6
26.9543,-1.0,900,10,3,0,0
27.1066,27.7157,110,7,3,JumpScratch,6
27.2589,-1.0,900,7,3,0,0
27.4112,-1.0,900,7,3,0,0
27.5635,-1.0,900,7,3,0,0
27.7157,28.3249,110,10,3,JumpScratch,-6
27.8680,-1.0,900,10,3,0,0
28.0203,-1.0,900,10,3,0,0
28.1726,-1.0,900,10,3,0,0
28.3249,28.9340,110,7,3,JumpScratch,6
28.4772,-1.0,900,7,3,0,0
28.6294,-1.0,900,7,3,0,0
28.7817,-1.0,900,7,3,0,0
29.8477,-1.0,10,1,3,0,0
30.1523,-1.0,10,7,3,0,0
30.4569,-1.0,10,4,3,0,0
30.6091,-1.0,82,10,3,0,0
30.6091,31.0660,110,10,3,JumpScratch,-6
30.7614,-1.0,900,10,3,0,0
30.9137,-1.0,900,10,3,0,0
30.9137,-1.0,31,10,3,0,0
31.0660,31.3706,110,7,3,JumpScratch,6
31.2183,-1.0,900,7,3,0,0
31.6751,-1.0,10,4,3,0,0
31.9797,-1.0,80,10,3,0,0
31.9797,32.4365,100,10,3,0,0
32.1320,-1.0,900,10,3,0,0
32.2843,-1.0,900,10,3,0,0
32.5888,-1.0,80,1,3,0,0
32.5888,33.0457,100,1,3,0,0
32.7411,-1.0,900,1,3,0,0
32.8934,-1.0,900,1,3,0,0
33.1980,-1.0,80,7,3,0,0
33.1980,33.6548,100,7,3,0,0
33.3503,-1.0,900,7,3,0,0
33.5025,-1.0,900,7,3,0,0
33.8071,-1.0,82,4,3,0,0
33.8071,34.1117,110,4,3,0,0
33.9594,-1.0,900,4,3,0,0
34.7208,-1.0,10,10,3,0,0
35.0254,-1.0,10,4,3,0,0
35.3299,-1.0,10,7,3,0,0
35.4822,-1.0,10,1,3,0,0
35.9391,-1.0,10,7,3,0,0
36.2437,-1.0,10,4,3,0,0
36.5482,-1.0,10,10,3,0,0
36.8528,-1.0,82,1,3,0,0
36.8528,38.0711,110,1,3,JumpScratch,6
37.0051,-1.0,900,1,3,0,0
37.1574,-1.0,900,1,3,0,0
37.3096,-1.0,900,1,3,0,0
37.4619,-1.0,900,1,3,0,0
37.6142,-1.0,900,1,3,0,0
37.7665,-1.0,900,1,3,0,0
37.9188,-1.0,900,1,3,0,0
38.0711,38.6802,110,4,3,0,0
38.2234,-1.0,900,4,3,0,0
38.3756,-1.0,900,4,3,0,0
38.5279,-1.0,900,4,3,0,0
39.2893,-1.0,80,10,3,0,0
39.2893,39.8985,100,10,3,0,0
39.4416,-1.0,900,10,3,0,0
39.5939,-1.0,900,10,3,0,0
39.7462,-1.0,900,10,3,0,0
40.5076,-1.0,80,1,3,0,0
40.5076,41.1168,100,1,3,0,0
40.6599,-1.0,900,1,3,0,0
40.8122,-1.0,900,1,3,0,0
40.9645,-1.0,900,1,3,0,0
41.7259,-1.0,80,7,3,0,0
41.7259,42.3350,100,7,3,0,0
41.8782,-1.0,900,7,3,0,0
42.0305,-1.0,900,7,3,0,0
42.1827,-1.0,900,7,3,0,0
42.9442,-1.0,80,4,3,0,0
42.9442,43.5533,100,4,3,0,0
43.0964,-1.0,900,4,3,0,0
43.2487,-1.0,900,4,3,0,0
43.4010,-1.0,900,4,3,0,0
44.1624,-1.0,10,10,3,0,0
44.4670,-1.0,10,1,3,0,0
44.7716,-1.0,10,7,3,0,0
45.0761,-1.0,10,4,3,0,0
45.3807,-1.0,10,9,4,0,0
45.6853,-1.0,10,1,4,0,0
45.9898,-1.0,10,7,4,0,0
46.2944,-1.0,10,3,4,0,0
46.5990,-1.0,20,9,4,0,0
46.9036,-1.0,10,1,4,0,0
47.0558,-1.0,20,7,4,0,0
47.3604,-1.0,10,3,4,0,0
47.5127,-1.0,20,9,4,0,0
49.0355,-1.0,20,1,3,0,0
49.0355,-1.0,20,10,3,0,0
49.3401,-1.0,20,1,3,0,0
49.3401,-1.0,20,10,3,0,0
49.7970,-1.0,20,4,3,0,0
49.7970,-1.0,20,7,3,0,0
50.1015,-1.0,20,4,3,0,0
50.1015,-1.0,20,7,3,0,0
50.7107,-1.0,10,1,3,0,0
50.8629,-1.0,80,10,3,0,0
50.8629,51.1675,100,10,3,0,0
51.0152,-1.0,900,10,3,0,0
51.1675,-1.0,10,1,3,0,0
51.4721,-1.0,20,4,3,0,0
51.4721,-1.0,20,7,3,0,0
51.7766,-1.0,20,4,3,0,0
51.7766,-1.0,20,7,3,0,0
52.2335,-1.0,20,1,3,0,0
52.2335,-1.0,20,10,3,0,0
52.5381,-1.0,20,1,3,0,0
52.5381,-1.0,20,10,3,0,0
53.1472,-1.0,80,7,3,0,0
53.1472,53.4518,100,7,3,0,0
53.2995,-1.0,900,7,3,0,0
53.4518,-1.0,10,4,3,0,0
53.6041,-1.0,10,7,3,0,0
53.9086,-1.0,10,1,3,0,0
54.2132,-1.0,10,7,3,0,0
54.3655,-1.0,80,1,3,0,0
54.3655,54.8223,100,1,3,0,0
54.5178,-1.0,900,1,3,0,0
54.6701,-1.0,900,1,3,0,0
54.8223,-1.0,10,7,3,0,0
55.1269,-1.0,10,4,3,0,0
55.2792,-1.0,80,10,3,0,0
55.2792,55.7360,100,10,3,0,0
55.4315,-1.0,900,10,3,0,0
55.5838,-1.0,900,10,3,0,0
55.7360,-1.0,10,4,3,0,0
56.0406,-1.0,10,10,3,0,0
56.3452,-1.0,80,1,3,0,0
56.3452,56.8020,100,1,3,0,0
56.4975,-1.0,900,1,3,0,0
56.6497,-1.0,900,1,3,0,0
56.8020,-1.0,80,7,3,0,0
56.8020,57.2589,100,7,3,0,0
56.9543,-1.0,900,7,3,0,0
57.1066,-1.0,900,7,3,0,0
57.2589,-1.0,82,4,3,0,0
57.2589,58.1726,110,4,3,0,0
57.4112,-1.0,900,4,3,0,0
57.5635,-1.0,900,4,3,0,0
57.7157,-1.0,900,4,3,0,0
57.8680,-1.0,900,4,3,0,0
58.0203,-1.0,900,4,3,0,0
58.7817,-1.0,10,1,3,0,0
59.0863,-1.0,10,7,3,0,0
59.3909,-1.0,10,4,3,0,0
59.6954,-1.0,10,10,3,0,0
60.0,-1.0,82,1,3,0,0
60.0,60.4569,110,1,3,JumpScratch,6
60.1523,-1.0,900,1,3,0,0
60.3046,-1.0,900,1,3,0,0
60.3046,-1.0,31,1,3,0,0
60.4569,60.9137,110,4,3,JumpScratch,-6
60.6091,-1.0,900,4,3,0,0
60.7614,-1.0,900,4,3,0,0
61.2183,-1.0,10,10,3,0,0
61.5228,-1.0,10,1,3,0,0
61.6751,-1.0,10,7,3,0,0
61.9797,-1.0,10,4,3,0,0
62.1320,-1.0,50,10,3,0,0
62.5888,-1.0,10,4,3,0,0
62.7411,-1.0,10,7,3,0,0
63.0457,-1.0,80,1,3,0,0
63.0457,63.3503,100,1,3,0,0
63.1980,-1.0,900,1,3,0,0
63.3503,-1.0,10,10,3,0,0
63.6548,-1.0,20,4,3,0,0
63.6548,-1.0,20,7,3,0,0
63.9594,-1.0,20,4,3,0,0
63.9594,-1.0,20,7,3,0,0
64.4162,-1.0,20,1,3,0,0
64.4162,-1.0,20,10,3,0,0
64.7208,-1.0,20,1,3,0,0
64.7208,-1.0,20,10,3,0,0
65.3299,-1.0,10,7,3,0,0
65.4822,-1.0,80,4,3,0,0
65.4822,65.7868,100,4,3,0,0
65.6345,-1.0,900,4,3,0,0
65.7868,-1.0,10,7,3,0,0
66.0914,-1.0,20,1,3,0,0
66.0914,-1.0,20,10,3,0,0
66.3959,-1.0,20,1,3,0,0
66.3959,-1.0,20,10,3,0,0
66.8528,-1.0,20,4,3,0,0
66.8528,-1.0,20,7,3,0,0
67.1574,-1.0,20,4,3,0,0
67.1574,-1.0,20,7,3,0,0
67.7665,-1.0,80,4,3,0,0
67.7665,68.0711,100,4,3,0,0
67.9188,-1.0,900,4,3,0,0
68.0711,-1.0,10,7,3,0,0
68.2234,-1.0,10,4,3,0,0
68.5279,-1.0,10,10,3,0,0
68.8325,-1.0,10,4,3,0,0
68.9848,-1.0,80,10,3,0,0
68.9848,69.4416,100,10,3,0,0
69.1371,-1.0,900,10,3,0,0
69.2893,-1.0,900,10,3,0,0
69.4416,-1.0,10,4,3,0,0
69.7462,-1.0,10,7,3,0,0
69.8985,-1.0,80,1,3,0,0
69.8985,70.3553,100,1,3,0,0
70.0508,-1.0,900,1,3,0,0
70.2030,-1.0,900,1,3,0,0
70.3553,-1.0,10,7,3,0,0
70.6599,-1.0,10,1,3,0,0
70.9645,-1.0,80,10,3,0,0
70.9645,71.4213,100,10,3,0,0
71.1168,-1.0,900,10,3,0,0
71.2690,-1.0,900,10,3,0,0
71.4213,-1.0,80,4,3,0,0
71.4213,71.8782,100,4,3,0,0
71.5736,-1.0,900,4,3,0,0
71.7259,-1.0,900,4,3,0,0
71.8782,-1.0,82,7,3,0,0
71.8782,72.7919,110,7,3,0,0
72.0305,-1.0,900,7,3,0,0
72.1827,-1.0,900,7,3,0,0
72.3350,-1.0,900,7,3,0,0
72.4873,-1.0,900,7,3,0,0
72.6396,-1.0,900,7,3,0,0
73.4010,-1.0,10,10,3,0,0
73.7056,-1.0,10,4,3,0,0
74.0102,-1.0,10,7,3,0,0
74.3147,-1.0,10,1,3,0,0
74.6193,-1.0,50,10,3,0,0
75.0761,-1.0,10,1,3,0,0
75.2284,-1.0,80,7,3,0,0
75.2284,75.8376,100,7,3,0,0
75.3807,-1.0,900,7,3,0,0
75.5330,-1.0,900,7,3,0,0
75.6853,-1.0,900,7,3,0,0
75.8376,-1.0,82,4,3,0,0
75.8376,76.2944,110,4,3,JumpScratch,-6
75.9898,-1.0,900,4,3,0,0
76.1421,-1.0,900,4,3,0,0
76.1421,-1.0,31,4,3,0,0
76.2944,76.7513,110,1,3,0,0
76.4467,-1.0,900,1,3,0,0
76.5990,-1.0,900,1,3,0,0
77.2081,-1.0,10,7,3,0,0
77.3604,-1.0,10,4,3,0,0
77.6650,-1.0,80,10,3,0,0
77.6650,77.9695,100,10,3,0,0
77.8173,-1.0,900,10,3,0,0
77.9695,-1.0,10,1,3,0,0
78.2741,-1.0,83,7,3,0,0
78.2741,78.5787,110,7,3,0,0
78.4264,-1.0,900,7,3,0,0
79.0355,-1.0,83,4,3,0,0
79.0355,79.3401,110,4,3,0,0
79.1878,-1.0,900,4,3,0,0
79.9492,-1.0,10,7,3,0,0
80.1015,-1.0,10,4,3,0,0
80.4061,-1.0,10,10,3,0,0
80.7107,-1.0,83,1,3,0,0
80.7107,81.0152,110,1,3,0,0
80.8629,-1.0,900,1,3,0,0
81.4721,-1.0,83,10,3,0,0
81.4721,81.7766,110,10,3,0,0
81.6244,-1.0,900,10,3,0,0
82.3858,-1.0,80,1,3,0,0
82.3858,82.6904,100,1,3,0,0
82.5381,-1.0,900,1,3,0,0
82.6904,-1.0,10,10,3,0,0
82.8426,-1.0,10,1,3,0,0
84.9746,-1.0,20,7,4,0,0
85.2792,-1.0,20,3,4,0,0
85.5838,-1.0,83,9,4,0,0
85.5838,86.0406,110,9,4,JumpScratch,-6
85.7360,-1.0,900,9,4,0,0
85.8883,-1.0,900,9,4,0,0
86.0406,86.4975,110,7,4,JumpScratch,6
86.1929,-1.0,900,7,4,0,0
86.3452,-1.0,900,7,4,0,0
86.4975,87.4112,110,9,4,0,0
86.6497,-1.0,900,9,4,0,0
86.8020,-1.0,900,9,4,0,0
86.9543,-1.0,900,9,4,0,0
87.1066,-1.0,900,9,4,0,0
87.2589,-1.0,900,9,4,0,0
88.0203,-1.0,10,1,3,0,0
88.3249,-1.0,10,7,3,0,0
88.6294,-1.0,10,4,3,0,0
88.9340,-1.0,10,10,3,0,0
89.2386,-1.0,82,1,3,0,0
89.2386,89.6954,110,1,3,JumpScratch,6
89.3909,-1.0,900,1,3,0,0
89.5431,-1.0,900,1,3,0,0
89.5431,-1.0,31,1,3,0,0
89.6954,90.1523,110,4,3,JumpScratch,-6
89.8477,-1.0,900,4,3,0,0
90.0,-1.0,900,4,3,0,0
90.4569,-1.0,10,7,3,0,0
90.7614,-1.0,10,4,3,0,0
90.9137,-1.0,10,10,3,0,0
91.2183,-1.0,10,1,3,0,0
91.3706,-1.0,10,7,3,0,0
91.8274,-1.0,10,1,3,0,0
91.9797,-1.0,10,7,3,0,0
92.2843,-1.0,80,4,3,0,0
92.2843,92.5888,100,4,3,0,0
92.4365,-1.0,900,4,3,0,0
92.5888,-1.0,10,10,3,0,0
92.8934,-1.0,20,1,3,0,0
92.8934,-1.0,20,7,3,0,0
93.1980,-1.0,20,1,3,0,0
93.1980,-1.0,20,7,3,0,0
93.6548,-1.0,20,4,3,0,0
93.6548,-1.0,20,10,3,0,0
93.9594,-1.0,20,4,3,0,0
93.9594,-1.0,20,10,3,0,0
94.5685,-1.0,10,1,3,0,0
94.7208,-1.0,80,7,3,0,0
94.7208,95.0254,100,7,3,0,0
94.8731,-1.0,900,7,3,0,0
95.0254,-1.0,10,1,3,0,0
95.3299,-1.0,20,4,3,0,0
95.3299,-1.0,20,10,3,0,0
95.6345,-1.0,20,4,3,0,0
95.6345,-1.0,20,10,3,0,0
96.0914,-1.0,20,1,3,0,0
96.0914,-1.0,20,7,3,0,0
96.3959,-1.0,20,1,3,0,0
96.3959,-1.0,20,7,3,0,0
97.0051,-1.0,80,10,3,0,0
97.0051,97.3096,100,10,3,0,0
97.1574,-1.0,900,10,3,0,0
97.3096,-1.0,10,4,3,0,0
97.4619,-1.0,10,10,3,0,0
97.7665,-1.0,10,4,3,0,0
98.0711,-1.0,10,7,3,0,0
98.2234,-1.0,80,1,3,0,0
98.2234,98.6802,100,1,3,0,0
98.3756,-1.0,900,1,3,0,0
98.5279,-1.0,900,1,3,0,0
98.6802,-1.0,10,7,3,0,0
98.9848,-1.0,10,4,3,0,0
99.1371,-1.0,80,10,3,0,0
99.1371,99.5939,100,10,3,0,0
99.2893,-1.0,900,10,3,0,0
99.4416,-1.0,900,10,3,0,0
99.5939,-1.0,10,4,3,0,0
99.8985,-1.0,10,7,3,0,0
100.2030,-1.0,80,1,3,0,0
100.2030,100.6599,100,1,3,0,0
100.3553,-1.0,900,1,3,0,0
100.5076,-1.0,900,1,3,0,0
100.6599,-1.0,80,7,3,0,0
100.6599,101.1168,100,7,3,0,0
100.8122,-1.0,900,7,3,0,0
100.9645,-1.0,900,7,3,0,0
101.1168,-1.0,82,4,3,0,0
101.1168,102.0305,110,4,3,0,0
101.2690,-1.0,900,4,3,0,0
101.4213,-1.0,900,4,3,0,0
101.5736,-1.0,900,4,3,0,0
101.7259,-1.0,900,4,3,0,0
101.8782,-1.0,900,4,3,0,0
102.6396,-1.0,10,10,3,0,0
102.9442,-1.0,10,4,3,0,0
103.2487,-1.0,10,7,3,0,0
103.5533,-1.0,10,1,3,0,0
103.8579,-1.0,80,10,3,0,0
103.8579,104.1624,100,10,3,0,0
104.0102,-1.0,900,10,3,0,0
104.4670,-1.0,80,1,3,0,0
104.4670,105.0761,100,1,3,0,0
104.6193,-1.0,900,1,3,0,0
104.7716,-1.0,900,1,3,0,0
104.9239,-1.0,900,1,3,0,0
105.0761,-1.0,82,7,3,0,0
105.0761,105.5330,110,7,3,JumpScratch,6
105.2284,-1.0,900,7,3,0,0
105.3807,-1.0,900,7,3,0,0
105.3807,-1.0,31,7,3,0,0
105.5330,105.9898,110,10,3,0,0
105.6853,-1.0,900,10,3,0,0
105.8376,-1.0,900,10,3,0,0
106.4467,-1.0,10,4,3,0,0
106.5990,-1.0,10,7,3,0,0
106.9036,-1.0,80,1,3,0,0
106.9036,107.2081,100,1,3,0,0
107.0558,-1.0,900,1,3,0,0
107.2081,-1.0,80,10,3,0,0
107.2081,107.5127,100,10,3,0,0
107.3604,-1.0,900,10,3,0,0
107.5127,-1.0,82,4,3,0,0
107.5127,107.8173,110,4,3,JumpScratch,-6
107.6650,-1.0,900,4,3,0,0
107.8173,109.9492,110,1,3,0,0
107.9695,-1.0,900,1,3,0,0
108.1218,-1.0,900,1,3,0,0
108.2741,-1.0,900,1,3,0,0
108.4264,-1.0,900,1,3,0,0
108.5787,-1.0,900,1,3,0,0
108.7310,-1.0,900,1,3,0,0
108.8832,-1.0,900,1,3,0,0
109.0355,-1.0,900,1,3,0,0
109.1878,-1.0,900,1,3,0,0
109.3401,-1.0,900,1,3,0,0
109.4924,-1.0,900,1,3,0,0
109.6447,-1.0,900,1,3,0,0
109.7970,-1.0,900,1,3,0,0
111.3198,-1.0,10,7,3,0,0
111.4721,-1.0,10,4,3,0,0
111.7766,-1.0,80,10,3,0,0
111.7766,112.0812,100,10,3,0,0
111.9289,-1.0,900,10,3,0,0
112.0812,-1.0,80,1,3,0,0
112.0812,112.3858,100,1,3,0,0
112.2335,-1.0,900,1,3,0,0
112.3858,-1.0,82,7,3,0,0
112.3858,112.6904,110,7,3,JumpScratch,6
112.5381,-1.0,900,7,3,0,0
112.6904,114.8223,110,10,3,0,0
112.8426,-1.0,900,10,3,0,0
112.9949,-1.0,900,10,3,0,0
113.1472,-1.0,900,10,3,0,0
113.2995,-1.0,900,10,3,0,0
113.4518,-1.0,900,10,3,0,0
113.6041,-1.0,900,10,3,0,0
113.7563,-1.0,900,10,3,0,0
113.9086,-1.0,900,10,3,0,0
114.0609,-1.0,900,10,3,0,0
114.2132,-1.0,900,10,3,0,0
114.3655,-1.0,900,10,3,0,0
114.5178,-1.0,900,10,3,0,0
114.6701,-1.0,900,10,3,0,0
116.0406,-1.0,83,4,3,0,0
116.0406,116.4975,110,4,3,0,0
116.1929,-1.0,900,4,3,0,0
116.1929,-1.0,31,4,3,0,0
116.3452,-1.0,900,4,3,0,0
116.3452,-1.0,31,4,3,0,0