0.0,-1.0,80,1,2,0,0
0.0,1.6327,100,1,2,0,0
44.0102,53.4694,0,0,0,14,11570
0.0,-1.0,10,8,2,0,0
30.3878,30.3878,0,0,0,34,11570
0.0,-1.0,10,11,2,0,0
32.0204,32.0204,0,0,0,33,11570
0.2041,-1.0,900,1,2,0,0
33.6531,33.6531,0,0,0,32,11570
0.2041,-1.0,10,7,2,0,0
35.2857,35.2857,0,0,0,11,11570
0.3061,-1.0,80,4,2,0,0
0.3061,0.6122,100,4,2,0,0
96.3265,102.4490,0,0,0,14,11570
0.4082,-1.0,900,1,2,0,0
112.6531,114.1837,0,0,0,13,1040
0.5102,-1.0,900,4,2,0,0
0.6122,-1.0,900,1,2,0,0
0.6122,-1.0,10,8,2,0,0
0.8163,-1.0,900,1,2,0,0
0.8163,-1.0,80,5,2,0,0
0.8163,1.1224,100,5,2,0,0
1.0204,-1.0,900,1,2,0,0
1.0204,-1.0,900,5,2,0,0
1.1224,-1.0,80,11,2,0,0
1.1224,1.4286,100,11,2,0,0
1.2245,-1.0,900,1,2,0,0
1.3265,-1.0,900,11,2,0,0
1.4286,-1.0,900,1,2,0,0
1.4286,-1.0,10,8,2,0,0
1.6327,-1.0,10,4,2,0,0
1.6327,-1.0,80,11,2,0,0
1.6327,3.2653,100,11,2,0,0
1.8367,-1.0,10,1,2,0,0
1.8367,-1.0,900,11,2,0,0
1.9388,-1.0,80,4,2,0,0
1.9388,2.2449,100,4,2,0,0
2.0408,-1.0,900,11,2,0,0
2.1429,-1.0,900,4,2,0,0
2.2449,-1.0,10,8,2,0,0
2.2449,-1.0,900,11,2,0,0
2.4490,-1.0,80,5,2,0,0
2.4490,2.7551,100,5,2,0,0
2.4490,-1.0,900,11,2,0,0
2.6531,-1.0,900,5,2,0,0
2.6531,-1.0,900,11,2,0,0
2.7551,-1.0,80,8,2,0,0
2.7551,3.0612,100,8,2,0,0
2.8571,-1.0,900,11,2,0,0
2.9592,-1.0,900,8,2,0,0
3.0612,-1.0,10,4,2,0,0
3.0612,-1.0,900,11,2,0,0
3.2653,-1.0,80,1,2,0,0
3.2653,4.8980,100,1,2,0,0
3.2653,-1.0,10,8,2,0,0
3.4694,-1.0,900,1,2,0,0
3.4694,-1.0,10,7,2,0,0
3.5714,-1.0,80,4,2,0,0
3.5714,3.8776,100,4,2,0,0
3.6735,-1.0,900,1,2,0,0
3.7755,-1.0,900,4,2,0,0
3.8776,-1.0,900,1,2,0,0
3.8776,-1.0,10,8,2,0,0
4.0816,-1.0,900,1,2,0,0
4.0816,-1.0,80,5,2,0,0
4.0816,4.3878,100,5,2,0,0
4.2857,-1.0,900,1,2,0,0
4.2857,-1.0,900,5,2,0,0
4.3878,-1.0,80,8,2,0,0
4.3878,4.6939,100,8,2,0,0
4.4898,-1.0,900,1,2,0,0
4.5918,-1.0,900,8,2,0,0
4.6939,-1.0,900,1,2,0,0
4.6939,-1.0,10,11,2,0,0
4.8980,-1.0,10,4,2,0,0
4.8980,-1.0,80,11,2,0,0
4.8980,6.1224,100,11,2,0,0
5.1020,-1.0,10,8,2,0,0
5.1020,-1.0,900,11,2,0,0
5.2041,-1.0,80,5,2,0,0
5.2041,5.5102,100,5,2,0,0
5.3061,-1.0,900,11,2,0,0
5.4082,-1.0,900,5,2,0,0
5.5102,-1.0,80,2,2,0,0
5.5102,5.7143,100,2,2,0,0
5.5102,-1.0,900,11,2,0,0
5.7143,-1.0,10,7,2,0,0
5.7143,-1.0,900,11,2,0,0
5.9184,-1.0,900,11,2,0,0
6.3265,-1.0,10,4,2,0,0
6.4286,-1.0,10,7,2,0,0
6.5306,-1.0,80,10,2,0,0
6.5306,6.9388,100,10,2,0,0
6.7347,-1.0,10,6,2,0,0
6.7347,-1.0,900,10,2,0,0
6.9388,-1.0,10,3,2,0,0
7.1429,-1.0,10,8,2,0,0
7.2449,-1.0,10,5,2,0,0
7.3469,-1.0,80,2,2,0,0
7.3469,7.7551,100,2,2,0,0
7.5510,-1.0,900,2,2,0,0
7.5510,-1.0,10,6,2,0,0
7.7551,-1.0,10,9,2,0,0
7.9592,-1.0,10,5,2,0,0
8.0612,-1.0,10,8,2,0,0
8.1633,-1.0,80,11,2,0,0
8.1633,8.5714,100,11,2,0,0
8.3673,-1.0,10,7,2,0,0
8.3673,-1.0,900,11,2,0,0
8.5714,-1.0,10,4,2,0,0
8.7755,-1.0,10,7,2,0,0
8.8776,-1.0,10,4,2,0,0
8.9796,-1.0,80,1,2,0,0
8.9796,9.3878,100,1,2,0,0
9.1837,-1.0,900,1,2,0,0
9.1837,-1.0,10,5,2,0,0
9.3878,-1.0,10,8,2,0,0
9.5918,-1.0,10,4,2,0,0
9.7959,-1.0,80,1,2,0,0
9.7959,10.6122,100,1,2,0,0
9.7959,-1.0,80,11,2,0,0
9.7959,10.1020,100,11,2,0,0
10.0,-1.0,900,1,2,0,0
10.0,-1.0,900,11,2,0,0
10.1020,-1.0,80,8,2,0,0
10.1020,10.4082,100,8,2,0,0
10.2041,-1.0,900,1,2,0,0
10.3061,-1.0,900,8,2,0,0
10.4082,-1.0,900,1,2,0,0
10.4082,-1.0,80,5,2,0,0
10.4082,10.6122,100,5,2,0,0
10.6122,-1.0,80,11,2,0,0
10.6122,11.4286,100,11,2,0,0
10.8163,-1.0,10,2,2,0,0
10.8163,-1.0,900,11,2,0,0
11.0204,-1.0,10,5,2,0,0
11.0204,-1.0,900,11,2,0,0
11.2245,-1.0,10,8,2,0,0
11.2245,-1.0,900,11,2,0,0
11.4286,-1.0,80,1,2,0,0
11.4286,12.2449,100,1,2,0,0
11.4286,-1.0,80,4,2,0,0
11.4286,11.7347,100,4,2,0,0
11.6327,-1.0,900,1,2,0,0
11.6327,-1.0,900,4,2,0,0
11.7347,-1.0,80,7,2,0,0
11.7347,12.0408,100,7,2,0,0
11.8367,-1.0,900,1,2,0,0
11.9388,-1.0,900,7,2,0,0
12.0408,-1.0,900,1,2,0,0
12.0408,-1.0,10,10,2,0,0
12.2449,-1.0,10,4,2,0,0
12.2449,-1.0,10,8,2,0,0
12.2449,-1.0,10,11,2,0,0
12.4490,-1.0,10,7,2,0,0
12.6531,-1.0,10,3,2,0,0
12.6531,-1.0,10,6,3,0,0
12.6531,-1.0,10,10,3,0,0
13.0612,-1.0,80,1,2,0,0
13.0612,13.4694,100,1,2,0,0
13.0612,-1.0,80,4,2,0,0
13.0612,13.4694,100,4,2,0,0
13.0612,-1.0,80,7,2,0,0
13.0612,13.4694,100,7,2,0,0
13.2653,-1.0,900,1,2,0,0
13.2653,-1.0,900,4,2,0,0
13.2653,-1.0,900,7,2,0,0
13.8776,-1.0,80,3,2,0,0
13.8776,14.1837,100,3,2,0,0
13.8776,-1.0,10,6,2,0,0
14.0816,-1.0,900,3,2,0,0
14.1837,-1.0,10,7,2,0,0
14.1837,-1.0,80,10,2,0,0
14.1837,14.4898,100,10,2,0,0
14.3878,-1.0,900,10,2,0,0
14.4898,-1.0,10,2,2,0,0
14.4898,-1.0,10,5,2,0,0
14.6939,-1.0,80,1,2,0,0
14.6939,15.1020,100,1,2,0,0
14.6939,-1.0,80,4,2,0,0
14.6939,14.8980,100,4,2,0,0
14.6939,-1.0,10,7,2,0,0
14.8980,-1.0,900,1,2,0,0
15.5102,-1.0,80,3,2,0,0
15.5102,15.8163,100,3,2,0,0
15.5102,-1.0,10,6,2,0,0
15.7143,-1.0,900,3,2,0,0
15.8163,-1.0,10,7,2,0,0
15.8163,-1.0,80,10,2,0,0
15.8163,16.1224,100,10,2,0,0
16.0204,-1.0,900,10,2,0,0
16.1224,-1.0,10,2,2,0,0
16.1224,-1.0,10,5,2,0,0
16.3265,-1.0,80,1,2,0,0
16.3265,16.7347,100,1,2,0,0
16.3265,-1.0,80,4,2,0,0
16.3265,16.5306,100,4,2,0,0
16.3265,-1.0,10,7,2,0,0
16.5306,-1.0,900,1,2,0,0
17.1429,-1.0,80,4,2,0,0
17.1429,17.4490,100,4,2,0,0
17.1429,-1.0,10,7,2,0,0
17.3469,-1.0,900,4,2,0,0
17.4490,-1.0,10,8,2,0,0
17.4490,-1.0,80,11,2,0,0
17.4490,17.7551,100,11,2,0,0
17.6531,-1.0,900,11,2,0,0
17.7551,-1.0,10,2,2,0,0
17.7551,-1.0,10,5,2,0,0
17.9592,-1.0,10,1,2,0,0
17.9592,-1.0,80,7,2,0,0
17.9592,18.2653,100,7,2,0,0
17.9592,-1.0,10,10,2,0,0
18.1633,-1.0,900,7,2,0,0
18.2653,-1.0,80,4,2,0,0
18.2653,18.5714,100,4,2,0,0
18.4694,-1.0,900,4,2,0,0
18.5714,-1.0,80,1,2,0,0
18.5714,18.7755,100,1,2,0,0
18.7755,-1.0,10,6,2,0,0
19.3878,-1.0,10,4,2,0,0
19.4898,-1.0,10,7,2,0,0
19.5918,-1.0,10,1,2,0,0
19.5918,-1.0,80,10,2,0,0
19.5918,19.8980,100,10,2,0,0
19.7959,-1.0,900,10,2,0,0
19.8980,-1.0,80,5,2,0,0
19.8980,20.2041,100,5,2,0,0
20.1020,-1.0,900,5,2,0,0
20.2041,-1.0,10,2,2,0,0
20.2041,-1.0,80,11,2,0,0
20.2041,20.6122,100,11,2,0,0
20.4082,-1.0,900,11,2,0,0
20.6122,-1.0,10,5,2,0,0
20.6122,-1.0,10,8,2,0,0
20.8163,-1.0,10,2,2,0,0
21.0204,-1.0,10,7,2,0,0
21.0204,-1.0,10,10,2,0,0
21.2245,-1.0,80,1,2,0,0
21.2245,21.8367,100,1,2,0,0
21.2245,-1.0,10,4,2,0,0
21.4286,-1.0,900,1,2,0,0
21.6327,-1.0,900,1,2,0,0
21.8367,-1.0,10,11,2,0,0
21.9048,-1.0,10,8,2,0,0
21.9728,-1.0,10,5,2,0,0
22.0408,-1.0,10,2,2,0,0
22.8571,-1.0,10,1,2,0,0
22.8571,-1.0,10,3,2,0,0
22.8571,-1.0,80,7,2,0,0
22.8571,23.2653,100,7,2,0,0
23.0612,-1.0,10,1,2,0,0
23.0612,-1.0,10,3,2,0,0
23.0612,-1.0,900,7,2,0,0
23.2653,-1.0,10,1,2,0,0
23.2653,-1.0,10,3,2,0,0
23.4694,-1.0,10,1,2,0,0
23.4694,-1.0,10,4,2,0,0
23.4694,-1.0,80,9,2,0,0
23.4694,23.8776,100,9,2,0,0
23.6735,-1.0,10,1,2,0,0
23.6735,-1.0,10,4,2,0,0
23.6735,-1.0,900,9,2,0,0
23.8776,-1.0,10,1,2,0,0
23.8776,-1.0,10,4,2,0,0
24.0816,-1.0,10,1,2,0,0
24.0816,-1.0,10,4,3,0,0
24.0816,-1.0,80,11,2,0,0
24.0816,24.2857,100,11,2,0,0
24.2857,-1.0,10,1,2,0,0
24.2857,-1.0,10,4,3,0,0
24.4898,-1.0,80,1,2,0,0
24.4898,24.6939,100,1,2,0,0
24.4898,-1.0,10,7,3,0,0
24.4898,-1.0,10,11,2,0,0
24.6939,-1.0,10,8,2,0,0
24.8980,-1.0,10,1,2,0,0
24.8980,-1.0,10,4,3,0,0
24.8980,-1.0,80,11,2,0,0
24.8980,25.1020,100,11,2,0,0
25.1020,-1.0,10,4,2,0,0
25.3061,-1.0,80,5,2,0,0
25.3061,25.5102,100,5,2,0,0
25.3061,-1.0,10,7,3,0,0
25.3061,-1.0,10,11,2,0,0
25.5102,-1.0,10,8,2,0,0
25.7143,-1.0,10,1,2,0,0
25.7143,-1.0,10,4,3,0,0
25.7143,-1.0,80,7,2,0,0
25.7143,25.9184,100,7,2,0,0
25.9184,-1.0,10,4,2,0,0
26.1224,-1.0,80,1,2,0,0
26.1224,26.7347,100,1,2,0,0
26.1224,-1.0,10,7,3,0,0
26.1224,-1.0,10,11,2,0,0
26.3265,-1.0,900,1,2,0,0
26.3265,-1.0,10,7,2,0,0
26.5306,-1.0,900,1,2,0,0
26.5306,-1.0,10,7,2,0,0
26.7347,-1.0,80,4,2,0,0
26.7347,27.1429,100,4,2,0,0
26.7347,-1.0,10,8,2,0,0
26.7347,-1.0,10,11,2,0,0
26.9388,-1.0,900,4,2,0,0
26.9388,-1.0,10,8,2,0,0
27.1429,-1.0,10,1,2,0,0
27.1429,-1.0,10,8,2,0,0
27.3469,-1.0,10,4,2,0,0
27.3469,-1.0,80,8,2,0,0
27.3469,27.7551,100,8,2,0,0
27.5510,-1.0,10,4,2,0,0
27.5510,-1.0,900,8,2,0,0
27.7551,-1.0,10,1,2,0,0
27.7551,-1.0,10,4,2,0,0
27.7551,-1.0,80,11,2,0,0
27.7551,29.1837,100,11,2,0,0
27.9592,-1.0,10,1,2,0,0
27.9592,-1.0,10,4,2,0,0
27.9592,-1.0,900,11,2,0,0
28.1633,-1.0,10,1,2,0,0
28.1633,-1.0,10,4,3,0,0
28.1633,-1.0,900,11,2,0,0
28.3673,-1.0,10,1,2,0,0
28.3673,-1.0,10,4,3,0,0
28.3673,-1.0,900,11,2,0,0
28.5714,-1.0,10,1,2,0,0
28.5714,-1.0,10,4,4,0,0
28.5714,-1.0,900,11,2,0,0
28.7755,-1.0,10,1,2,0,0
28.7755,-1.0,10,4,4,0,0
28.7755,-1.0,900,11,2,0,0
28.9796,-1.0,10,1,2,0,0
28.9796,-1.0,10,4,5,0,0
28.9796,-1.0,900,11,2,0,0
29.1837,-1.0,10,1,2,0,0
29.1837,-1.0,10,4,5,0,0
29.3878,-1.0,50,1,12,0,0
35.9184,-1.0,50,1,4,0,0
35.9184,-1.0,83,5,4,0,0
35.9184,35.9694,110,5,4,JumpScratch,6
35.9694,36.0204,110,8,3,JumpScratch,4
36.0204,36.0714,110,9,3,JumpScratch,4
36.0714,36.2245,100,10,3,0,0
36.2245,-1.0,83,3,4,0,0
36.2245,36.2755,110,3,4,JumpScratch,6
36.2755,36.3265,110,6,3,JumpScratch,5
36.3265,36.3776,110,8,3,JumpScratch,5
36.3776,36.5306,100,10,3,0,0
36.5306,-1.0,83,1,4,0,0
36.5306,36.5816,110,1,4,JumpScratch,7
36.5816,36.6327,110,5,3,JumpScratch,6
36.6327,36.6837,110,8,3,JumpScratch,5
36.6837,37.1429,100,10,3,0,0
36.8878,-1.0,900,10,3,0,0
36.9388,-1.0,20,1,3,0,0
36.9388,-1.0,20,4,3,0,0
37.0918,-1.0,900,10,3,0,0
37.1429,-1.0,50,1,3,0,0
37.1429,-1.0,50,4,3,0,0
37.3469,-1.0,10,5,4,0,0
37.5510,-1.0,83,5,4,0,0
37.5510,37.6020,110,5,4,JumpScratch,-6
37.5510,-1.0,50,9,4,0,0
37.6020,37.6531,110,3,3,JumpScratch,-4
37.6531,37.7041,110,2,3,JumpScratch,-4
37.7041,37.8571,100,1,3,0,0
37.8571,-1.0,83,7,4,0,0
37.8571,37.9082,110,7,4,JumpScratch,-6
37.9082,37.9592,110,5,3,JumpScratch,-5
37.9592,38.0102,110,3,3,JumpScratch,-5
38.0102,38.1633,100,1,3,0,0
38.1633,-1.0,83,9,4,0,0
38.1633,38.2143,110,9,4,JumpScratch,-7
38.2143,38.2653,110,6,3,JumpScratch,-6
38.2653,38.3163,110,3,3,JumpScratch,-5
38.3163,38.7755,100,1,3,0,0
38.5204,-1.0,900,1,3,0,0
38.5714,-1.0,20,7,3,0,0
38.5714,-1.0,20,10,3,0,0
38.7245,-1.0,900,1,3,0,0
38.7755,-1.0,50,7,3,0,0
38.7755,-1.0,50,10,3,0,0
38.9796,-1.0,10,5,4,0,0
39.1837,-1.0,50,1,4,0,0
39.1837,-1.0,83,5,4,0,0
39.1837,39.2347,110,5,4,JumpScratch,6
39.2347,39.2857,110,8,3,JumpScratch,4
39.2857,39.3367,110,9,3,JumpScratch,4
39.3367,39.4898,100,10,3,0,0
39.4898,-1.0,83,3,4,0,0
39.4898,39.5408,110,3,4,JumpScratch,6
39.5408,39.5918,110,6,3,JumpScratch,5
39.5918,39.6429,110,8,3,JumpScratch,5
39.6429,39.7959,100,10,3,0,0
39.7959,-1.0,83,1,4,0,0
39.7959,39.8469,110,1,4,JumpScratch,7
39.8469,39.8980,110,5,3,JumpScratch,6
39.8980,39.9490,110,8,3,JumpScratch,5
39.9490,40.4082,100,10,3,0,0
40.1361,-1.0,900,10,3,0,0
40.2041,-1.0,20,1,3,0,0
40.2041,-1.0,20,4,3,0,0
40.3401,-1.0,900,10,3,0,0
40.4082,-1.0,50,1,3,0,0
40.4082,-1.0,50,4,3,0,0
40.6122,-1.0,10,5,4,0,0
40.8163,-1.0,20,1,3,0,0
40.8163,-1.0,50,7,3,0,0
40.8163,-1.0,50,10,3,0,0
41.1224,-1.0,50,1,3,0,0
41.1224,-1.0,50,4,3,0,0
41.1224,-1.0,20,10,3,0,0
41.4286,-1.0,81,1,3,0,0
41.4286,41.8367,101,1,3,0,0
41.4286,-1.0,50,7,3,0,0
41.4286,-1.0,50,10,3,0,0
41.6327,-1.0,900,1,3,0,0
41.8367,-1.0,10,7,3,0,0
41.9048,-1.0,10,4,3,0,0
41.9728,-1.0,10,7,3,0,0
42.0408,-1.0,50,3,8,0,0
43.0612,-1.0,50,1,3,0,0
43.0612,-1.0,50,4,3,0,0
43.0612,-1.0,50,7,3,0,0
43.0612,-1.0,50,10,3,0,0
43.4694,-1.0,10,4,3,0,0
43.4694,-1.0,10,7,3,0,0
43.6735,-1.0,20,1,3,0,0
43.6735,-1.0,20,10,3,0,0
43.8776,-1.0,10,7,3,0,0
43.9796,-1.0,10,4,3,0,0
44.0816,-1.0,80,1,3,0,0
44.0816,45.3061,100,1,3,0,0
44.0816,-1.0,10,10,3,0,0
44.2857,-1.0,900,1,3,0,0
44.2857,-1.0,10,7,3,0,0
44.4898,-1.0,900,1,3,0,0
44.4898,-1.0,10,4,3,0,0
44.4898,-1.0,20,10,3,0,0
44.6939,-1.0,900,1,3,0,0
44.6939,-1.0,10,7,3,0,0
44.7959,-1.0,10,4,3,0,0
44.8980,-1.0,900,1,3,0,0
44.8980,-1.0,10,7,3,0,0
45.0,-1.0,10,4,3,0,0
45.1020,-1.0,900,1,3,0,0
45.1020,-1.0,10,7,3,0,0
45.3061,-1.0,10,4,3,0,0
45.3061,-1.0,20,10,3,0,0
45.5102,-1.0,10,4,3,0,0
45.6122,-1.0,10,7,3,0,0
45.7143,-1.0,10,1,3,0,0
45.7143,-1.0,80,10,3,0,0
45.7143,46.0204,100,10,3,0,0
45.9184,-1.0,10,4,3,0,0
45.9184,-1.0,900,10,3,0,0
46.0204,-1.0,80,7,3,0,0
46.0204,46.3265,100,7,3,0,0
46.1224,-1.0,20,1,3,0,0
46.2245,-1.0,900,7,3,0,0
46.3265,-1.0,80,4,3,0,0
46.3265,46.7347,100,4,3,0,0
46.5306,-1.0,900,4,3,0,0
46.5306,-1.0,10,10,3,0,0
46.7347,-1.0,80,7,3,0,0
46.7347,46.9388,100,7,3,0,0
46.9388,-1.0,20,1,3,0,0
46.9388,-1.0,80,10,3,0,0
46.9388,47.1429,100,10,3,0,0
47.1429,-1.0,10,4,3,0,0
47.3469,-1.0,50,1,3,0,0
47.3469,-1.0,50,4,3,0,0
47.3469,-1.0,20,10,3,0,0
47.5510,-1.0,10,4,3,0,0
47.6531,-1.0,50,7,3,0,0
47.6531,-1.0,50,10,3,0,0
47.8571,-1.0,10,7,3,0,0
47.9592,-1.0,50,1,3,0,0
47.9592,-1.0,50,4,3,0,0
48.1633,-1.0,10,4,3,0,0
48.2653,-1.0,50,7,3,0,0
48.2653,-1.0,50,10,3,0,0
48.4694,-1.0,10,7,3,0,0
48.5714,-1.0,20,1,3,0,0
48.5714,-1.0,10,4,3,0,0
48.6735,-1.0,10,10,3,0,0
48.7755,-1.0,10,7,3,0,0
48.8776,-1.0,10,4,3,0,0
48.9796,-1.0,80,1,3,0,0
48.9796,49.2857,100,1,3,0,0
48.9796,-1.0,10,10,3,0,0
49.1837,-1.0,900,1,3,0,0
49.1837,-1.0,10,7,3,0,0
49.2857,-1.0,80,4,3,0,0
49.2857,49.5918,100,4,3,0,0
49.3878,-1.0,20,10,3,0,0
49.4898,-1.0,900,4,3,0,0
49.5918,-1.0,80,7,3,0,0
49.5918,50.0,100,7,3,0,0
49.7959,-1.0,10,1,3,0,0
49.7959,-1.0,900,7,3,0,0
50.0,-1.0,80,4,3,0,0
50.0,50.2041,100,4,3,0,0
50.2041,-1.0,80,7,3,0,0
50.2041,50.4082,100,7,3,0,0
50.2041,-1.0,20,10,3,0,0
50.4082,-1.0,10,1,3,0,0
50.5102,-1.0,10,4,3,0,0
50.6122,-1.0,10,7,3,0,0
50.6122,-1.0,80,10,3,0,0
50.6122,51.8367,100,10,3,0,0
50.8163,-1.0,10,4,3,0,0
50.8163,-1.0,900,10,3,0,0
51.0204,-1.0,20,1,3,0,0
51.0204,-1.0,10,7,3,0,0
51.0204,-1.0,900,10,3,0,0
51.2245,-1.0,10,7,3,0,0
51.2245,-1.0,900,10,3,0,0
51.3265,-1.0,10,4,3,0,0
51.4286,-1.0,10,1,3,0,0
51.4286,-1.0,900,10,3,0,0
51.6327,-1.0,900,10,3,0,0
51.7347,-1.0,10,7,3,0,0
51.8367,-1.0,20,1,3,0,0
51.8367,-1.0,10,4,3,0,0
52.0408,-1.0,10,4,3,0,0
52.1429,-1.0,10,7,3,0,0
52.2449,-1.0,80,1,3,0,0
52.2449,52.4490,100,1,3,0,0
52.2449,-1.0,10,10,3,0,0
52.4490,-1.0,10,4,3,0,0
52.5510,-1.0,80,7,3,0,0
52.5510,52.8571,100,7,3,0,0
52.6531,-1.0,20,1,3,0,0
52.7551,-1.0,900,7,3,0,0
52.8571,-1.0,80,10,3,0,0
52.8571,53.2653,100,10,3,0,0
53.0612,-1.0,10,1,3,0,0
53.0612,-1.0,900,10,3,0,0
53.2653,-1.0,10,4,3,0,0
53.4694,-1.0,20,1,3,0,0
53.4694,-1.0,10,7,3,0,0
53.6735,-1.0,10,4,3,0,0
53.6735,-1.0,10,10,3,0,0
53.8776,-1.0,20,1,3,0,0
53.8776,-1.0,20,4,3,0,0
53.8776,-1.0,50,7,3,0,0
54.1837,-1.0,50,4,3,0,0
54.1837,-1.0,20,7,3,0,0
54.1837,-1.0,20,10,3,0,0
54.4898,-1.0,20,1,3,0,0
54.4898,-1.0,50,7,3,0,0
54.4898,-1.0,50,10,3,0,0
54.7959,-1.0,50,1,3,0,0
54.7959,-1.0,50,4,3,0,0
54.7959,-1.0,20,10,3,0,0
55.1020,-1.0,50,1,3,0,0
55.1020,-1.0,50,4,3,0,0
55.1020,-1.0,50,7,3,0,0
55.1020,-1.0,50,10,3,0,0
55.5102,-1.0,20,10,3,0,0
55.7143,-1.0,20,1,2,0,0
55.7143,-1.0,20,4,2,0,0
55.7143,-1.0,10,7,3,0,0
55.9184,-1.0,20,1,2,0,0
55.9184,-1.0,20,4,2,0,0
55.9184,-1.0,10,7,3,0,0
56.1224,-1.0,80,4,3,0,0
56.1224,56.2245,100,4,3,0,0
56.2245,-1.0,50,7,5,JumpScratch,5
56.4286,-1.0,50,2,5,JumpScratch,-5
56.4286,-1.0,82,7,3,0,0
56.4286,56.6327,110,7,3,JumpScratch,6
56.6327,-1.0,82,1,3,0,0
56.6327,56.7347,110,1,3,JumpScratch,9
56.6327,-1.0,82,4,3,0,0
56.6327,56.9388,110,4,3,0,0
56.7347,56.9388,110,7,3,0,0
56.8367,-1.0,900,4,3,0,0
57.1429,-1.0,10,1,3,0,0
57.3469,-1.0,10,4,3,0,0
57.3469,-1.0,20,8,2,0,0
57.3469,-1.0,20,11,2,0,0
57.5510,-1.0,10,4,3,0,0
57.5510,-1.0,20,8,2,0,0
57.5510,-1.0,20,11,2,0,0
57.7551,-1.0,80,7,3,0,0
57.7551,57.8571,100,7,3,0,0
57.8571,-1.0,50,2,5,JumpScratch,-5
58.0612,-1.0,82,4,3,0,0
58.0612,58.2653,110,4,3,JumpScratch,-6
58.0612,-1.0,50,7,5,JumpScratch,5
58.2653,-1.0,82,7,3,0,0
58.2653,58.5714,110,7,3,0,0
58.2653,-1.0,82,10,3,0,0
58.2653,58.3673,110,10,3,JumpScratch,-9
58.3673,58.5714,110,4,3,0,0
58.4694,-1.0,900,7,3,0,0
58.7755,-1.0,10,10,3,0,0
58.9796,-1.0,20,1,2,0,0
58.9796,-1.0,20,4,2,0,0
58.9796,-1.0,10,7,3,0,0
59.1837,-1.0,20,1,2,0,0
59.1837,-1.0,20,4,2,0,0
59.1837,-1.0,10,7,3,0,0
59.3878,-1.0,80,4,3,0,0
59.3878,59.4898,100,4,3,0,0
59.4898,-1.0,50,7,5,JumpScratch,5
59.6939,-1.0,50,2,5,JumpScratch,-5
59.6939,-1.0,82,7,3,0,0
59.6939,59.8980,110,7,3,JumpScratch,6
59.8980,-1.0,82,1,3,0,0
59.8980,60.0,110,1,3,JumpScratch,9
59.8980,-1.0,82,4,3,0,0
59.8980,60.2041,110,4,3,0,0
60.0,60.2041,110,7,3,0,0
60.1020,-1.0,900,4,3,0,0
60.4082,-1.0,50,9,4,JumpScratch,4
60.6122,-1.0,10,4,2,0,0
60.6122,-1.0,10,7,2,0,0
60.7143,-1.0,50,7,6,JumpScratch,6
60.9184,-1.0,10,3,2,0,0
60.9184,-1.0,10,6,2,0,0
61.0204,-1.0,50,5,8,JumpScratch,8
61.2245,-1.0,10,2,2,0,0
61.2245,-1.0,10,5,2,0,0
61.3265,-1.0,50,3,10,JumpScratch,10
61.5306,-1.0,10,1,2,0,0
61.5306,-1.0,10,4,2,0,0
61.6326,-1.0,50,1,12,JumpScratch,12
61.6327,61.8367,110,1,12,JumpScratch,-12
62.0408,-1.0,20,1,3,0,0
62.2449,-1.0,10,4,3,0,0
62.2449,-1.0,20,8,2,0,0
62.2449,-1.0,20,11,2,0,0
62.4490,-1.0,10,4,3,0,0
62.4490,-1.0,20,8,2,0,0
62.4490,-1.0,20,11,2,0,0
62.6531,-1.0,80,7,3,0,0
62.6531,62.7551,100,7,3,0,0
62.7551,-1.0,50,2,5,JumpScratch,-5
62.9592,-1.0,82,4,3,0,0
62.9592,63.4694,110,4,3,0,0
62.9592,-1.0,50,7,5,JumpScratch,5
63.1633,-1.0,900,4,3,0,0
63.1633,-1.0,82,7,3,0,0
63.1633,63.4694,110,7,3,0,0
63.1633,-1.0,82,10,3,0,0
63.1633,63.2653,110,10,3,JumpScratch,-12
63.3673,-1.0,900,4,3,0,0
63.3673,-1.0,900,7,3,0,0
63.6735,-1.0,20,10,3,0,0
63.8776,-1.0,20,1,2,0,0
63.8776,-1.0,20,4,2,0,0
63.8776,-1.0,10,7,3,0,0
64.0816,-1.0,20,1,2,0,0
64.0816,-1.0,20,4,2,0,0
64.0816,-1.0,10,7,3,0,0
64.2857,-1.0,80,4,3,0,0
64.2857,64.3878,100,4,3,0,0
64.3878,-1.0,50,7,5,JumpScratch,5
64.5918,-1.0,50,2,5,JumpScratch,-5
64.5918,-1.0,82,7,3,0,0
64.5918,65.1020,110,7,3,0,0
64.7959,-1.0,82,1,3,0,0
64.7959,64.8980,110,1,3,JumpScratch,12
64.7959,-1.0,82,4,3,0,0
64.7959,65.1020,110,4,3,0,0
64.7959,-1.0,900,7,3,0,0
65.0,-1.0,900,4,3,0,0
65.0,-1.0,900,7,3,0,0
65.3061,-1.0,20,1,3,0,0
65.5102,-1.0,10,4,3,0,0
65.5102,-1.0,20,8,2,0,0
65.5102,-1.0,20,11,2,0,0
65.7143,-1.0,10,4,3,0,0
65.7143,-1.0,20,8,2,0,0
65.7143,-1.0,20,11,2,0,0
65.9184,-1.0,80,10,3,0,0
65.9184,66.0204,100,10,3,0,0
66.0204,-1.0,50,2,5,JumpScratch,-5
66.2245,-1.0,20,1,3,0,0
66.2245,-1.0,50,7,5,JumpScratch,5
66.3265,-1.0,10,4,3,0,0
66.4286,-1.0,10,7,3,0,0
66.5306,-1.0,20,2,3,0,0
66.5306,-1.0,10,10,3,0,0
66.6327,-1.0,10,5,3,0,0
66.7347,-1.0,10,8,3,0,0
66.9388,-1.0,81,7,3,0,0
66.9388,67.1429,101,7,3,0,0
66.9388,-1.0,81,10,3,0,0
66.9388,67.1429,101,10,3,0,0
67.1429,-1.0,10,4,3,0,0
67.2449,-1.0,81,6,3,0,0
67.2449,67.4490,101,6,3,0,0
67.2449,-1.0,81,9,3,0,0
67.2449,67.4490,101,9,3,0,0
67.4490,-1.0,10,3,3,0,0
67.5510,-1.0,83,5,3,0,0
67.5510,67.9592,110,5,3,0,0
67.5510,-1.0,83,8,3,0,0
67.5510,67.9592,110,8,3,0,0
67.7551,-1.0,82,2,3,0,0
67.7551,68.1633,110,2,3,0,0
67.7551,-1.0,900,5,3,0,0
67.7551,-1.0,900,8,3,0,0
67.9592,-1.0,900,2,3,0,0
68.3673,-1.0,10,6,2,0,0
68.5714,-1.0,82,1,2,0,0
68.5714,69.3878,110,1,2,0,0
68.5714,-1.0,10,4,2,0,0
68.5714,-1.0,10,11,2,0,0
68.7755,-1.0,900,1,2,0,0
68.9796,-1.0,900,1,2,0,0
68.9796,-1.0,10,7,2,0,0
68.9796,-1.0,10,10,2,0,0
69.1837,-1.0,900,1,2,0,0
69.1837,-1.0,10,5,2,0,0
69.2857,-1.0,10,8,2,0,0
69.3878,-1.0,80,11,2,0,0
69.3878,70.2041,100,11,2,0,0
69.5918,-1.0,900,11,2,0,0
69.6939,-1.0,10,5,2,0,0
69.6939,-1.0,10,8,2,0,0
69.7959,-1.0,900,11,2,0,0
70.0,-1.0,10,3,2,0,0
70.0,-1.0,10,6,2,0,0
70.0,-1.0,900,11,2,0,0
70.2041,-1.0,82,1,2,0,0
70.2041,71.0204,110,1,2,0,0
70.2041,-1.0,10,4,2,0,0
70.4082,-1.0,900,1,2,0,0
70.6122,-1.0,900,1,2,0,0
70.6122,-1.0,10,7,2,0,0
70.6122,-1.0,10,10,2,0,0
70.8163,-1.0,900,1,2,0,0
70.8163,-1.0,10,5,2,0,0
70.9184,-1.0,10,8,2,0,0
71.0204,-1.0,80,11,2,0,0
71.0204,71.8367,100,11,2,0,0
71.2245,-1.0,900,11,2,0,0
71.4286,-1.0,10,2,2,0,0
71.4286,-1.0,10,5,2,0,0
71.4286,-1.0,10,8,2,0,0
71.4286,-1.0,900,11,2,0,0
71.6327,-1.0,900,11,2,0,0
71.8367,-1.0,82,1,2,0,0
71.8367,72.6531,110,1,2,0,0
71.8367,-1.0,10,4,2,0,0
72.0408,-1.0,900,1,2,0,0
72.2449,-1.0,900,1,2,0,0
72.2449,-1.0,10,7,2,0,0
72.2449,-1.0,10,10,2,0,0
72.4490,-1.0,900,1,2,0,0
72.4490,-1.0,10,5,2,0,0
72.5510,-1.0,10,8,2,0,0
72.6531,-1.0,10,11,2,0,0
72.7551,-1.0,10,8,2,0,0
72.8571,-1.0,10,5,2,0,0
72.9592,-1.0,10,8,2,0,0
73.0612,-1.0,10,5,2,0,0
73.1633,-1.0,10,2,2,0,0
73.2653,-1.0,10,5,2,0,0
73.3673,-1.0,10,8,2,0,0
73.4694,-1.0,80,1,2,0,0
73.4694,73.8776,100,1,2,0,0
73.4694,-1.0,10,11,2,0,0
73.5714,-1.0,10,8,2,0,0
73.6735,-1.0,900,1,2,0,0
73.6735,-1.0,10,11,2,0,0
73.7755,-1.0,10,8,2,0,0
73.8776,-1.0,10,11,2,0,0
73.9796,-1.0,10,8,2,0,0
74.0816,-1.0,10,5,2,0,0
74.1837,-1.0,10,2,2,0,0
74.2857,-1.0,10,8,2,0,0
74.2857,-1.0,10,11,2,0,0
74.5918,-1.0,10,4,2,0,0
74.5918,-1.0,10,8,2,0,0
74.8980,-1.0,10,1,2,0,0
74.8980,-1.0,10,4,2,0,0
75.1020,-1.0,20,1,2,0,0
75.1020,-1.0,20,4,2,0,0
75.1020,-1.0,10,7,2,0,0
75.4082,-1.0,20,1,3,0,0
75.4082,-1.0,20,5,2,0,0
75.4082,-1.0,10,8,2,0,0
75.7143,-1.0,20,1,4,0,0
75.7143,-1.0,20,6,2,0,0
75.7143,-1.0,10,9,2,0,0
75.9184,-1.0,50,1,5,0,0
75.9184,-1.0,83,10,3,0,0
75.9184,75.9694,110,10,3,JumpScratch,-4
75.9694,76.0204,110,9,3,JumpScratch,-4
76.0204,76.0714,110,8,3,JumpScratch,-4
76.0714,76.1224,110,7,3,JumpScratch,-4
76.1224,76.1735,110,6,3,JumpScratch,-4
76.1735,76.2245,110,5,3,JumpScratch,-4
76.2245,76.2755,110,4,3,JumpScratch,-4
76.2755,76.3265,110,3,3,JumpScratch,-5
76.7347,-1.0,10,1,2,0,0
76.7347,-1.0,10,11,2,0,0
76.9388,-1.0,10,4,2,0,0
77.0408,-1.0,10,8,2,0,0
77.0408,-1.0,80,11,2,0,0
77.0408,77.2449,100,11,2,0,0
77.1429,-1.0,10,5,2,0,0
77.3469,-1.0,10,4,2,0,0
77.3469,-1.0,10,8,2,0,0
77.5510,-1.0,80,1,2,0,0
77.5510,77.8571,100,1,2,0,0
77.5510,-1.0,10,6,2,0,0
77.7551,-1.0,900,1,2,0,0
77.7551,-1.0,10,7,2,0,0
77.8571,-1.0,80,4,2,0,0
77.8571,78.1633,100,4,2,0,0
77.9592,-1.0,10,8,2,0,0
78.0612,-1.0,900,4,2,0,0
78.1633,-1.0,80,7,2,0,0
78.1633,78.3673,100,7,2,0,0
78.3673,-1.0,80,1,3,0,0
78.3673,78.7755,100,1,3,0,0
78.3673,-1.0,10,10,3,0,0
78.5714,-1.0,900,1,3,0,0
78.5714,-1.0,10,5,2,0,0
78.6735,-1.0,10,8,2,0,0
78.7755,-1.0,10,11,2,0,0
78.9796,-1.0,80,4,3,0,0
78.9796,79.1837,100,4,3,0,0
79.1837,-1.0,10,1,3,0,0
79.1837,-1.0,80,10,3,0,0
79.1837,79.5918,100,10,3,0,0
79.3878,-1.0,10,7,2,0,0
79.3878,-1.0,900,10,3,0,0
79.4898,-1.0,10,4,2,0,0
79.5918,-1.0,10,1,2,0,0
79.7959,-1.0,80,7,3,0,0
79.7959,80.0,100,7,3,0,0
80.0,-1.0,80,1,3,0,0
80.0,80.8163,100,1,3,0,0
80.0,-1.0,10,10,3,0,0
80.2041,-1.0,900,1,3,0,0
80.2041,-1.0,10,11,2,0,0
80.3061,-1.0,10,8,2,0,0
80.4082,-1.0,900,1,3,0,0
80.4082,-1.0,10,5,2,0,0
80.5102,-1.0,10,10,2,0,0
80.6122,-1.0,900,1,3,0,0
80.6122,-1.0,10,7,2,0,0
80.7143,-1.0,10,4,2,0,0
80.8163,-1.0,50,6,6,JumpScratch,6
80.8163,81.1224,110,9,3,0,0
81.0204,-1.0,900,9,3,0,0
81.1224,-1.0,83,2,3,0,0
81.1224,81.4286,110,2,3,JumpScratch,6
81.3265,-1.0,900,2,3,0,0
81.6327,-1.0,20,1,3,0,0
81.6327,-1.0,20,4,3,0,0
81.6327,-1.0,20,7,3,0,0
81.6327,-1.0,20,10,3,0,0
81.9388,-1.0,20,1,3,0,0
81.9388,-1.0,20,4,3,0,0
81.9388,-1.0,20,7,3,0,0
81.9388,-1.0,20,10,3,0,0
82.2449,-1.0,50,1,3,0,0
82.2449,-1.0,50,4,3,0,0
82.2449,-1.0,50,7,3,0,0
82.2449,-1.0,50,10,3,0,0
82.8571,-1.0,10,1,3,0,0
82.9592,-1.0,10,4,3,0,0
83.0612,-1.0,10,7,3,0,0
83.1633,-1.0,10,10,3,0,0
83.2653,-1.0,83,1,3,0,0
83.2653,83.6735,110,1,3,0,0
83.2653,-1.0,20,4,3,0,0
83.4694,-1.0,900,1,3,0,0
83.4694,-1.0,10,7,3,0,0
83.6735,-1.0,10,10,3,0,0
83.7755,-1.0,10,7,3,0,0
83.8776,-1.0,10,4,3,0,0
84.0816,-1.0,83,2,3,0,0
84.0816,84.1327,110,2,3,JumpScratch,6
84.0816,-1.0,80,6,3,0,0
84.0816,85.3061,100,6,3,0,0
84.1327,84.1837,110,5,3,JumpScratch,7
84.2857,-1.0,900,6,3,0,0
84.3878,-1.0,50,8,5,0,0
84.4898,-1.0,900,6,3,0,0
84.6939,-1.0,20,4,7,0,0
84.8980,-1.0,900,6,3,0,0
84.8980,-1.0,83,10,3,0,0
84.8980,84.9490,110,10,3,JumpScratch,-6
84.9490,85.0,110,7,3,JumpScratch,-5
85.0,85.0510,110,5,3,JumpScratch,-6
85.0510,85.3061,110,2,3,0,0
85.1020,-1.0,900,6,3,0,0
85.3061,-1.0,10,10,3,0,0
85.7143,-1.0,80,5,3,0,0
85.7143,86.9388,100,5,3,0,0
85.7143,-1.0,83,9,3,0,0
85.7143,85.7653,110,9,3,JumpScratch,-6
85.7653,85.8163,110,6,3,JumpScratch,-7
85.9184,-1.0,900,5,3,0,0
86.0204,-1.0,50,1,5,0,0
86.1224,-1.0,900,5,3,0,0
86.3265,-1.0,20,3,7,0,0
86.5306,-1.0,83,1,3,0,0
86.5306,86.5816,110,1,3,JumpScratch,6
86.5306,-1.0,900,5,3,0,0
86.5816,86.6327,110,4,3,JumpScratch,5
86.6327,86.6837,110,6,3,JumpScratch,6
86.6837,86.9388,110,9,3,0,0
86.7347,-1.0,900,5,3,0,0
86.9388,-1.0,10,1,3,0,0
87.3469,-1.0,83,2,3,0,0
87.3469,87.3980,110,2,3,JumpScratch,6
87.3469,-1.0,80,6,3,0,0
87.3469,89.3878,100,6,3,0,0
87.3980,87.4490,110,5,3,JumpScratch,7
87.5510,-1.0,900,6,3,0,0
87.6531,-1.0,50,8,5,0,0
87.7551,-1.0,900,6,3,0,0
87.9592,-1.0,20,4,7,0,0
88.1633,-1.0,900,6,3,0,0
88.1633,-1.0,83,10,3,0,0
88.1633,88.2143,110,10,3,JumpScratch,-6
88.2143,88.2653,110,7,3,JumpScratch,-5
88.2653,88.3163,110,5,3,JumpScratch,-6
88.3163,88.4694,110,2,3,JumpScratch,6
88.3673,-1.0,900,6,3,0,0
88.4694,88.5204,110,5,3,JumpScratch,5
88.5204,88.5714,110,7,3,JumpScratch,6
88.5714,88.7755,110,10,3,JumpScratch,-6
88.7755,88.8265,110,7,3,JumpScratch,-6
88.8265,88.8776,110,4,3,JumpScratch,-6
88.8776,89.3878,110,1,3,0,0
88.9796,-1.0,900,6,3,0,0
89.0816,-1.0,900,1,3,0,0
89.1837,-1.0,900,6,3,0,0
89.1837,-1.0,10,10,3,0,0
89.2857,-1.0,900,1,3,0,0
89.3878,-1.0,10,10,3,0,0
89.5918,-1.0,10,4,2,0,0
89.6939,-1.0,10,7,2,0,0
89.7959,-1.0,82,1,3,0,0
89.7959,90.2041,110,1,3,0,0
89.7959,-1.0,10,10,3,0,0
90.0,-1.0,900,1,3,0,0
90.0,-1.0,10,7,3,0,0
90.2041,-1.0,10,8,2,0,0
90.2041,-1.0,10,11,2,0,0
90.4082,-1.0,10,8,2,0,0
90.5102,-1.0,10,5,2,0,0
90.6122,-1.0,10,1,3,0,0
90.6122,-1.0,82,10,3,0,0
90.6122,91.0204,110,10,3,0,0
90.8163,-1.0,10,4,3,0,0
90.8163,-1.0,900,10,3,0,0
91.0204,-1.0,10,1,2,0,0
91.0204,-1.0,10,4,2,0,0
91.2245,-1.0,10,4,2,0,0
91.3265,-1.0,10,7,2,0,0
91.4286,-1.0,82,1,4,0,0
91.4286,91.8367,110,1,4,0,0
91.4286,-1.0,10,10,3,0,0
91.6327,-1.0,900,1,4,0,0
91.6327,-1.0,10,5,4,0,0
91.8367,-1.0,10,7,3,0,0
91.8367,-1.0,10,11,2,0,0
92.0408,-1.0,10,8,2,0,0
92.1429,-1.0,10,5,2,0,0
92.2449,-1.0,10,1,3,0,0
92.2449,-1.0,82,9,4,0,0
92.2449,92.6531,110,9,4,0,0
92.4490,-1.0,10,5,4,0,0
92.4490,-1.0,900,9,4,0,0
92.6531,-1.0,10,1,2,0,0
92.6531,-1.0,10,4,3,0,0
92.8571,-1.0,10,5,4,0,0
93.0612,-1.0,50,1,3,0,0
93.0612,-1.0,50,4,3,0,0
93.0612,-1.0,80,10,3,0,0
93.0612,93.3673,100,10,3,0,0
93.2653,-1.0,900,10,3,0,0
93.3673,-1.0,10,2,4,0,0
93.3673,-1.0,80,7,3,0,0
93.3673,93.6735,100,7,3,0,0
93.5714,-1.0,900,7,3,0,0
93.6735,-1.0,80,4,3,0,0
93.6735,94.0816,100,4,3,0,0
93.8776,-1.0,900,4,3,0,0
93.8776,-1.0,50,7,3,0,0
93.8776,-1.0,50,10,3,0,0
94.0816,-1.0,80,1,3,0,0
94.0816,94.2857,100,1,3,0,0
94.0816,-1.0,10,8,4,0,0
94.2857,-1.0,80,4,3,0,0
94.2857,94.4898,100,4,3,0,0
94.2857,-1.0,10,8,4,0,0
94.4898,-1.0,80,7,3,0,0
94.4898,94.6939,100,7,3,0,0
94.6939,-1.0,81,1,3,0,0
94.6939,95.1020,101,1,3,0,0
94.6939,-1.0,10,4,3,0,0
94.8980,-1.0,900,1,3,0,0
94.8980,-1.0,10,7,3,0,0
95.1020,-1.0,81,4,3,0,0
95.1020,95.5102,101,4,3,0,0
95.1020,-1.0,10,10,3,0,0
95.3061,-1.0,900,4,3,0,0
95.3061,-1.0,10,7,3,0,0
95.5102,-1.0,10,1,3,0,0
95.5102,-1.0,81,7,3,0,0
95.5102,95.9184,101,7,3,0,0
95.7143,-1.0,10,4,3,0,0
95.7143,-1.0,900,7,3,0,0
95.9184,-1.0,50,1,3,0,0
95.9184,-1.0,50,4,3,0,0
95.9184,-1.0,20,10,3,0,0
96.3265,-1.0,10,1,3,0,0
96.3265,-1.0,10,4,3,0,0
96.3265,-1.0,83,10,3,0,0
96.3265,96.7347,110,10,3,0,0
96.5306,-1.0,10,7,3,0,0
96.5306,-1.0,900,10,3,0,0
96.7347,-1.0,10,1,3,0,0
96.8367,-1.0,10,4,3,0,0
96.9388,-1.0,10,7,3,0,0
97.1429,-1.0,81,1,3,0,0
97.1429,97.4490,101,1,3,0,0
97.1429,-1.0,10,10,3,0,0
97.3469,-1.0,900,1,3,0,0
97.3469,-1.0,10,7,3,0,0
97.4490,-1.0,10,4,3,0,0
97.4490,-1.0,81,10,3,0,0
97.4490,97.7551,101,10,3,0,0
97.6531,-1.0,10,4,3,0,0
97.6531,-1.0,900,10,3,0,0
97.7551,-1.0,81,1,3,0,0
97.7551,97.9592,101,1,3,0,0
97.7551,-1.0,10,7,3,0,0
97.9592,-1.0,81,4,3,0,0
97.9592,98.3673,101,4,3,0,0
97.9592,-1.0,50,7,3,0,0
97.9592,-1.0,50,10,3,0,0
98.1633,-1.0,900,4,3,0,0
98.3673,-1.0,10,1,3,0,0
98.3673,-1.0,10,7,3,0,0
98.5714,-1.0,10,4,3,0,0
98.7755,-1.0,10,1,3,0,0
98.7755,-1.0,81,10,3,0,0
98.7755,99.0816,101,10,3,0,0
98.9796,-1.0,10,4,3,0,0
98.9796,-1.0,900,10,3,0,0
99.0816,-1.0,81,1,3,0,0
99.0816,99.3878,101,1,3,0,0
99.0816,-1.0,10,7,3,0,0
99.2857,-1.0,900,1,3,0,0
99.2857,-1.0,10,7,3,0,0
99.3878,-1.0,10,4,3,0,0
99.3878,-1.0,81,10,3,0,0
99.3878,99.5918,101,10,3,0,0
99.5918,-1.0,50,1,3,0,0
99.5918,-1.0,50,4,3,0,0
99.5918,-1.0,81,7,3,0,0
99.5918,100.0,101,7,3,0,0
99.7959,-1.0,900,7,3,0,0
100.0,-1.0,10,4,3,0,0
100.0,-1.0,10,10,3,0,0
100.2041,-1.0,10,7,3,0,0
100.4082,-1.0,81,1,3,0,0
100.4082,100.7143,101,1,3,0,0
100.4082,-1.0,10,10,3,0,0
100.6122,-1.0,900,1,3,0,0
100.6122,-1.0,10,7,3,0,0
100.7143,-1.0,10,4,3,0,0
100.7143,-1.0,81,10,3,0,0
100.7143,101.0204,101,10,3,0,0
100.9184,-1.0,10,4,3,0,0
100.9184,-1.0,900,10,3,0,0
101.0204,-1.0,83,1,3,0,0
101.0204,101.2245,110,1,3,0,0
101.0204,-1.0,10,7,3,0,0
101.2245,-1.0,83,10,3,0,0
101.2245,102.4490,110,10,3,0,0
101.4286,-1.0,10,4,3,0,0
101.4286,-1.0,900,10,3,0,0
101.5306,-1.0,83,7,3,0,0
101.5306,102.4490,110,7,3,0,0
101.6327,-1.0,900,10,3,0,0
101.7347,-1.0,10,1,3,0,0
101.7347,-1.0,900,7,3,0,0
101.8367,-1.0,83,4,3,0,0
101.8367,102.2449,110,4,3,0,0
101.8367,-1.0,900,10,3,0,0
101.9388,-1.0,900,7,3,0,0
102.0408,-1.0,900,4,3,0,0
102.0408,-1.0,900,10,3,0,0
102.1429,-1.0,900,7,3,0,0
102.2449,-1.0,900,10,3,0,0
102.3469,-1.0,900,7,3,0,0
102.6531,-1.0,10,1,3,0,0
102.7551,-1.0,10,4,3,0,0
102.8571,-1.0,10,7,3,0,0
102.8571,-1.0,81,10,3,0,0
102.8571,103.1633,101,10,3,0,0
103.0612,-1.0,900,10,3,0,0
103.1633,-1.0,50,1,3,0,0
103.1633,-1.0,10,7,3,0,0
103.4694,-1.0,81,1,3,0,0
103.4694,103.8776,101,1,3,0,0
103.4694,-1.0,10,4,3,0,0
103.4694,-1.0,50,10,3,0,0
103.6735,-1.0,900,1,3,0,0
103.8776,-1.0,10,7,3,0,0
103.8776,-1.0,10,10,3,0,0
104.0816,-1.0,10,4,3,0,0
104.0816,-1.0,10,7,3,0,0
104.2857,-1.0,10,1,3,0,0
104.2857,-1.0,10,4,3,0,0
104.4898,-1.0,50,4,3,0,0
104.4898,-1.0,83,7,3,0,0
104.4898,104.7959,110,7,3,JumpScratch,5
104.4898,-1.0,10,10,3,0,0
104.6939,-1.0,900,7,3,0,0
104.7959,-1.0,10,1,3,0,0
104.7959,-1.0,83,4,3,0,0
104.7959,105.1020,110,4,3,JumpScratch,-5
105.0,-1.0,900,4,3,0,0
105.1020,-1.0,81,7,3,0,0
105.1020,105.5102,101,7,3,0,0
105.1020,-1.0,10,10,3,0,0
105.3061,-1.0,900,7,3,0,0
105.5102,-1.0,80,1,3,0,0
105.5102,105.9184,100,1,3,0,0
105.5102,-1.0,10,4,2,0,0
105.7143,-1.0,900,1,3,0,0
105.9184,-1.0,10,7,2,0,0
105.9184,-1.0,10,10,2,0,0
106.1224,-1.0,80,4,3,0,0
106.1224,106.4286,100,4,3,0,0
106.1224,-1.0,81,10,3,0,0
106.1224,106.7347,101,10,3,0,0
106.3265,-1.0,900,4,3,0,0
106.3265,-1.0,900,10,3,0,0
106.4286,-1.0,80,1,3,0,0
106.4286,106.7347,100,1,3,0,0
106.4286,-1.0,81,7,3,0,0
106.4286,106.7347,101,7,3,0,0
106.5306,-1.0,900,10,3,0,0
106.6327,-1.0,900,1,3,0,0
106.6327,-1.0,900,7,3,0,0
106.7347,-1.0,83,4,3,0,0
106.7347,107.7551,110,4,3,JumpScratch,-4
106.9388,-1.0,900,4,3,0,0
107.1429,-1.0,900,4,3,0,0
107.1429,-1.0,10,7,3,0,0
107.3469,-1.0,10,1,3,0,0
107.3469,-1.0,900,4,3,0,0
107.3469,-1.0,10,10,3,0,0
107.5510,-1.0,900,4,3,0,0
107.5510,-1.0,10,8,3,0,0
107.7551,-1.0,10,7,2,0,0
107.7551,-1.0,10,10,3,0,0
107.9592,-1.0,10,5,4,0,0
108.1633,-1.0,10,1,3,0,0
108.1633,-1.0,10,5,2,0,0
108.1633,-1.0,50,7,4,JumpScratch,4
108.3673,-1.0,10,5,4,0,0
108.5714,-1.0,50,1,3,0,0
108.5714,-1.0,50,5,4,0,0
108.5714,-1.0,50,10,3,0,0
108.7755,-1.0,10,10,3,0,0
108.8776,-1.0,10,7,3,0,0
108.9796,-1.0,10,4,3,0,0
109.0816,-1.0,10,7,3,0,0
109.1837,-1.0,10,4,3,0,0
109.2857,-1.0,10,1,3,0,0
109.3878,-1.0,80,7,2,0,0
109.3878,109.5918,100,7,2,0,0
109.3878,-1.0,80,10,3,0,0
109.3878,109.5918,100,10,3,0,0
109.5918,-1.0,10,4,2,0,0
109.6939,-1.0,50,7,2,0,0
109.6939,-1.0,50,10,3,0,0
110.0,-1.0,50,1,3,0,0
110.0,-1.0,50,5,2,0,0
110.0,-1.0,80,10,3,0,0
110.0,110.4082,100,10,3,0,0
110.2041,-1.0,900,10,3,0,0
110.4082,-1.0,80,4,3,0,0
110.4082,110.6122,100,4,3,0,0
110.4082,-1.0,80,7,3,0,0
110.4082,110.6122,100,7,3,0,0
110.6122,-1.0,83,1,3,0,0
110.6122,111.0204,110,1,3,0,0
110.8163,-1.0,900,1,3,0,0
110.8163,-1.0,83,4,4,0,0
110.8163,111.0204,110,4,4,0,0
110.9184,-1.0,83,8,5,0,0
110.9184,111.0204,110,8,5,0,0
112.6531,-1.0,20,1,4,0,0
112.6531,-1.0,50,9,4,0,0
112.8571,-1.0,10,5,4,0,0
112.9592,-1.0,50,1,4,0,0
112.9592,-1.0,20,9,4,0,0
113.1633,-1.0,10,5,4,0,0
113.2653,-1.0,20,1,4,0,0
113.2653,-1.0,50,9,4,0,0
113.4694,-1.0,10,5,4,0,0
113.5714,-1.0,50,1,4,0,0
113.5714,-1.0,20,9,4,0,0
113.7755,-1.0,10,5,4,0,0
113.8776,-1.0,20,1,4,0,0
113.9796,-1.0,10,5,4,0,0
114.0816,-1.0,20,9,4,0,0
114.1837,-1.0,10,5,4,0,0
114.2857,-1.0,83,1,4,0,0
114.2857,115.5102,110,1,4,0,0
114.2857,-1.0,83,9,4,0,0
114.2857,115.5102,110,9,4,0,0
114.4898,-1.0,900,1,4,0,0
114.4898,-1.0,900,9,4,0,0
114.6939,-1.0,900,1,4,0,0
114.6939,-1.0,900,9,4,0,0
114.8980,-1.0,900,1,4,0,0
114.8980,-1.0,900,9,4,0,0
115.1020,-1.0,900,1,4,0,0
115.1020,-1.0,900,9,4,0,0
115.3061,-1.0,900,1,4,0,0
115.3061,-1.0,900,9,4,0,0
115.7143,-1.0,10,7,2,0,0
115.8163,-1.0,10,5,2,0,0
115.9184,-1.0,81,2,2,0,0
115.9184,116.7347,101,2,2,0,0
115.9184,-1.0,81,8,2,0,0
115.9184,116.7347,101,8,2,0,0
115.9184,-1.0,81,11,2,0,0
115.9184,116.7347,101,11,2,0,0
116.1224,-1.0,900,2,2,0,0
116.1224,-1.0,900,8,2,0,0
116.1224,-1.0,900,11,2,0,0
116.3265,-1.0,900,2,2,0,0
116.3265,-1.0,900,8,2,0,0
116.3265,-1.0,900,11,2,0,0
116.5306,-1.0,900,2,2,0,0
116.5306,-1.0,900,8,2,0,0
116.5306,-1.0,900,11,2,0,0