0.0,-1.0,10,6,2,0,0
117.6471,126.1765,0,0,0,15,11190
0.2941,-1.0,10,6,2,0,0
0.5882,-1.0,10,6,2,0,0
0.8824,-1.0,10,6,2,0,0
1.1765,-1.0,10,1,3,0,0
1.1765,-1.0,10,10,3,0,0
1.3235,-1.0,10,7,2,0,0
1.3971,-1.0,10,5,2,0,0
1.4706,-1.0,10,10,3,0,0
1.6176,-1.0,10,5,2,0,0
1.6912,-1.0,10,7,2,0,0
1.7647,-1.0,10,1,3,0,0
1.9118,-1.0,10,5,4,0,0
2.0588,-1.0,50,1,3,0,0
2.0588,-1.0,50,10,3,0,0
2.3529,-1.0,10,3,3,0,0
2.3529,-1.0,80,7,3,0,0
2.3529,2.5000,100,7,3,0,0
2.6471,-1.0,10,5,3,0,0
2.6471,-1.0,50,9,4,0,0
2.7941,-1.0,10,4,3,0,0
2.8676,-1.0,10,7,3,0,0
2.9412,-1.0,80,1,3,0,0
2.9412,3.2353,100,1,3,0,0
3.0882,-1.0,900,1,3,0,0
3.0882,-1.0,10,7,3,0,0
3.2353,-1.0,50,9,4,0,0
3.3824,-1.0,10,4,3,0,0
3.4559,-1.0,10,7,3,0,0
3.5294,-1.0,80,1,3,0,0
3.5294,3.6765,100,1,3,0,0
3.6765,-1.0,50,4,4,0,0
3.8235,-1.0,80,3,3,0,0
3.8235,3.9706,100,3,3,0,0
3.9706,-1.0,50,6,5,0,0
4.1176,-1.0,82,5,3,0,0
4.1176,4.2647,110,5,3,JumpScratch,-6
4.2647,4.4118,110,2,2,JumpScratch,5
4.2647,-1.0,10,10,3,0,0
4.4118,4.5588,110,4,3,JumpScratch,-6
4.4118,-1.0,10,7,3,0,0
4.5588,4.7059,110,1,2,JumpScratch,5
4.5588,-1.0,10,9,3,0,0
4.7059,-1.0,80,6,3,0,0
4.7059,4.8529,100,6,3,0,0
5.0,-1.0,50,1,4,0,0
5.0,-1.0,10,6,3,0,0
5.1471,-1.0,10,7,3,0,0
5.2206,-1.0,10,4,3,0,0
5.2941,-1.0,80,10,3,0,0
5.2941,5.5882,100,10,3,0,0
5.4412,-1.0,10,4,3,0,0
5.4412,-1.0,900,10,3,0,0
5.5882,-1.0,50,1,4,0,0
5.7353,-1.0,10,7,3,0,0
5.8088,-1.0,10,4,3,0,0
5.8824,-1.0,80,10,3,0,0
5.8824,6.0294,100,10,3,0,0
6.0294,-1.0,50,6,4,0,0
6.1765,-1.0,80,8,3,0,0
6.1765,6.3235,100,8,3,0,0
6.3235,-1.0,50,3,5,0,0
6.4706,-1.0,10,6,4,0,0
6.6176,-1.0,10,8,3,0,0
6.7647,-1.0,10,4,4,0,0
6.7647,-1.0,10,10,3,0,0
6.9118,-1.0,10,3,3,0,0
7.0588,-1.0,10,1,3,0,0
7.0588,-1.0,80,7,3,0,0
7.0588,7.2059,100,7,3,0,0
7.3529,-1.0,10,5,3,0,0
7.3529,-1.0,50,9,4,0,0
7.5000,-1.0,10,4,3,0,0
7.5735,-1.0,10,7,3,0,0
7.6471,-1.0,80,1,3,0,0
7.6471,7.9412,100,1,3,0,0
7.7941,-1.0,900,1,3,0,0
7.7941,-1.0,10,7,3,0,0
7.9412,-1.0,50,9,4,0,0
8.0882,-1.0,10,4,3,0,0
8.1618,-1.0,10,7,3,0,0
8.2353,-1.0,80,1,3,0,0
8.2353,8.3824,100,1,3,0,0
8.3824,-1.0,50,4,4,0,0
8.5294,-1.0,80,3,3,0,0
8.5294,8.6765,100,3,3,0,0
8.6765,-1.0,50,6,5,0,0
8.8235,-1.0,82,5,3,0,0
8.8235,8.9706,110,5,3,JumpScratch,-6
8.9706,9.1176,110,2,2,JumpScratch,5
8.9706,-1.0,10,10,3,0,0
9.1176,9.2647,110,4,3,JumpScratch,-6
9.1176,-1.0,10,7,3,0,0
9.2647,9.4118,110,1,2,JumpScratch,5
9.2647,-1.0,10,9,3,0,0
9.4118,-1.0,80,6,3,0,0
9.4118,9.5588,100,6,3,0,0
9.7059,-1.0,50,1,4,0,0
9.7059,-1.0,10,6,3,0,0
9.8529,-1.0,10,7,3,0,0
9.9265,-1.0,10,4,3,0,0
10.0,-1.0,80,10,3,0,0
10.0,10.2941,100,10,3,0,0
10.1471,-1.0,10,4,3,0,0
10.1471,-1.0,900,10,3,0,0
10.2941,-1.0,50,1,4,0,0
10.4412,-1.0,10,7,3,0,0
10.5147,-1.0,10,4,3,0,0
10.5882,-1.0,10,10,3,0,0
10.6618,-1.0,10,6,2,0,0
10.7353,-1.0,10,8,2,0,0
10.8088,-1.0,10,4,2,0,0
10.8824,-1.0,10,6,2,0,0
10.9559,-1.0,10,1,3,0,0
11.0294,-1.0,10,7,2,0,0
11.1029,-1.0,10,5,2,0,0
11.1765,-1.0,10,10,3,0,0
11.2500,-1.0,10,6,2,0,0
11.3235,-1.0,10,8,2,0,0
11.3971,-1.0,10,4,2,0,0
11.4706,-1.0,10,6,2,0,0
11.5441,-1.0,10,1,3,0,0
11.6176,-1.0,10,8,2,0,0
11.6912,-1.0,10,4,2,0,0
11.7647,-1.0,10,10,3,0,0
12.0588,-1.0,10,1,3,0,0
12.0588,-1.0,10,9,2,0,0
12.2059,-1.0,80,7,2,0,0
12.2059,12.3529,100,7,2,0,0
12.3529,-1.0,10,1,3,0,0
12.5000,-1.0,10,8,2,0,0
12.6471,-1.0,10,1,3,0,0
12.6471,-1.0,10,11,2,0,0
12.7941,-1.0,10,9,2,0,0
12.9412,-1.0,10,1,3,0,0
12.9412,-1.0,10,7,2,0,0
13.0882,-1.0,10,9,2,0,0
13.2353,-1.0,10,1,3,0,0
13.2353,-1.0,80,11,2,0,0
13.2353,13.5294,100,11,2,0,0
13.3824,-1.0,900,11,2,0,0
13.5294,-1.0,10,1,3,0,0
13.6765,-1.0,10,9,2,0,0
13.8235,-1.0,10,1,3,0,0
13.8235,-1.0,10,11,2,0,0
13.9706,-1.0,10,7,2,0,0
14.1176,-1.0,10,2,2,0,0
14.1176,-1.0,10,10,3,0,0
14.4118,-1.0,10,3,2,0,0
14.4118,-1.0,10,10,3,0,0
14.5588,-1.0,80,5,2,0,0
14.5588,14.7059,100,5,2,0,0
14.7059,-1.0,10,10,3,0,0
14.8529,-1.0,10,3,2,0,0
15.0,-1.0,10,5,2,0,0
15.0,-1.0,10,10,3,0,0
15.1471,-1.0,10,3,2,0,0
15.2941,-1.0,10,1,2,0,0
15.2941,-1.0,10,10,3,0,0
15.4412,-1.0,10,3,2,0,0
15.5882,-1.0,80,5,2,0,0
15.5882,15.8824,100,5,2,0,0
15.5882,-1.0,10,10,3,0,0
15.7353,-1.0,900,5,2,0,0
15.8824,-1.0,10,10,3,0,0
16.0294,-1.0,10,4,2,0,0
16.1765,-1.0,10,1,2,0,0
16.1765,-1.0,10,10,3,0,0
16.3235,-1.0,10,4,2,0,0
16.4706,-1.0,10,1,3,0,0
16.4706,-1.0,10,11,2,0,0
16.7647,-1.0,10,1,3,0,0
16.7647,-1.0,82,8,2,0,0
16.7647,16.9118,110,8,2,JumpScratch,4
17.0588,-1.0,10,1,3,0,0
17.2059,-1.0,10,7,2,0,0
17.3529,-1.0,10,1,3,0,0
17.3529,-1.0,10,9,2,0,0
17.5000,-1.0,10,11,2,0,0
17.6471,-1.0,10,1,2,0,0
17.6471,-1.0,10,5,4,0,0
17.7941,-1.0,10,5,4,0,0
17.9412,-1.0,10,5,4,0,0
17.9412,-1.0,10,11,2,0,0
18.0882,-1.0,10,5,4,0,0
18.2353,-1.0,10,1,3,0,0
18.2353,-1.0,82,7,2,0,0
18.2353,18.5294,110,7,2,JumpScratch,4
18.3824,-1.0,900,7,2,0,0
18.5294,-1.0,82,4,2,0,0
18.5294,18.8235,110,4,2,JumpScratch,-5
18.6765,-1.0,900,4,2,0,0
18.8235,19.1176,110,1,2,0,0
18.8235,-1.0,10,10,3,0,0
18.9706,-1.0,900,1,2,0,0
19.1176,-1.0,10,7,2,0,0
19.2647,-1.0,10,9,2,0,0
19.4118,-1.0,10,1,3,0,0
19.4118,-1.0,82,11,2,0,0
19.4118,19.7059,110,11,2,JumpScratch,-5
19.5588,-1.0,900,11,2,0,0
19.7059,-1.0,10,1,3,0,0
19.7059,20.0,110,8,2,JumpScratch,5
19.8529,-1.0,900,8,2,0,0
20.0,-1.0,10,1,3,0,0
20.2941,-1.0,50,1,5,JumpScratch,-5
20.2941,-1.0,10,10,3,0,0
20.4412,-1.0,10,5,4,0,0
20.5882,-1.0,50,1,6,0,0
20.5882,-1.0,50,7,6,0,0
20.8824,-1.0,10,9,2,0,0
20.9559,-1.0,10,5,2,0,0
21.0294,-1.0,10,7,2,0,0
21.1029,-1.0,10,3,2,0,0
21.1765,-1.0,80,9,2,0,0
21.1765,21.3235,100,9,2,0,0
21.3235,-1.0,10,5,2,0,0
21.4706,-1.0,20,1,3,0,0
21.4706,-1.0,50,7,4,0,0
21.6176,-1.0,10,4,3,0,0
21.6912,-1.0,10,8,3,0,0
21.7647,-1.0,10,5,3,0,0
21.9118,-1.0,10,4,2,0,0
22.0588,-1.0,20,1,3,0,0
22.0588,-1.0,50,7,4,0,0
22.2059,-1.0,10,5,2,0,0
22.3529,-1.0,50,1,4,0,0
22.3529,-1.0,20,8,3,0,0
22.5000,-1.0,10,7,2,0,0
22.6471,-1.0,50,3,4,0,0
22.6471,-1.0,20,10,3,0,0
22.7941,-1.0,10,7,3,0,0
22.8676,-1.0,10,3,3,0,0
22.9412,-1.0,10,6,3,0,0
23.0882,-1.0,10,8,2,0,0
23.2353,-1.0,50,3,4,0,0
23.2353,-1.0,20,10,3,0,0
23.3824,-1.0,10,6,2,0,0
23.5294,-1.0,20,3,3,0,0
23.5294,-1.0,50,9,4,0,0
23.6765,-1.0,10,5,2,0,0
23.8235,-1.0,20,1,3,0,0
23.8235,-1.0,50,7,4,0,0
23.9706,-1.0,10,4,3,0,0
24.0441,-1.0,10,8,3,0,0
24.1176,-1.0,10,5,3,0,0
24.2647,-1.0,10,4,2,0,0
24.4118,-1.0,10,1,3,0,0
24.4118,-1.0,10,10,3,0,0
24.5588,-1.0,10,7,3,0,0
24.7059,-1.0,83,1,2,0,0
24.7059,24.8529,110,1,2,JumpScratch,6
24.7059,-1.0,50,10,3,0,0
24.8529,25.0,110,4,3,JumpScratch,-5
25.0,25.1471,110,2,2,JumpScratch,6
25.0,-1.0,50,9,3,0,0
25.1471,25.2941,110,5,3,JumpScratch,-5
25.2941,-1.0,83,8,3,0,0
25.2941,25.5882,110,8,3,JumpScratch,5
25.4412,-1.0,900,8,3,0,0
25.5882,-1.0,81,4,3,0,0
25.5882,25.8824,101,4,3,0,0
25.7353,-1.0,900,4,3,0,0
25.8824,-1.0,50,7,5,0,0
26.1765,-1.0,50,3,5,0,0
26.1765,-1.0,10,10,3,0,0
26.3235,-1.0,10,8,2,0,0
26.4706,-1.0,20,1,4,0,0
26.4706,-1.0,20,9,4,0,0
26.6176,-1.0,10,4,2,0,0
26.7647,-1.0,10,1,3,0,0
26.7647,-1.0,50,6,5,0,0
26.9118,-1.0,10,4,2,0,0
27.0588,-1.0,50,1,5,0,0
27.0588,-1.0,83,9,4,0,0
27.0588,27.2059,110,9,4,JumpScratch,-8
27.3529,-1.0,83,1,4,0,0
27.3529,27.5000,110,1,4,JumpScratch,8
27.3529,-1.0,50,8,5,0,0
27.6471,-1.0,50,1,5,0,0
27.6471,-1.0,50,8,5,0,0
27.9412,-1.0,10,1,4,0,0
27.9412,-1.0,10,7,3,0,0
28.2353,-1.0,82,4,3,0,0
28.2353,28.5294,110,4,3,JumpScratch,-6
28.2353,-1.0,50,9,4,JumpScratch,4
28.3824,-1.0,900,4,3,0,0
28.5294,-1.0,83,7,3,0,0
28.5294,28.8235,110,7,3,JumpScratch,6
28.6765,-1.0,900,7,3,0,0
28.8235,-1.0,83,4,3,0,0
28.8235,29.1176,110,4,3,JumpScratch,-6
28.9706,-1.0,900,4,3,0,0
29.1176,-1.0,83,7,3,0,0
29.1176,29.4118,110,7,3,JumpScratch,6
29.2647,-1.0,900,7,3,0,0
29.4118,-1.0,10,1,3,0,0
29.5588,-1.0,10,4,3,0,0
29.7059,-1.0,80,1,3,0,0
29.7059,29.8529,100,1,3,0,0
29.7059,-1.0,10,7,3,0,0
29.8529,-1.0,10,10,3,0,0
30.0,-1.0,10,4,2,0,0
30.0,-1.0,10,7,2,0,0
30.1471,-1.0,10,10,2,0,0
30.2941,-1.0,10,4,2,0,0
30.2941,-1.0,10,7,2,0,0
30.4412,-1.0,10,2,2,0,0
30.5882,-1.0,82,1,3,0,0
30.5882,31.0294,110,1,3,JumpScratch,9
30.5882,-1.0,82,5,2,0,0
30.5882,31.1765,110,5,2,0,0
30.7353,-1.0,900,1,3,0,0
30.7353,-1.0,900,5,2,0,0
30.8824,-1.0,900,1,3,0,0
30.8824,-1.0,900,5,2,0,0
31.0294,32.2059,110,8,2,JumpScratch,-9
31.1765,-1.0,900,8,2,0,0
31.3235,-1.0,900,8,2,0,0
31.4706,-1.0,900,8,2,0,0
31.6176,-1.0,50,5,8,JumpScratch,8
31.6176,31.7647,110,11,2,0,0
31.7647,-1.0,900,8,2,0,0
31.9118,-1.0,900,8,2,0,0
32.0588,-1.0,900,8,2,0,0
32.2059,32.6471,110,1,2,JumpScratch,4
32.2059,-1.0,82,11,2,0,0
32.2059,32.3529,110,11,2,JumpScratch,-8
32.3529,-1.0,900,1,2,0,0
32.3529,32.6471,110,5,2,JumpScratch,4
32.5000,-1.0,900,1,2,0,0
32.5000,-1.0,900,5,2,0,0
32.6471,32.9412,110,3,2,JumpScratch,10
32.6471,33.5294,110,7,2,0,0
32.7941,-1.0,900,3,2,0,0
32.7941,-1.0,900,7,2,0,0
32.9412,33.3824,110,10,3,JumpScratch,-9
33.0882,-1.0,900,7,2,0,0
33.0882,-1.0,900,10,3,0,0
33.2353,-1.0,900,7,2,0,0
33.2353,-1.0,900,10,3,0,0
33.3824,34.5588,110,4,2,JumpScratch,9
33.5294,-1.0,900,4,2,0,0
33.6765,-1.0,900,4,2,0,0
33.8235,-1.0,900,4,2,0,0
33.9706,-1.0,50,1,8,JumpScratch,-8
33.9706,34.1176,110,1,2,0,0
34.1176,-1.0,900,4,2,0,0
34.2647,-1.0,900,4,2,0,0
34.4118,-1.0,900,4,2,0,0
34.5588,-1.0,82,1,2,0,0
34.5588,34.7059,110,1,2,JumpScratch,6
34.5588,34.7059,110,11,2,JumpScratch,-6
34.7059,35.0,110,4,3,JumpScratch,-6
34.8529,-1.0,900,4,3,0,0
35.0,-1.0,10,10,3,0,0
35.1471,-1.0,10,7,3,0,0
35.2941,-1.0,20,3,4,0,0
35.2941,-1.0,50,7,6,0,0
35.5882,-1.0,50,1,6,0,0
35.5882,-1.0,20,7,4,0,0
35.8824,-1.0,20,1,4,0,0
35.8824,-1.0,50,7,6,0,0
36.0294,-1.0,10,4,3,0,0
36.1765,-1.0,50,1,6,0,0
36.1765,-1.0,20,9,4,0,0
36.3235,-1.0,10,7,3,0,0
36.4706,-1.0,20,1,4,0,0
36.4706,-1.0,50,5,8,0,0
36.6176,-1.0,10,5,4,0,0
36.7647,-1.0,50,1,8,0,0
36.7647,-1.0,20,9,4,0,0
36.9118,-1.0,10,5,4,0,0
37.0588,-1.0,20,1,4,0,0
37.0588,-1.0,50,5,8,0,0
37.2059,-1.0,10,5,4,0,0
37.3529,-1.0,20,5,4,0,0
37.3529,-1.0,20,10,3,0,0
37.5000,-1.0,20,1,3,0,0
37.5000,-1.0,20,5,4,0,0
37.6471,-1.0,20,5,4,0,0
37.6471,-1.0,50,9,4,0,0
38.0882,-1.0,50,1,4,0,0
38.0882,-1.0,20,5,4,0,0
38.2353,-1.0,50,1,4,0,0
38.2353,-1.0,20,5,4,0,0
38.6765,-1.0,20,5,4,0,0
38.6765,-1.0,50,9,4,0,0
38.8235,-1.0,20,5,4,0,0
38.8235,-1.0,50,9,4,0,0
39.1176,-1.0,83,1,4,0,0
39.1176,39.4118,110,1,4,0,0
39.1176,-1.0,83,9,4,0,0
39.1176,39.4118,110,9,4,0,0
39.2647,-1.0,900,1,4,0,0
39.2647,-1.0,900,9,4,0,0
40.0,-1.0,81,1,4,0,0
40.0,40.2941,101,1,4,0,0
40.0,-1.0,50,7,6,0,0
40.1471,-1.0,900,1,4,0,0
40.2941,-1.0,10,8,4,0,0
40.4412,-1.0,10,6,3,0,0
40.5882,-1.0,10,3,4,0,0
40.5882,-1.0,81,10,3,0,0
40.5882,40.7353,101,10,3,0,0
40.7353,-1.0,10,6,3,0,0
40.8824,-1.0,81,1,3,0,0
40.8824,41.0294,101,1,3,0,0
40.8824,-1.0,10,7,4,0,0
41.0294,-1.0,10,5,3,0,0
41.1765,-1.0,50,1,4,0,0
41.1765,-1.0,83,7,3,0,0
41.1765,41.4706,110,7,3,JumpScratch,6
41.3235,-1.0,900,7,3,0,0
41.4706,-1.0,20,1,4,0,0
41.4706,41.7647,110,10,3,JumpScratch,-8
41.6176,-1.0,10,5,4,0,0
41.6176,-1.0,900,10,3,0,0
41.7647,-1.0,81,1,3,0,0
41.7647,42.0588,101,1,3,0,0
41.9118,-1.0,900,1,3,0,0
42.0588,-1.0,50,5,8,0,0
42.3529,-1.0,50,5,4,0,0
42.3529,-1.0,81,9,4,0,0
42.3529,42.6471,101,9,4,0,0
42.5000,-1.0,900,9,4,0,0
42.6471,-1.0,10,1,4,0,0
42.7941,-1.0,10,4,3,0,0
42.9412,-1.0,50,1,4,0,0
42.9412,-1.0,20,9,4,0,0
43.0882,-1.0,82,7,3,0,0
43.0882,43.2353,110,7,3,JumpScratch,6
43.2353,-1.0,83,4,3,0,0
43.2353,43.5294,110,4,3,JumpScratch,-6
43.3824,-1.0,900,4,3,0,0
43.5294,-1.0,83,10,3,0,0
43.5294,43.8235,110,10,3,JumpScratch,-8
43.6765,-1.0,10,3,3,0,0
43.6765,-1.0,900,10,3,0,0
43.8235,-1.0,83,1,2,0,0
43.8235,43.9706,110,1,2,JumpScratch,12
43.8235,44.4118,110,5,4,JumpScratch,8
43.9706,44.1176,110,11,2,JumpScratch,-12
44.1176,44.4118,110,1,2,JumpScratch,4
44.2647,-1.0,900,1,2,0,0
44.2647,-1.0,900,5,4,0,0
44.7059,-1.0,50,1,4,0,0
44.7059,-1.0,81,7,4,0,0
44.7059,45.0,101,7,4,0,0
44.8529,-1.0,900,7,4,0,0
45.0,-1.0,10,3,4,0,0
45.1471,-1.0,10,6,3,0,0
45.2941,-1.0,81,1,3,0,0
45.2941,45.4412,101,1,3,0,0
45.2941,-1.0,10,7,4,0,0
45.4412,-1.0,10,5,3,0,0
45.5882,-1.0,10,3,4,0,0
45.5882,-1.0,81,10,3,0,0
45.5882,45.7353,101,10,3,0,0
45.7353,-1.0,10,6,3,0,0
45.8824,-1.0,83,4,3,0,0
45.8824,46.1765,110,4,3,JumpScratch,-6
45.8824,-1.0,50,9,4,0,0
46.0294,-1.0,900,4,3,0,0
46.1765,46.4706,110,1,3,JumpScratch,8
46.1765,-1.0,20,9,4,0,0
46.3235,-1.0,900,1,3,0,0
46.3235,-1.0,10,5,4,0,0
46.4706,-1.0,81,10,3,0,0
46.4706,46.7647,101,10,3,0,0
46.6176,-1.0,900,10,3,0,0
46.7647,-1.0,50,1,8,0,0
47.0588,-1.0,81,1,4,0,0
47.0588,47.3529,101,1,4,0,0
47.0588,-1.0,50,5,4,0,0
47.2059,-1.0,900,1,4,0,0
47.3529,-1.0,10,7,4,0,0
47.5000,-1.0,10,10,3,0,0
47.6471,-1.0,20,3,4,0,0
47.6471,-1.0,50,7,4,0,0
47.7941,-1.0,10,1,3,0,0
47.9412,-1.0,50,3,4,0,0
47.9412,-1.0,20,7,4,0,0
48.0882,-1.0,10,10,3,0,0
48.2353,-1.0,83,4,3,0,0
48.2353,48.5294,110,4,3,JumpScratch,-6
48.2353,-1.0,83,7,3,0,0
48.2353,48.5294,110,7,3,JumpScratch,6
48.3824,-1.0,900,4,3,0,0
48.3824,-1.0,900,7,3,0,0
48.5294,48.6765,110,1,3,JumpScratch,6
48.5294,48.6765,110,10,3,JumpScratch,-6
48.6765,48.8235,110,4,3,JumpScratch,-6
48.6765,48.8235,110,7,3,JumpScratch,6
48.8235,49.1176,110,1,3,0,0
48.8235,49.1176,110,10,3,0,0
48.9706,-1.0,900,1,3,0,0
48.9706,-1.0,900,10,3,0,0
49.2647,-1.0,10,5,4,0,0
49.4118,-1.0,50,1,4,0,0
49.4118,-1.0,81,8,3,0,0
49.4118,49.7059,101,8,3,0,0
49.5588,-1.0,900,8,3,0,0
49.7059,-1.0,10,4,4,0,0
49.8529,-1.0,10,1,3,0,0
50.0,-1.0,81,4,3,0,0
50.0,50.1471,101,4,3,0,0
50.0,-1.0,10,9,4,0,0
50.1471,-1.0,10,7,3,0,0
50.2941,-1.0,10,3,4,0,0
50.2941,-1.0,81,7,3,0,0
50.2941,50.4412,101,7,3,0,0
50.4412,-1.0,10,1,3,0,0
50.5882,-1.0,83,1,3,0,0
50.5882,50.8824,110,1,3,JumpScratch,6
50.5882,-1.0,50,6,4,0,0
50.7353,-1.0,900,1,3,0,0
50.8824,51.1765,110,4,3,JumpScratch,-6
50.8824,-1.0,20,9,4,0,0
51.0294,-1.0,10,5,4,0,0
51.1765,-1.0,81,10,3,0,0
51.1765,51.4706,101,10,3,0,0
51.3235,-1.0,900,10,3,0,0
51.4706,-1.0,50,1,8,0,0
51.7647,-1.0,81,5,4,0,0
51.7647,52.0588,101,5,4,0,0
51.7647,-1.0,50,9,4,0,0
51.9118,-1.0,900,5,4,0,0
52.0588,-1.0,10,10,3,0,0
52.2059,-1.0,10,7,3,0,0
52.3529,-1.0,20,1,3,0,0
52.3529,-1.0,50,5,4,0,0
52.5000,-1.0,10,4,3,0,0
52.6471,-1.0,50,5,4,0,0
52.6471,-1.0,20,10,3,0,0
52.7941,-1.0,10,7,3,0,0
52.9412,-1.0,83,1,3,0,0
52.9412,53.0882,110,1,3,JumpScratch,7
52.9412,-1.0,50,4,6,0,0
53.0882,53.2353,110,4,4,JumpScratch,-7
53.2353,-1.0,83,10,3,0,0
53.2353,53.3824,110,10,3,JumpScratch,-7
53.3824,53.5294,110,6,4,JumpScratch,7
53.5294,-1.0,81,1,3,0,0
53.5294,53.8235,101,1,3,0,0
53.6765,-1.0,900,1,3,0,0
53.8235,-1.0,50,4,9,0,0
54.1176,-1.0,81,3,3,0,0
54.1176,54.4118,101,3,3,0,0
54.1176,-1.0,50,9,4,0,0
54.2647,-1.0,900,3,3,0,0
54.4118,-1.0,10,6,4,0,0
54.5588,-1.0,10,10,3,0,0
54.7059,-1.0,10,1,4,0,0
54.7059,-1.0,81,7,3,0,0
54.7059,54.8529,101,7,3,0,0
54.8529,-1.0,10,4,3,0,0
55.0,-1.0,81,4,3,0,0
55.0,55.1471,101,4,3,0,0
55.0,-1.0,10,7,4,0,0
55.1471,-1.0,10,10,3,0,0
55.2941,-1.0,50,4,4,0,0
55.2941,-1.0,83,10,3,0,0
55.2941,55.5882,110,10,3,JumpScratch,-6
55.4412,-1.0,900,10,3,0,0
55.5882,-1.0,20,1,4,0,0
55.5882,55.8824,110,7,3,JumpScratch,6
55.7353,-1.0,10,5,4,0,0
55.8824,-1.0,81,1,3,0,0
55.8824,56.1765,101,1,3,0,0
56.0294,-1.0,900,1,3,0,0
56.1765,-1.0,50,5,8,0,0
56.4706,-1.0,50,1,4,0,0
56.4706,-1.0,81,5,4,0,0
56.4706,56.7647,101,5,4,0,0
56.6176,-1.0,900,5,4,0,0
56.7647,-1.0,10,1,3,0,0
56.9118,-1.0,10,4,3,0,0
57.0588,-1.0,50,5,4,0,0
57.0588,-1.0,20,10,3,0,0
57.2059,-1.0,10,7,3,0,0
57.3529,-1.0,20,1,3,0,0
57.3529,-1.0,50,5,4,0,0
57.5000,-1.0,10,4,3,0,0
57.6471,-1.0,81,1,3,0,0
57.6471,57.9412,101,1,3,0,0
57.6471,-1.0,81,10,3,0,0
57.6471,57.9412,101,10,3,0,0
57.7941,-1.0,900,1,3,0,0
57.7941,-1.0,900,10,3,0,0
58.0882,-1.0,10,1,3,0,0
58.0882,-1.0,10,10,3,0,0
58.2353,-1.0,10,3,2,0,0
58.2353,-1.0,10,9,2,0,0
58.3824,-1.0,82,5,2,0,0
58.3824,58.5294,110,5,2,JumpScratch,-5
58.3824,-1.0,82,7,2,0,0
58.3824,58.5294,110,7,2,JumpScratch,5
58.5294,58.6765,110,2,2,JumpScratch,4
58.5294,58.6765,110,10,2,JumpScratch,-4
58.6765,58.8235,110,4,2,JumpScratch,-5
58.6765,58.8235,110,8,2,JumpScratch,5
59.1176,-1.0,50,1,4,0,0
59.1176,-1.0,10,6,3,0,0
59.2647,-1.0,10,10,3,0,0
59.3382,-1.0,10,4,3,0,0
59.4118,-1.0,80,7,3,0,0
59.4118,59.7059,100,7,3,0,0
59.5588,-1.0,10,4,3,0,0
59.5588,-1.0,900,7,3,0,0
59.7059,-1.0,50,1,4,0,0
59.8529,-1.0,10,7,3,0,0
59.9265,-1.0,10,4,3,0,0
60.0,-1.0,80,10,3,0,0
60.0,60.1471,100,10,3,0,0
60.1471,-1.0,50,6,4,0,0
60.2941,-1.0,80,8,3,0,0
60.2941,60.4412,100,8,3,0,0
60.4412,-1.0,50,3,5,0,0
60.5882,-1.0,82,6,3,0,0
60.5882,60.7353,110,6,3,JumpScratch,6
60.7353,-1.0,10,1,3,0,0
60.7353,60.8824,110,10,2,JumpScratch,-5
60.8824,-1.0,10,4,3,0,0
60.8824,61.0294,110,7,3,JumpScratch,6
61.0294,-1.0,10,2,3,0,0
61.0294,61.1765,110,11,2,JumpScratch,-5
61.1765,-1.0,80,5,3,0,0
61.1765,61.3235,100,5,3,0,0
61.4706,-1.0,10,5,3,0,0
61.4706,-1.0,50,9,4,0,0
61.6176,-1.0,10,1,3,0,0
61.6912,-1.0,10,7,3,0,0
61.7647,-1.0,80,4,3,0,0
61.7647,62.0588,100,4,3,0,0
61.9118,-1.0,900,4,3,0,0
61.9118,-1.0,10,7,3,0,0
62.0588,-1.0,50,9,4,0,0
62.2059,-1.0,10,4,3,0,0
62.2794,-1.0,10,7,3,0,0
62.3529,-1.0,80,1,3,0,0
62.3529,62.5000,100,1,3,0,0
62.5000,-1.0,50,4,4,0,0
62.6471,-1.0,80,3,3,0,0
62.6471,62.7941,100,3,3,0,0
62.7941,-1.0,50,6,5,0,0
62.9412,-1.0,10,4,4,0,0
63.0882,-1.0,10,3,3,0,0
63.2353,-1.0,10,1,3,0,0
63.2353,-1.0,10,6,4,0,0
63.3824,-1.0,10,8,3,0,0
63.5294,-1.0,80,4,3,0,0
63.5294,63.6765,100,4,3,0,0
63.5294,-1.0,10,10,3,0,0
63.8235,-1.0,50,1,4,0,0
63.8235,-1.0,10,6,3,0,0
63.9706,-1.0,10,10,3,0,0
64.0441,-1.0,10,4,3,0,0
64.1176,-1.0,80,7,3,0,0
64.1176,64.4118,100,7,3,0,0
64.2647,-1.0,10,4,3,0,0
64.2647,-1.0,900,7,3,0,0
64.4118,-1.0,50,1,4,0,0
64.5588,-1.0,10,7,3,0,0
64.6324,-1.0,10,4,3,0,0
64.7059,-1.0,80,10,3,0,0
64.7059,64.8529,100,10,3,0,0
64.8529,-1.0,50,6,4,0,0
65.0,-1.0,80,8,3,0,0
65.0,65.1471,100,8,3,0,0
65.1471,-1.0,50,3,5,0,0
65.2941,-1.0,82,6,3,0,0
65.2941,65.4412,110,6,3,JumpScratch,6
65.4412,-1.0,10,1,3,0,0
65.4412,65.5882,110,10,2,JumpScratch,-5
65.5882,-1.0,10,4,3,0,0
65.5882,65.7353,110,7,3,JumpScratch,6
65.7353,-1.0,10,2,3,0,0
65.7353,65.8824,110,11,2,JumpScratch,-5
65.8824,-1.0,80,5,3,0,0
65.8824,66.0294,100,5,3,0,0
66.1765,-1.0,10,1,3,0,0
66.1765,-1.0,50,5,4,0,0
66.3235,-1.0,10,4,3,0,0
66.3971,-1.0,10,7,3,0,0
66.4706,-1.0,82,1,3,0,0
66.4706,66.7647,110,1,3,0,0
66.6176,-1.0,900,1,3,0,0
66.6176,-1.0,10,5,4,0,0
66.7647,-1.0,10,10,3,0,0
66.9118,-1.0,10,7,3,0,0
66.9853,-1.0,10,4,3,0,0
67.0588,-1.0,20,9,4,0,0
67.1324,-1.0,10,5,3,0,0
67.2059,-1.0,10,7,3,0,0
67.2794,-1.0,10,3,3,0,0
67.3529,-1.0,20,9,4,0,0
67.4265,-1.0,10,4,3,0,0
67.5000,-1.0,10,6,3,0,0
67.5735,-1.0,10,1,3,0,0
67.6471,-1.0,20,10,3,0,0
67.7206,-1.0,10,6,2,0,0
67.7941,-1.0,10,8,2,0,0
67.8676,-1.0,10,4,2,0,0
67.9412,-1.0,20,10,3,0,0
68.0147,-1.0,10,5,2,0,0
68.0882,-1.0,10,7,2,0,0
68.1618,-1.0,10,3,2,0,0
68.2353,-1.0,82,10,3,0,0
68.2353,68.5294,110,10,3,0,0
68.3824,-1.0,900,10,3,0,0
68.5294,-1.0,82,1,3,0,0
68.5294,68.6765,110,1,3,JumpScratch,6
68.6765,68.8235,110,5,2,JumpScratch,-5
68.8235,68.9706,110,2,3,JumpScratch,6
68.8235,-1.0,10,8,4,0,0
68.9706,69.1176,110,6,2,JumpScratch,-5
69.1176,69.2647,110,3,3,JumpScratch,6
69.1176,-1.0,10,9,4,0,0
69.2647,69.4118,110,7,2,JumpScratch,-5
69.4118,-1.0,82,10,3,0,0
69.4118,69.5588,110,10,3,JumpScratch,-6
69.5588,69.7059,110,7,2,JumpScratch,5
69.7059,-1.0,10,2,4,0,0
69.7059,69.8529,110,9,3,JumpScratch,-6
69.8529,70.0,110,6,2,JumpScratch,5
70.0,-1.0,82,1,3,0,0
70.0,70.1471,110,1,3,JumpScratch,6
70.1471,70.2941,110,5,2,JumpScratch,-5
70.2941,-1.0,82,10,3,0,0
70.2941,70.4412,110,10,3,JumpScratch,-6
70.4412,70.5882,110,7,2,JumpScratch,6
70.5882,-1.0,50,1,6,JumpScratch,-6
70.8824,-1.0,10,3,4,0,0
70.8824,-1.0,82,10,3,0,0
70.8824,71.0294,110,10,3,JumpScratch,-6
71.0294,71.1765,110,7,2,JumpScratch,5
71.1765,-1.0,10,2,4,0,0
71.1765,71.3235,110,9,3,JumpScratch,-6
71.3235,71.4706,110,6,2,JumpScratch,5
71.4706,-1.0,10,1,4,0,0
71.4706,71.6176,110,8,3,JumpScratch,-6
71.6176,71.7647,110,5,2,JumpScratch,5
71.7647,-1.0,82,1,3,0,0
71.7647,71.9118,110,1,3,JumpScratch,6
71.9118,72.0588,110,5,2,JumpScratch,-5
72.0588,72.2059,110,2,3,JumpScratch,6
72.0588,-1.0,10,8,4,0,0
72.2059,72.3529,110,6,2,JumpScratch,-5
72.3529,-1.0,82,10,3,0,0
72.3529,72.5000,110,10,3,JumpScratch,-6
72.5000,72.6471,110,7,2,JumpScratch,5
72.6471,-1.0,82,1,3,0,0
72.6471,72.7941,110,1,3,JumpScratch,6
72.7941,72.9412,110,5,2,JumpScratch,-6
72.9412,-1.0,50,7,6,JumpScratch,6
73.2353,-1.0,82,1,3,0,0
73.2353,73.3824,110,1,3,JumpScratch,7
73.2353,-1.0,10,8,3,0,0
73.3824,73.5294,110,5,3,JumpScratch,-7
73.5294,73.6765,110,1,4,JumpScratch,8
73.5294,-1.0,10,9,3,0,0
73.6765,73.8235,110,6,3,JumpScratch,-8
73.8235,73.9706,110,1,5,JumpScratch,9
73.8235,-1.0,10,10,3,0,0
73.9706,74.1176,110,7,3,JumpScratch,-9
74.1176,-1.0,82,10,3,0,0
74.1176,74.2647,110,10,3,JumpScratch,-7
74.2647,74.4118,110,6,3,JumpScratch,7
74.4118,-1.0,10,2,3,0,0
74.4118,74.5588,110,9,4,JumpScratch,-8
74.5588,74.7059,110,5,3,JumpScratch,8
74.7059,-1.0,82,1,3,0,0
74.7059,74.8529,110,1,3,JumpScratch,7
74.8529,75.0,110,5,3,JumpScratch,-7
75.0,-1.0,82,10,3,0,0
75.0,75.1471,110,10,3,JumpScratch,-7
75.1471,75.2941,110,6,3,JumpScratch,7
75.2941,-1.0,50,1,5,JumpScratch,-5
75.5882,-1.0,10,3,3,0,0
75.5882,-1.0,82,10,3,0,0
75.5882,75.7353,110,10,3,JumpScratch,-7
75.7353,75.8824,110,6,3,JumpScratch,7
75.8824,-1.0,10,2,3,0,0
75.8824,76.0294,110,9,4,JumpScratch,-8
76.0294,76.1765,110,5,3,JumpScratch,8
76.1765,-1.0,10,1,3,0,0
76.1765,76.3235,110,8,5,JumpScratch,-9
76.3235,76.4706,110,4,3,JumpScratch,9
76.4706,-1.0,82,1,3,0,0
76.4706,76.6176,110,1,3,JumpScratch,7
76.6176,76.7647,110,5,3,JumpScratch,-7
76.7647,-1.0,82,10,3,0,0
76.7647,76.9118,110,10,3,JumpScratch,-7
76.9118,77.0588,110,6,3,JumpScratch,7
77.0588,-1.0,82,1,3,0,0
77.0588,77.3529,110,1,3,0,0
77.0588,77.3529,110,10,3,0,0
77.2059,-1.0,900,1,3,0,0
77.2059,-1.0,900,10,3,0,0
77.6471,-1.0,10,3,3,0,0
77.6471,-1.0,82,10,3,0,0
77.6471,77.9412,110,10,3,0,0
77.7941,-1.0,10,6,2,0,0
77.7941,-1.0,900,10,3,0,0
77.7941,-1.0,31,10,3,0,0
77.9412,-1.0,10,2,3,0,0
78.0882,-1.0,10,4,3,0,0
78.1618,-1.0,10,6,3,0,0
78.2353,-1.0,82,1,3,0,0
78.2353,78.5294,110,1,3,0,0
78.3824,-1.0,900,1,3,0,0
78.3824,-1.0,31,1,3,0,0
78.3824,-1.0,10,6,2,0,0
78.5294,-1.0,10,9,3,0,0
78.6765,-1.0,10,7,3,0,0
78.7500,-1.0,10,5,3,0,0
78.8235,-1.0,82,10,3,0,0
78.8235,79.1176,110,10,3,0,0
78.9706,-1.0,10,6,2,0,0
78.9706,-1.0,900,10,3,0,0
78.9706,-1.0,31,10,3,0,0
79.1176,-1.0,10,2,3,0,0
79.2647,-1.0,10,4,3,0,0
79.3382,-1.0,10,6,3,0,0
79.4118,-1.0,50,1,3,0,0
79.5588,-1.0,10,6,3,0,0
79.7059,-1.0,10,4,3,0,0
79.7059,-1.0,50,10,3,0,0
79.8529,-1.0,10,5,3,0,0
80.0,-1.0,50,1,3,0,0
80.0,-1.0,82,7,3,0,0
80.0,80.2941,110,7,3,0,0
80.1471,-1.0,900,7,3,0,0
80.1471,-1.0,31,7,3,0,0
80.2941,-1.0,10,4,3,0,0
80.4412,-1.0,10,1,3,0,0
80.5147,-1.0,10,6,3,0,0
80.5882,-1.0,82,4,3,0,0
80.5882,80.8824,110,4,3,0,0
80.7353,-1.0,900,4,3,0,0
80.7353,-1.0,31,4,3,0,0
80.7353,-1.0,10,11,2,0,0
80.8824,-1.0,10,7,3,0,0
81.0294,-1.0,10,10,3,0,0
81.1029,-1.0,10,5,3,0,0
81.1765,-1.0,82,7,3,0,0
81.1765,81.4706,110,7,3,0,0
81.3235,-1.0,10,1,2,0,0
81.3235,-1.0,900,7,3,0,0
81.3235,-1.0,31,7,3,0,0
81.4706,-1.0,10,4,3,0,0
81.6176,-1.0,10,1,3,0,0
81.6912,-1.0,10,6,3,0,0
81.7647,-1.0,50,4,3,0,0
81.9118,-1.0,10,10,3,0,0
82.0588,-1.0,10,4,3,0,0
82.0588,-1.0,50,7,3,0,0
82.2059,-1.0,10,1,3,0,0
82.3529,-1.0,50,4,3,0,0
82.3529,-1.0,82,10,3,0,0
82.3529,82.6471,110,10,3,0,0
82.5000,-1.0,900,10,3,0,0
82.5000,-1.0,31,10,3,0,0
82.6471,-1.0,10,5,4,0,0
82.7941,-1.0,10,4,3,0,0
82.8676,-1.0,10,6,3,0,0
82.9412,-1.0,82,1,3,0,0
82.9412,83.2353,110,1,3,0,0
83.0882,-1.0,900,1,3,0,0
83.0882,-1.0,31,1,3,0,0
83.0882,-1.0,10,9,2,0,0
83.2353,-1.0,10,5,4,0,0
83.3824,-1.0,10,7,3,0,0
83.4559,-1.0,10,5,3,0,0
83.5294,-1.0,82,10,3,0,0
83.5294,83.8235,110,10,3,0,0
83.6765,-1.0,10,3,2,0,0
83.6765,-1.0,900,10,3,0,0
83.6765,-1.0,31,10,3,0,0
83.8235,-1.0,10,5,4,0,0
83.9706,-1.0,10,4,3,0,0
84.0441,-1.0,10,6,3,0,0
84.1176,-1.0,50,1,3,0,0
84.2647,-1.0,10,6,3,0,0
84.4118,-1.0,10,4,3,0,0
84.4118,-1.0,50,10,3,0,0
84.5588,-1.0,10,5,3,0,0
84.7059,-1.0,50,1,3,0,0
84.7059,-1.0,82,7,3,0,0
84.7059,85.0,110,7,3,0,0
84.8529,-1.0,900,7,3,0,0
84.8529,-1.0,31,7,3,0,0
85.0,-1.0,10,4,3,0,0
85.1471,-1.0,10,1,3,0,0
85.2206,-1.0,10,6,3,0,0
85.2941,-1.0,82,4,3,0,0
85.2941,85.5882,110,4,3,0,0
85.4412,-1.0,900,4,3,0,0
85.4412,-1.0,31,4,3,0,0
85.4412,-1.0,10,11,2,0,0
85.5882,-1.0,10,7,3,0,0
85.7353,-1.0,10,10,3,0,0
85.8088,-1.0,10,5,3,0,0
85.8824,-1.0,50,7,3,0,0
86.0294,-1.0,10,4,2,0,0
86.1765,-1.0,50,1,3,0,0
86.1765,-1.0,10,6,3,0,0
86.3235,-1.0,10,8,2,0,0
86.4706,-1.0,80,5,3,0,0
86.4706,86.6176,100,5,3,0,0
86.4706,-1.0,50,10,3,0,0
86.6176,-1.0,81,8,2,0,0
86.6176,86.7647,101,8,2,0,0
86.7647,-1.0,81,3,3,0,0
86.7647,86.9118,101,3,3,0,0
86.9118,-1.0,83,6,2,0,0
86.9118,87.0588,110,6,2,0,0
87.0588,-1.0,81,1,3,0,0
87.0588,88.0882,101,1,3,0,0
87.2059,-1.0,900,1,3,0,0
87.3529,-1.0,900,1,3,0,0
87.5000,-1.0,900,1,3,0,0
87.6471,-1.0,900,1,3,0,0
87.7941,-1.0,900,1,3,0,0
87.9412,-1.0,900,1,3,0,0
88.0882,-1.0,82,5,3,0,0
88.0882,88.2353,110,5,3,JumpScratch,6
88.2353,-1.0,50,1,3,JumpScratch,-3
88.2353,88.3824,110,8,3,JumpScratch,-5
88.3824,88.5294,110,6,2,JumpScratch,6
88.5294,-1.0,50,1,4,JumpScratch,-4
88.5294,88.6765,110,9,3,JumpScratch,-5
88.6765,88.8235,110,7,2,JumpScratch,6
88.8235,-1.0,50,1,5,JumpScratch,-5
88.8235,89.1176,110,10,3,JumpScratch,-12
88.9706,-1.0,900,10,3,0,0
89.4118,-1.0,81,1,4,0,0
89.4118,89.7059,101,1,4,0,0
89.4118,-1.0,50,7,6,0,0
89.5588,-1.0,900,1,4,0,0
89.7059,-1.0,10,8,4,0,0
89.8529,-1.0,10,6,3,0,0
90.0,-1.0,10,1,3,0,0
90.0,-1.0,81,7,4,0,0
90.0,90.1471,101,7,4,0,0
90.1471,-1.0,10,4,3,0,0
90.2941,-1.0,81,3,4,0,0
90.2941,90.4412,101,3,4,0,0
90.2941,-1.0,10,10,3,0,0
90.4412,-1.0,10,7,3,0,0
90.5882,-1.0,50,3,4,0,0
90.5882,-1.0,83,10,3,0,0
90.5882,90.8824,110,10,3,JumpScratch,-6
90.7353,-1.0,900,10,3,0,0
90.8824,-1.0,83,1,3,0,0
90.8824,91.1765,110,1,3,JumpScratch,6
91.0294,-1.0,900,1,3,0,0
91.0294,-1.0,10,5,4,0,0
91.1765,91.4706,110,4,3,JumpScratch,-6
91.1765,-1.0,83,10,3,0,0
91.1765,91.4706,110,10,3,JumpScratch,-6
91.3235,-1.0,900,4,3,0,0
91.3235,-1.0,900,10,3,0,0
91.7647,-1.0,81,1,4,0,0
91.7647,92.0588,101,1,4,0,0
91.7647,-1.0,50,5,4,0,0
91.9118,-1.0,900,1,4,0,0
92.0588,-1.0,10,10,3,0,0
92.2059,-1.0,10,7,3,0,0
92.3529,-1.0,20,1,4,0,0
92.3529,-1.0,50,9,4,0,0
92.5000,-1.0,82,4,3,0,0
92.5000,92.6471,110,4,3,JumpScratch,-6
92.6471,-1.0,20,9,4,0,0
92.7941,-1.0,82,7,3,0,0
92.7941,92.9412,110,7,3,JumpScratch,6
92.9412,-1.0,83,1,4,0,0
92.9412,93.2353,110,1,4,JumpScratch,8
93.0882,-1.0,900,1,4,0,0
93.2353,93.8235,110,5,4,JumpScratch,-8
93.2353,-1.0,83,11,2,0,0
93.2353,93.3824,110,11,2,JumpScratch,-12
93.3824,93.5294,110,1,2,JumpScratch,12
93.5294,93.8235,110,11,2,JumpScratch,-4
93.6765,-1.0,900,5,4,0,0
93.6765,-1.0,900,11,2,0,0
94.1176,-1.0,50,1,6,0,0
94.1176,-1.0,81,9,4,0,0
94.1176,94.4118,101,9,4,0,0
94.2647,-1.0,900,9,4,0,0
94.4118,-1.0,10,2,4,0,0
94.5588,-1.0,10,5,3,0,0
94.7059,-1.0,81,3,4,0,0
94.7059,94.8529,101,3,4,0,0
94.7059,-1.0,10,10,3,0,0
94.8529,-1.0,10,7,3,0,0
95.0,-1.0,10,1,3,0,0
95.0,-1.0,81,7,4,0,0
95.0,95.1471,101,7,4,0,0
95.1471,-1.0,10,4,3,0,0
95.2941,-1.0,83,1,3,0,0
95.2941,95.5882,110,1,3,JumpScratch,6
95.2941,-1.0,50,7,4,0,0
95.4412,-1.0,900,1,3,0,0
95.5882,-1.0,83,10,3,0,0
95.5882,95.8824,110,10,3,JumpScratch,-6
95.7353,-1.0,10,5,4,0,0
95.7353,-1.0,900,10,3,0,0
95.8824,-1.0,83,1,3,0,0
95.8824,96.1765,110,1,3,JumpScratch,6
95.8824,96.1765,110,7,3,JumpScratch,6
96.0294,-1.0,900,1,3,0,0
96.0294,-1.0,900,7,3,0,0
96.4706,-1.0,50,5,4,0,0
96.4706,-1.0,81,9,4,0,0
96.4706,96.7647,101,9,4,0,0
96.6176,-1.0,900,9,4,0,0
96.7647,-1.0,10,1,3,0,0
96.9118,-1.0,10,4,3,0,0
97.0588,-1.0,50,1,4,0,0
97.0588,-1.0,20,7,4,0,0
97.2059,-1.0,10,10,3,0,0
97.3529,-1.0,20,1,4,0,0
97.3529,-1.0,50,6,4,0,0
97.5000,-1.0,10,4,3,0,0
97.6471,-1.0,83,1,3,0,0
97.6471,97.9412,110,1,3,JumpScratch,6
97.6471,-1.0,83,10,3,0,0
97.6471,97.9412,110,10,3,JumpScratch,-6
97.7941,-1.0,900,1,3,0,0
97.7941,-1.0,900,10,3,0,0
97.9412,98.0882,110,4,3,JumpScratch,-6
97.9412,98.0882,110,7,3,JumpScratch,6
98.0882,98.2353,110,1,3,JumpScratch,6
98.0882,98.2353,110,10,3,JumpScratch,-6
98.2353,98.5294,110,4,3,JumpScratch,-6
98.2353,98.5294,110,7,3,JumpScratch,6
98.3824,-1.0,900,4,3,0,0
98.3824,-1.0,900,7,3,0,0
98.6765,-1.0,10,5,4,0,0
98.8235,-1.0,81,1,4,0,0
98.8235,99.1176,101,1,4,0,0
98.8235,-1.0,50,7,6,0,0
98.9706,-1.0,900,1,4,0,0
99.1176,-1.0,10,5,4,0,0
99.2647,-1.0,10,7,3,0,0
99.4118,-1.0,10,1,3,0,0
99.4118,-1.0,81,9,4,0,0
99.4118,99.5588,101,9,4,0,0
99.5588,-1.0,10,4,3,0,0
99.7059,-1.0,81,1,4,0,0
99.7059,99.8529,101,1,4,0,0
99.7059,-1.0,10,7,3,0,0
99.8529,-1.0,10,10,3,0,0
100.0,-1.0,50,3,4,0,0
100.0,-1.0,83,7,3,0,0
100.0,100.2941,110,7,3,JumpScratch,6
100.1471,-1.0,900,7,3,0,0
100.2941,-1.0,83,4,3,0,0
100.2941,100.5882,110,4,3,JumpScratch,-6
100.4412,-1.0,900,4,3,0,0
100.4412,-1.0,10,9,4,0,0
100.5882,100.8824,110,1,3,JumpScratch,6
100.5882,-1.0,83,7,3,0,0
100.5882,100.8824,110,7,3,JumpScratch,6
100.7353,-1.0,900,1,3,0,0
100.7353,-1.0,900,7,3,0,0
101.1765,-1.0,50,1,4,0,0
101.1765,-1.0,81,5,4,0,0
101.1765,101.4706,101,5,4,0,0
101.3235,-1.0,900,5,4,0,0
101.4706,-1.0,10,1,3,0,0
101.6176,-1.0,10,4,3,0,0
101.7647,-1.0,50,5,4,0,0
101.7647,-1.0,20,10,3,0,0
101.9118,-1.0,10,7,3,0,0
102.0588,-1.0,20,1,3,0,0
102.0588,-1.0,50,5,4,0,0
102.2059,-1.0,10,4,3,0,0
102.3529,-1.0,50,1,6,JumpScratch,-6
102.3529,-1.0,83,9,4,0,0
102.3529,102.6471,110,9,4,JumpScratch,-8
102.5000,-1.0,900,9,4,0,0
102.6471,-1.0,83,1,2,0,0
102.6471,102.7941,110,1,2,JumpScratch,12
102.6471,103.2353,110,5,4,JumpScratch,8
102.7941,102.9412,110,11,2,JumpScratch,-12
102.9412,103.2353,110,1,2,JumpScratch,4
103.0882,-1.0,900,1,2,0,0
103.0882,-1.0,900,5,4,0,0
103.5294,-1.0,50,1,6,0,0
103.5294,-1.0,81,9,4,0,0
103.5294,103.8235,101,9,4,0,0
103.6765,-1.0,900,9,4,0,0
103.8235,-1.0,10,1,4,0,0
103.9706,-1.0,10,4,3,0,0
104.1176,-1.0,81,1,4,0,0
104.1176,104.2647,101,1,4,0,0
104.1176,-1.0,10,10,3,0,0
104.2647,-1.0,10,7,3,0,0
104.4118,-1.0,10,4,3,0,0
104.4118,-1.0,81,9,4,0,0
104.4118,104.5588,101,9,4,0,0
104.5588,-1.0,10,1,3,0,0
104.7059,-1.0,83,4,3,0,0
104.7059,105.0,110,4,3,JumpScratch,-6
104.7059,-1.0,50,7,4,0,0
104.8529,-1.0,900,4,3,0,0
105.0,-1.0,83,7,3,0,0
105.0,105.2941,110,7,3,JumpScratch,6
105.1471,-1.0,10,1,4,0,0
105.1471,-1.0,900,7,3,0,0
105.2941,-1.0,83,4,3,0,0
105.2941,105.5882,110,4,3,JumpScratch,-6
105.2941,105.5882,110,10,3,JumpScratch,-6
105.4412,-1.0,900,4,3,0,0
105.4412,-1.0,900,10,3,0,0
105.8824,-1.0,81,5,4,0,0
105.8824,106.1765,101,5,4,0,0
105.8824,-1.0,50,9,4,0,0
106.0294,-1.0,900,5,4,0,0
106.1765,-1.0,10,10,3,0,0
106.3235,-1.0,10,7,3,0,0
106.4706,-1.0,20,1,3,0,0
106.4706,-1.0,50,5,4,0,0
106.6176,-1.0,10,4,3,0,0
106.7647,-1.0,50,5,4,0,0
106.7647,-1.0,20,10,3,0,0
106.9118,-1.0,10,7,3,0,0
107.0588,-1.0,81,1,4,0,0
107.0588,107.3529,101,1,4,0,0
107.0588,-1.0,81,9,4,0,0
107.0588,107.3529,101,9,4,0,0
107.2059,-1.0,900,1,4,0,0
107.2059,-1.0,900,9,4,0,0
107.5000,-1.0,20,1,4,0,0
107.5000,-1.0,20,9,4,0,0
107.6471,-1.0,83,5,4,0,0
107.6471,107.9412,110,5,4,0,0
107.7941,-1.0,900,5,4,0,0
108.2353,-1.0,83,1,3,0,0
108.2353,109.4118,110,1,3,JumpScratch,6
108.2353,-1.0,83,10,3,0,0
108.2353,109.4118,110,10,3,JumpScratch,-6
108.3824,-1.0,900,1,3,0,0
108.3824,-1.0,900,10,3,0,0
108.5294,-1.0,900,1,3,0,0
108.5294,-1.0,900,10,3,0,0
108.6765,-1.0,900,1,3,0,0
108.6765,-1.0,900,10,3,0,0
108.8235,-1.0,900,1,3,0,0
108.8235,-1.0,900,10,3,0,0
108.9706,-1.0,900,1,3,0,0
108.9706,-1.0,900,10,3,0,0
109.1176,-1.0,900,1,3,0,0
109.1176,-1.0,900,10,3,0,0
109.2647,-1.0,900,1,3,0,0
109.2647,-1.0,900,10,3,0,0
109.4118,110.5882,110,4,3,JumpScratch,-6
109.4118,110.5882,110,7,3,JumpScratch,6
109.5588,-1.0,900,4,3,0,0
109.5588,-1.0,900,7,3,0,0
109.7059,-1.0,900,4,3,0,0
109.7059,-1.0,900,7,3,0,0
109.8529,-1.0,900,4,3,0,0
109.8529,-1.0,900,7,3,0,0
110.0,-1.0,900,4,3,0,0
110.0,-1.0,900,7,3,0,0
110.1471,-1.0,900,4,3,0,0
110.1471,-1.0,900,7,3,0,0
110.2941,-1.0,900,4,3,0,0
110.2941,-1.0,900,7,3,0,0
110.4412,-1.0,900,4,3,0,0
110.4412,-1.0,900,7,3,0,0
110.5882,112.6471,110,1,3,0,0
110.5882,112.6471,110,10,3,0,0
110.7353,-1.0,900,1,3,0,0
110.7353,-1.0,900,10,3,0,0
110.8824,-1.0,900,1,3,0,0
110.8824,-1.0,900,10,3,0,0
111.0294,-1.0,900,1,3,0,0
111.0294,-1.0,900,10,3,0,0
111.1765,-1.0,900,1,3,0,0
111.1765,-1.0,900,10,3,0,0
111.3235,-1.0,900,1,3,0,0
111.3235,-1.0,900,10,3,0,0
111.4706,-1.0,900,1,3,0,0
111.4706,-1.0,900,10,3,0,0
111.6176,-1.0,900,1,3,0,0
111.6176,-1.0,900,10,3,0,0
111.7647,-1.0,900,1,3,0,0
111.7647,-1.0,900,10,3,0,0
111.9118,-1.0,900,1,3,0,0
111.9118,-1.0,900,10,3,0,0
112.0588,-1.0,900,1,3,0,0
112.0588,-1.0,900,10,3,0,0
112.2059,-1.0,900,1,3,0,0
112.2059,-1.0,900,10,3,0,0
112.3529,-1.0,900,1,3,0,0
112.3529,-1.0,900,10,3,0,0
112.5000,-1.0,900,1,3,0,0
112.5000,-1.0,900,10,3,0,0
112.9412,-1.0,10,3,3,0,0
113.0147,-1.0,10,8,2,0,0
113.0882,-1.0,10,5,3,0,0
113.2353,-1.0,10,2,3,0,0
113.2353,-1.0,10,7,2,0,0
113.3824,-1.0,10,4,3,0,0
113.4559,-1.0,10,7,2,0,0
113.5294,-1.0,80,1,3,0,0
113.5294,113.6765,100,1,3,0,0
113.6765,-1.0,80,6,2,0,0
113.6765,113.8235,100,6,2,0,0
113.8235,-1.0,80,3,3,0,0
113.8235,113.9706,100,3,3,0,0
113.9706,-1.0,10,8,2,0,0
114.1176,-1.0,80,6,2,0,0
114.1176,114.2647,100,6,2,0,0
114.1176,-1.0,10,10,3,0,0
114.2647,-1.0,80,8,2,0,0
114.2647,114.4118,100,8,2,0,0
114.4118,-1.0,10,3,3,0,0
114.5588,-1.0,10,7,3,0,0
114.6324,-1.0,10,5,2,0,0
114.7059,-1.0,80,10,3,0,0
114.7059,114.8529,100,10,3,0,0
114.8529,-1.0,80,6,2,0,0
114.8529,115.0,100,6,2,0,0
115.0,-1.0,80,8,3,0,0
115.0,115.1471,100,8,3,0,0
115.1471,-1.0,10,4,2,0,0
115.2941,-1.0,10,1,3,0,0
115.3676,-1.0,10,7,2,0,0
115.4412,-1.0,10,4,3,0,0
115.5882,-1.0,10,2,3,0,0
115.5882,-1.0,10,7,2,0,0
115.7353,-1.0,10,4,3,0,0
115.8088,-1.0,10,7,2,0,0
115.8824,-1.0,80,1,3,0,0
115.8824,116.0294,100,1,3,0,0
116.0294,-1.0,80,6,2,0,0
116.0294,116.1765,100,6,2,0,0
116.1765,-1.0,80,3,3,0,0
116.1765,116.3235,100,3,3,0,0
116.3235,-1.0,10,8,2,0,0
116.4706,-1.0,10,10,3,0,0
116.5441,-1.0,10,5,3,0,0
116.6176,-1.0,10,8,2,0,0
116.7647,-1.0,10,1,3,0,0
116.7647,-1.0,10,6,2,0,0
116.9118,-1.0,10,8,2,0,0
116.9853,-1.0,10,6,2,0,0
117.0588,-1.0,10,10,3,0,0
117.2059,-1.0,10,4,2,0,0
117.2794,-1.0,10,10,3,0,0
117.3529,-1.0,10,6,2,0,0
117.4265,-1.0,10,8,2,0,0
117.5000,-1.0,10,1,3,0,0
117.5735,-1.0,10,6,2,0,0
117.6471,-1.0,83,4,2,0,0
117.6471,117.9412,110,4,2,0,0
117.7941,-1.0,900,4,2,0,0
117.9412,-1.0,20,6,2,0,0
118.0882,-1.0,10,10,3,0,0
118.2353,-1.0,50,6,2,0,0
118.2353,-1.0,20,8,2,0,0
118.3824,-1.0,10,10,3,0,0
118.5294,-1.0,50,4,2,0,0
118.5294,-1.0,20,6,2,0,0
118.6765,-1.0,82,8,2,0,0
118.6765,118.8235,110,8,2,0,0
118.8235,-1.0,81,4,2,0,0
118.8235,118.9706,101,4,2,0,0
119.1176,-1.0,81,1,3,0,0
119.1176,119.2647,101,1,3,0,0
119.1176,-1.0,50,6,2,JumpScratch,2
119.4118,-1.0,50,4,2,JumpScratch,-2
119.4118,-1.0,81,8,2,0,0
119.4118,119.5588,101,8,2,0,0
119.7059,-1.0,50,6,2,JumpScratch,-2
119.7059,-1.0,81,10,3,0,0
119.7059,119.8529,101,10,3,0,0
120.0,-1.0,50,1,3,0,0
120.0,-1.0,20,6,2,0,0
120.2941,-1.0,20,6,2,0,0
120.2941,-1.0,50,10,3,0,0
120.4412,-1.0,10,4,2,0,0
120.5882,-1.0,81,1,3,0,0
120.5882,120.7353,101,1,3,0,0
120.5882,-1.0,10,6,2,0,0
120.7353,-1.0,10,8,2,0,0
120.8824,-1.0,10,4,2,0,0
120.8824,-1.0,81,8,2,0,0
120.8824,121.0294,101,8,2,0,0
121.0294,-1.0,10,6,2,0,0
121.1765,-1.0,81,1,3,0,0
121.1765,121.3235,101,1,3,0,0
121.1765,-1.0,50,8,2,JumpScratch,2
121.4706,-1.0,50,4,2,JumpScratch,-2
121.4706,-1.0,81,10,3,0,0
121.4706,121.6176,101,10,3,0,0
121.7647,-1.0,81,1,3,0,0
121.7647,122.0588,101,1,3,0,0
121.7647,-1.0,50,6,2,JumpScratch,2
121.9118,-1.0,900,1,3,0,0
122.0588,-1.0,10,6,2,0,0
122.1324,-1.0,10,4,2,0,0
122.2059,-1.0,10,8,2,0,0
122.2794,-1.0,10,6,2,0,0
122.3529,-1.0,83,10,3,0,0
122.3529,122.6471,110,10,3,0,0
122.5000,-1.0,900,10,3,0,0
122.6471,-1.0,10,6,2,0,0
122.7941,-1.0,10,4,2,0,0
122.9412,-1.0,10,1,3,0,0
122.9412,-1.0,81,6,2,0,0
122.9412,123.0882,101,6,2,0,0
123.0882,-1.0,10,4,2,0,0
123.2353,-1.0,81,6,2,0,0
123.2353,123.3824,101,6,2,0,0
123.2353,-1.0,10,8,2,0,0
123.3824,-1.0,10,10,3,0,0
123.5294,-1.0,50,1,3,0,0
123.5294,-1.0,83,8,2,0,0
123.5294,123.8235,110,8,2,0,0
123.6765,-1.0,900,8,2,0,0
123.8235,-1.0,20,4,2,0,0
123.9706,-1.0,10,6,2,0,0
124.1176,-1.0,50,4,2,0,0
124.1176,-1.0,50,8,2,0,0
124.4118,-1.0,10,1,3,0,0
124.4118,-1.0,82,10,3,0,0
124.4118,124.7059,110,10,3,JumpScratch,-3
124.5588,-1.0,900,10,3,0,0
124.7059,-1.0,83,6,2,0,0
124.7059,125.0,110,6,2,JumpScratch,-2
124.8529,-1.0,900,6,2,0,0
125.0,-1.0,83,8,2,0,0
125.0,125.2941,110,8,2,JumpScratch,-2
125.1471,-1.0,10,4,2,0,0
125.1471,-1.0,900,8,2,0,0
125.2941,-1.0,83,1,3,0,0
125.2941,125.5882,110,1,3,JumpScratch,3
125.4412,-1.0,900,1,3,0,0
125.4412,-1.0,10,6,2,0,0
125.5882,-1.0,83,8,2,0,0
125.5882,125.8824,110,8,2,JumpScratch,2
125.7353,-1.0,10,4,2,0,0
125.7353,-1.0,900,8,2,0,0
125.8824,-1.0,83,6,2,0,0
125.8824,126.1765,110,6,2,0,0
126.0294,-1.0,900,6,2,0,0
126.3235,-1.0,10,10,3,0,0
126.4706,-1.0,20,4,2,0,0
126.4706,-1.0,20,8,2,0,0
126.6176,-1.0,10,1,3,0,0
126.7647,-1.0,20,4,2,0,0
126.7647,-1.0,20,8,2,0,0
126.9118,-1.0,10,10,3,0,0
127.0588,-1.0,80,4,3,0,0
127.0588,127.2059,100,4,3,0,0
127.0588,-1.0,10,7,3,0,0
127.3529,-1.0,50,1,6,0,0
127.3529,-1.0,10,7,3,0,0
127.5000,-1.0,10,10,3,0,0
127.5735,-1.0,10,4,3,0,0
127.6471,-1.0,80,7,3,0,0
127.6471,127.9412,100,7,3,0,0
127.7941,-1.0,10,1,3,0,0
127.7941,-1.0,900,7,3,0,0
127.9412,-1.0,50,1,6,0,0
128.0882,-1.0,10,9,3,0,0
128.1618,-1.0,10,3,3,0,0
128.2353,-1.0,80,6,3,0,0
128.2353,128.3824,100,6,3,0,0
128.3824,-1.0,50,2,4,0,0
128.5294,-1.0,80,8,3,0,0
128.5294,128.6765,100,8,3,0,0
128.6765,-1.0,50,3,5,0,0
128.8235,-1.0,82,10,3,0,0
128.8235,128.9706,110,10,3,JumpScratch,-6
128.9706,-1.0,10,4,3,0,0
128.9706,129.1176,110,7,2,JumpScratch,5
129.1176,-1.0,10,1,2,0,0
129.1176,129.2647,110,9,3,JumpScratch,-6
129.2647,-1.0,10,3,3,0,0
129.2647,129.4118,110,6,2,JumpScratch,5
129.4118,-1.0,80,1,3,0,0
129.4118,129.5588,100,1,3,0,0
129.7059,-1.0,10,4,3,0,0
129.7059,-1.0,50,7,6,0,0
129.8529,-1.0,10,1,3,0,0
129.9265,-1.0,10,7,3,0,0
130.0,-1.0,80,4,3,0,0
130.0,130.2941,100,4,3,0,0
130.1471,-1.0,900,4,3,0,0
130.1471,-1.0,10,10,3,0,0
130.2941,-1.0,50,7,6,0,0
130.4412,-1.0,10,2,3,0,0
130.5147,-1.0,10,8,3,0,0
130.5882,-1.0,80,5,3,0,0
130.5882,130.7353,100,5,3,0,0
130.7353,-1.0,50,8,4,0,0
130.8824,-1.0,80,3,3,0,0
130.8824,131.0294,100,3,3,0,0
131.0294,-1.0,50,6,5,0,0
131.1765,-1.0,10,4,4,0,0
131.3235,-1.0,10,3,3,0,0
131.4706,-1.0,10,1,3,0,0
131.4706,-1.0,10,6,4,0,0
131.6176,-1.0,10,8,3,0,0
131.7647,-1.0,80,4,3,0,0
131.7647,131.9118,100,4,3,0,0
131.7647,-1.0,10,10,3,0,0
132.0588,-1.0,50,1,6,0,0
132.0588,-1.0,10,7,3,0,0
132.2059,-1.0,10,10,3,0,0
132.2794,-1.0,10,4,3,0,0
132.3529,-1.0,80,7,3,0,0
132.3529,132.6471,100,7,3,0,0
132.5000,-1.0,10,1,3,0,0
132.5000,-1.0,900,7,3,0,0
132.6471,-1.0,50,1,6,0,0
132.7941,-1.0,10,9,3,0,0
132.8676,-1.0,10,3,3,0,0
132.9412,-1.0,80,6,3,0,0
132.9412,133.0882,100,6,3,0,0
133.0882,-1.0,50,2,4,0,0
133.2353,-1.0,80,8,3,0,0
133.2353,133.3824,100,8,3,0,0
133.3824,-1.0,50,3,5,0,0
133.5294,-1.0,82,10,3,0,0
133.5294,133.6765,110,10,3,JumpScratch,-6
133.6765,-1.0,10,4,3,0,0
133.6765,133.8235,110,7,2,JumpScratch,5
133.8235,-1.0,10,1,2,0,0
133.8235,133.9706,110,9,3,JumpScratch,-6
133.9706,-1.0,10,3,3,0,0
133.9706,134.1176,110,6,2,JumpScratch,5
134.1176,-1.0,80,1,3,0,0
134.1176,134.2647,100,1,3,0,0
134.4118,-1.0,10,4,3,0,0
134.4118,-1.0,50,7,6,0,0
134.5588,-1.0,10,1,3,0,0
134.6324,-1.0,10,7,3,0,0
134.7059,-1.0,80,4,3,0,0
134.7059,135.0,100,4,3,0,0
134.8529,-1.0,900,4,3,0,0
134.8529,-1.0,10,10,3,0,0
135.0,-1.0,50,7,6,0,0
135.1471,-1.0,10,2,3,0,0
135.2206,-1.0,10,8,3,0,0
135.2941,-1.0,50,4,4,0,0
135.4412,-1.0,20,10,3,0,0
135.5147,-1.0,10,6,2,0,0
135.5882,-1.0,10,8,2,0,0
135.7353,-1.0,20,1,3,0,0
135.8088,-1.0,10,6,2,0,0
135.8824,-1.0,10,4,2,0,0
136.0294,-1.0,20,8,3,0,0
136.1029,-1.0,10,4,2,0,0
136.1765,-1.0,10,6,2,0,0
136.3235,-1.0,10,6,2,0,0
136.4706,-1.0,50,1,3,0,0
136.4706,-1.0,50,10,3,0,0