0.3226,-1.0,10,9,2,0,0
58.0968,58.0968,0,0,0,11,1
0.4839,-1.0,10,9,2,0,0
59.3871,59.3871,0,0,0,11,4
0.6452,-1.0,200,11,2,0,0
60.6774,60.6774,0,0,0,11,5
0.8065,-1.0,200,11,2,0,0
61.9677,61.9677,0,0,0,52,10516
1.1290,-1.0,10,7,2,0,0
63.2581,63.2581,0,0,0,11,10500
1.4516,-1.0,200,11,2,0,0
94.2258,94.2258,0,0,0,15,3050
1.7742,-1.0,200,11,2,0,0
95.5161,95.5161,0,0,0,15,10500
1.9355,-1.0,200,11,2,0,0
96.8065,96.8065,0,0,0,15,3050
2.2581,-1.0,200,11,2,0,0
98.0968,98.0968,0,0,0,15,10500
2.5806,-1.0,10,7,2,0,0
99.3871,99.3871,0,0,0,15,3040
2.9032,-1.0,20,9,2,0,0
100.6774,100.6774,0,0,0,15,10500
3.0645,-1.0,20,9,2,0,0
101.9677,101.9677,0,0,0,15,3040
3.2258,-1.0,200,11,2,0,0
103.2581,103.2581,0,0,0,15,10500
3.3871,-1.0,200,11,2,0,0
104.5484,104.5484,0,0,0,15,4050
3.7097,-1.0,20,9,2,0,0
105.8387,105.8387,0,0,0,15,10500
3.7097,-1.0,200,11,2,0,0
107.1290,107.1290,0,0,0,15,4050
3.8710,-1.0,20,9,2,0,0
108.4194,108.4194,0,0,0,15,10500
3.8710,-1.0,200,11,2,0,0
114.5484,114.5484,0,0,0,11,10500
4.0323,-1.0,20,9,2,0,0
145.8387,145.8387,0,0,0,13,10500
4.0323,-1.0,200,11,2,0,0
4.5161,-1.0,50,2,5,JumpScratch,-5
4.8387,-1.0,50,7,5,JumpScratch,5
5.1613,-1.0,50,2,5,JumpScratch,-5
5.4839,-1.0,10,1,2,0,0
5.6452,-1.0,10,1,2,0,0
5.8065,-1.0,20,3,2,0,0
5.9677,-1.0,20,3,2,0,0
6.2903,-1.0,200,5,2,0,0
6.6129,-1.0,10,1,2,0,0
6.9355,-1.0,200,5,2,0,0
7.0968,-1.0,200,5,2,0,0
7.4194,-1.0,10,1,2,0,0
7.7419,-1.0,20,3,2,0,0
8.0645,-1.0,10,1,2,0,0
8.2258,-1.0,10,1,2,0,0
8.3871,-1.0,20,3,2,0,0
8.5484,-1.0,20,3,2,0,0
8.8710,-1.0,20,3,2,0,0
8.8710,-1.0,200,5,2,0,0
9.1935,-1.0,10,1,2,0,0
9.1935,-1.0,20,3,2,0,0
9.5161,-1.0,20,3,2,0,0
9.6774,-1.0,50,10,3,JumpScratch,3
10.0,-1.0,50,10,3,JumpScratch,3
10.3226,-1.0,50,10,3,JumpScratch,3
10.6452,-1.0,10,9,2,0,0
10.8065,-1.0,10,9,2,0,0
10.9677,-1.0,200,11,2,0,0
11.1290,-1.0,200,11,2,0,0
11.4516,-1.0,10,7,2,0,0
11.7742,-1.0,200,11,2,0,0
12.0968,-1.0,10,7,2,0,0
12.2581,-1.0,10,7,2,0,0
12.5806,-1.0,20,9,2,0,0
12.5806,-1.0,200,11,2,0,0
12.9032,-1.0,10,7,2,0,0
12.9032,-1.0,20,9,2,0,0
13.2258,-1.0,83,1,2,0,0
13.2258,13.3065,110,1,2,JumpScratch,3
13.3065,13.3871,110,2,2,JumpScratch,3
13.3871,13.4677,110,3,2,JumpScratch,3
13.4677,13.5484,110,4,2,JumpScratch,3
13.7097,-1.0,83,11,2,0,0
13.7097,13.7903,110,11,2,JumpScratch,-3
13.7903,13.8710,110,10,2,JumpScratch,-3
13.8710,13.9516,110,9,2,JumpScratch,-3
13.9516,14.0323,110,8,2,JumpScratch,-3
14.1935,-1.0,83,1,2,0,0
14.1935,14.2742,110,1,2,JumpScratch,3
14.2742,14.3548,110,2,2,JumpScratch,3
14.3548,14.4355,110,3,2,JumpScratch,3
14.4355,14.5161,110,4,2,JumpScratch,3
14.6774,-1.0,83,11,2,0,0
14.6774,14.7581,110,11,2,JumpScratch,-3
14.7581,14.8387,110,10,2,JumpScratch,-3
14.8387,14.9194,110,9,2,JumpScratch,-3
14.9194,15.0,110,8,2,JumpScratch,-3
15.1613,-1.0,50,6,7,JumpScratch,7
15.4839,-1.0,50,1,3,JumpScratch,-3
15.4839,-1.0,50,10,3,JumpScratch,3
15.8065,-1.0,200,11,2,0,0
15.9677,-1.0,200,11,2,0,0
16.1290,-1.0,200,11,2,0,0
16.2903,-1.0,200,11,2,0,0
16.7742,-1.0,200,11,2,0,0
17.0968,-1.0,200,11,2,0,0
17.4194,-1.0,200,11,2,0,0
17.7419,-1.0,200,11,2,0,0
18.0645,-1.0,200,11,2,0,0
18.3871,-1.0,20,9,2,0,0
18.5484,-1.0,20,9,2,0,0
18.7097,-1.0,20,9,2,0,0
18.8710,-1.0,20,9,2,0,0
19.3548,-1.0,20,9,2,0,0
19.6774,-1.0,20,9,2,0,0
20.0,-1.0,20,9,2,0,0
20.3226,-1.0,20,9,2,0,0
20.6452,-1.0,20,9,2,0,0
20.9677,-1.0,10,7,2,0,0
21.1290,-1.0,10,7,2,0,0
21.2903,-1.0,10,7,2,0,0
21.4516,-1.0,10,7,2,0,0
21.9355,-1.0,10,7,2,0,0
22.2581,-1.0,10,7,2,0,0
22.5806,-1.0,10,7,2,0,0
22.9032,-1.0,10,7,2,0,0
23.2258,-1.0,10,7,2,0,0
23.5484,-1.0,10,7,2,0,0
23.5484,24.0323,100,7,2,0,0
23.5484,-1.0,81,9,2,0,0
23.5484,24.0323,101,9,2,0,0
23.5484,-1.0,80,11,2,0,0
23.5484,24.0323,100,11,2,0,0
23.7097,-1.0,900,7,2,0,0
23.7097,-1.0,900,9,2,0,0
23.7097,-1.0,900,11,2,0,0
23.8710,-1.0,900,7,2,0,0
23.8710,-1.0,900,9,2,0,0
23.8710,-1.0,900,11,2,0,0
24.0323,-1.0,50,4,6,JumpScratch,6
24.3548,-1.0,50,3,6,JumpScratch,-6
24.6774,-1.0,50,4,6,JumpScratch,6
24.6774,-1.0,50,10,3,JumpScratch,3
25.1613,-1.0,20,9,2,0,0
25.4839,-1.0,20,3,2,0,0
25.8065,-1.0,20,9,2,0,0
26.1290,-1.0,10,1,2,0,0
26.2903,-1.0,10,1,2,0,0
26.4516,-1.0,10,1,2,0,0
26.6129,-1.0,50,1,3,JumpScratch,-3
26.9355,-1.0,20,6,2,0,0
26.9355,-1.0,200,8,2,0,0
27.0968,-1.0,20,6,2,0,0
27.0968,-1.0,200,8,2,0,0
27.2581,-1.0,83,6,2,0,0
27.2581,27.3118,110,6,2,JumpScratch,3
27.2581,-1.0,200,8,2,JumpScratch,3
27.2581,27.3118,110,8,2,JumpScratch,3
27.3118,27.3656,110,7,2,JumpScratch,3
27.3118,27.3656,110,9,2,JumpScratch,3
27.3656,27.4194,110,8,2,JumpScratch,3
27.3656,27.4194,110,10,2,JumpScratch,3
27.4194,27.4731,110,9,2,JumpScratch,-3
27.4194,27.4731,110,11,2,JumpScratch,-3
27.4731,27.5269,110,8,2,JumpScratch,-3
27.4731,27.5269,110,10,2,JumpScratch,-3
27.5269,27.5806,110,7,2,JumpScratch,-3
27.5269,27.5806,110,9,2,JumpScratch,-3
27.5806,27.7419,110,6,2,JumpScratch,6
27.5806,28.3871,110,8,2,JumpScratch,5
27.7419,-1.0,50,2,3,JumpScratch,3
27.7419,28.0645,110,10,2,JumpScratch,-6
27.9032,-1.0,900,10,2,0,0
28.0645,-1.0,50,2,3,JumpScratch,-3
28.0645,28.3871,110,6,2,JumpScratch,2
28.2258,-1.0,900,6,2,0,0
28.2258,-1.0,900,8,2,0,0
28.3871,-1.0,50,2,3,JumpScratch,3
28.7097,-1.0,200,11,2,0,0
28.8710,-1.0,200,11,2,0,0
29.0323,-1.0,200,11,2,0,0
29.1935,-1.0,50,10,3,JumpScratch,3
29.5161,-1.0,10,4,2,0,0
29.5161,-1.0,20,6,2,0,0
29.6774,-1.0,10,4,2,0,0
29.6774,-1.0,20,6,2,0,0
29.8387,-1.0,82,4,2,0,0
29.8387,29.8925,110,4,2,JumpScratch,-3
29.8387,-1.0,83,6,2,0,0
29.8387,29.8925,110,6,2,JumpScratch,-3
29.8925,29.9462,110,3,2,JumpScratch,-3
29.8925,29.9462,110,5,2,JumpScratch,-3
29.9462,30.0,110,2,2,JumpScratch,-3
29.9462,30.0,110,4,2,JumpScratch,-3
30.0,30.0538,110,1,2,JumpScratch,3
30.0,30.0538,110,3,2,JumpScratch,3
30.0538,30.1075,110,2,2,JumpScratch,3
30.0538,30.1075,110,4,2,JumpScratch,3
30.1075,30.1613,110,3,2,JumpScratch,3
30.1075,30.1613,110,5,2,JumpScratch,3
30.1613,30.9677,110,4,2,JumpScratch,-5
30.1613,30.3226,110,6,2,JumpScratch,-6
30.3226,30.6452,110,2,2,JumpScratch,6
30.3226,-1.0,50,9,3,JumpScratch,-3
30.4839,-1.0,900,2,2,0,0
30.6452,30.9677,110,6,2,JumpScratch,-2
30.6452,-1.0,50,9,3,JumpScratch,3
30.8065,-1.0,900,4,2,0,0
30.8065,-1.0,900,6,2,0,0
30.9677,-1.0,50,9,3,JumpScratch,-3
31.2903,-1.0,10,1,2,0,0
31.4516,-1.0,10,1,2,0,0
31.6129,-1.0,10,1,2,0,0
31.7742,-1.0,50,1,3,JumpScratch,-3
32.0968,-1.0,10,1,2,0,0
32.0968,-1.0,20,3,2,0,0
32.2581,-1.0,10,1,2,0,0
32.2581,-1.0,20,3,2,0,0
32.5806,-1.0,50,1,4,JumpScratch,-4
32.5806,32.9032,110,1,2,JumpScratch,7
32.7419,-1.0,900,1,2,0,0
32.9032,33.2258,110,6,2,JumpScratch,-7
32.9032,-1.0,50,8,4,JumpScratch,4
33.0645,-1.0,900,6,2,0,0
33.2258,-1.0,50,8,4,JumpScratch,-4
33.5484,-1.0,50,1,3,JumpScratch,-3
33.5484,-1.0,50,10,3,JumpScratch,3
33.8710,-1.0,200,11,2,JumpScratch,-2
33.8710,35.0403,110,11,2,JumpScratch,-2
34.0323,-1.0,900,11,2,0,0
34.1935,-1.0,83,9,2,0,0
34.1935,35.0403,110,9,2,JumpScratch,-2
34.1935,-1.0,900,11,2,0,0
34.3548,-1.0,900,9,2,0,0
34.3548,-1.0,900,11,2,0,0
34.5161,-1.0,82,7,2,0,0
34.5161,35.0403,110,7,2,JumpScratch,-3
34.5161,-1.0,900,9,2,0,0
34.5161,-1.0,900,11,2,0,0
34.6774,-1.0,900,7,2,0,0
34.6774,-1.0,900,9,2,0,0
34.6774,-1.0,900,11,2,0,0
34.8387,-1.0,10,1,3,0,0
34.8387,-1.0,20,4,3,0,0
34.8387,-1.0,900,7,2,0,0
34.8387,-1.0,900,9,2,0,0
34.8387,-1.0,900,11,2,0,0
35.0,-1.0,10,1,3,0,0
35.0,35.6452,100,1,3,0,0
35.0,-1.0,81,4,3,0,0
35.0,35.6452,101,4,3,0,0
35.0403,35.0806,110,6,5,JumpScratch,-7
35.0806,35.1210,110,4,5,JumpScratch,-7
35.1210,35.1613,110,2,5,JumpScratch,-6
35.3226,-1.0,900,1,3,0,0
35.3226,-1.0,900,4,3,0,0
35.3226,-1.0,50,10,3,JumpScratch,3
35.4839,-1.0,900,1,3,0,0
35.4839,-1.0,900,4,3,0,0
35.6452,-1.0,83,8,4,0,0
35.6452,35.6989,110,8,4,JumpScratch,-6
35.6989,35.7527,110,6,4,JumpScratch,-5
35.7527,35.8065,110,5,3,JumpScratch,-4
35.8065,35.8602,110,4,3,JumpScratch,-4
35.8602,35.9140,110,3,3,JumpScratch,4
35.9140,35.9677,110,4,3,JumpScratch,4
35.9677,36.0215,110,5,3,JumpScratch,5
36.0215,36.0753,110,6,4,JumpScratch,6
36.0753,36.1290,110,9,3,JumpScratch,4
36.1290,-1.0,50,2,5,JumpScratch,5
36.4516,-1.0,200,11,2,0,0
36.6129,-1.0,200,11,2,0,0
36.7742,-1.0,200,11,2,0,0
36.9355,-1.0,200,11,2,0,0
37.0968,-1.0,20,9,2,0,0
37.2581,-1.0,20,8,2,0,0
37.4194,-1.0,20,7,2,0,0
37.5806,-1.0,20,6,2,0,0
37.7419,-1.0,50,2,6,0,0
37.7419,37.9032,110,4,2,JumpScratch,-4
37.7419,-1.0,200,11,2,0,0
37.9032,-1.0,200,11,2,0,0
38.0645,-1.0,50,7,5,JumpScratch,-5
38.0645,-1.0,10,1,2,0,0
38.0645,38.1452,110,7,2,JumpScratch,5
38.1452,38.2258,110,10,2,JumpScratch,-5
38.2258,-1.0,10,1,2,0,0
38.3871,-1.0,50,2,5,JumpScratch,5
38.3871,38.4677,110,5,2,JumpScratch,-5
38.3871,-1.0,200,11,2,0,0
38.4677,38.5484,110,5,2,JumpScratch,-5
38.5484,-1.0,200,11,2,0,0
38.7097,-1.0,50,9,2,0,0
38.7097,-1.0,10,1,2,0,0
38.7097,38.7903,110,9,1,JumpScratch,-4
38.7097,38.7903,110,10,1,JumpScratch,3
38.7903,38.8710,110,6,2,0,0
38.7903,38.8710,110,9,2,0,0
38.8710,-1.0,10,1,2,0,0
39.0323,-1.0,10,1,4,0,0
39.0323,-1.0,20,5,4,0,0
39.0323,-1.0,200,9,4,0,0
39.3548,-1.0,50,1,3,JumpScratch,-3
39.6774,-1.0,50,1,4,JumpScratch,-4
39.6774,40.0,110,1,2,0,0
39.8387,-1.0,900,1,2,0,0
40.1613,-1.0,10,1,4,0,0
40.1613,-1.0,20,5,4,0,0
40.1613,-1.0,200,9,4,0,0
40.4839,-1.0,50,10,3,JumpScratch,3
40.8065,-1.0,50,9,4,JumpScratch,4
40.8065,41.2903,110,11,2,0,0
40.9677,-1.0,900,11,2,0,0
41.1290,-1.0,900,11,2,0,0
41.2903,-1.0,50,5,6,JumpScratch,6
41.6129,-1.0,200,11,2,0,0
41.7742,-1.0,200,11,2,0,0
41.9355,-1.0,200,11,2,0,0
42.0968,-1.0,200,11,2,0,0
42.2581,-1.0,10,5,2,0,0
42.4194,-1.0,10,4,2,0,0
42.5806,-1.0,10,3,2,0,0
42.7419,-1.0,10,2,2,0,0
42.9032,-1.0,50,2,5,JumpScratch,5
42.9032,42.9839,110,5,2,JumpScratch,-5
42.9032,-1.0,200,11,2,0,0
42.9839,43.0645,110,2,2,JumpScratch,5
43.0645,-1.0,200,11,2,0,0
43.2258,-1.0,50,7,5,0,0
43.2258,-1.0,10,1,2,0,0
43.2258,43.3871,110,7,2,JumpScratch,5
43.2258,43.3065,110,10,2,JumpScratch,-5
43.3871,-1.0,10,1,2,0,0
43.5484,-1.0,50,5,2,0,0
43.5484,43.7097,110,5,2,JumpScratch,-5
43.5484,-1.0,200,11,2,0,0
43.7097,-1.0,200,11,2,0,0
43.8710,-1.0,50,7,5,0,0
43.8710,-1.0,10,1,2,0,0
43.8710,43.9516,110,7,2,JumpScratch,5
43.8710,44.0323,110,10,2,JumpScratch,-3
43.9516,44.0323,110,7,2,JumpScratch,-2
44.0323,-1.0,10,1,2,0,0
44.1935,-1.0,10,1,4,0,0
44.1935,-1.0,20,5,4,0,0
44.1935,-1.0,200,9,4,0,0
44.5161,-1.0,50,10,3,JumpScratch,3
44.8387,-1.0,50,9,4,JumpScratch,4
44.8387,45.1613,110,11,2,0,0
45.0,-1.0,900,11,2,0,0
45.3226,-1.0,10,1,4,0,0
45.3226,-1.0,20,5,4,0,0
45.3226,-1.0,200,9,4,0,0
45.6452,-1.0,50,1,3,JumpScratch,-3
45.9677,-1.0,50,1,4,JumpScratch,-4
45.9677,46.4516,110,1,2,0,0
46.1290,-1.0,900,1,2,0,0
46.2903,-1.0,900,1,2,0,0
46.4516,-1.0,50,3,6,JumpScratch,-6
46.7742,-1.0,82,1,4,0,0
46.7742,46.8548,110,1,4,JumpScratch,6
46.8548,46.9355,110,3,4,JumpScratch,6
46.9355,47.0161,110,5,4,JumpScratch,5
47.0161,47.0968,110,6,4,JumpScratch,5
47.0968,47.1774,110,7,4,JumpScratch,-5
47.1774,47.2581,110,6,4,JumpScratch,-5
47.2581,47.3387,110,5,4,JumpScratch,-6
47.3387,47.4194,110,3,4,JumpScratch,-6
47.7419,-1.0,50,5,4,JumpScratch,4
47.7419,-1.0,50,10,3,JumpScratch,3
48.0645,-1.0,200,11,2,0,0
48.3871,-1.0,10,1,2,0,0
48.7097,-1.0,50,5,4,JumpScratch,4
48.7097,-1.0,50,10,3,JumpScratch,3
48.7097,49.0323,110,11,2,0,0
48.8710,-1.0,900,11,2,0,0
49.3548,-1.0,200,9,4,JumpScratch,-6
49.3548,49.4355,110,9,4,JumpScratch,-6
49.4355,49.5161,110,7,4,JumpScratch,-6
49.5161,49.5968,110,5,4,JumpScratch,-5
49.5968,49.6774,110,4,4,JumpScratch,-5
49.6774,49.7581,110,3,4,JumpScratch,5
49.7581,49.8387,110,4,4,JumpScratch,5
49.8387,49.9194,110,5,4,JumpScratch,6
49.9194,50.0,110,7,4,JumpScratch,6
50.3226,-1.0,50,1,3,JumpScratch,-3
50.3226,-1.0,50,5,4,JumpScratch,-4
50.6452,-1.0,10,1,2,0,0
50.9677,-1.0,200,11,2,0,0
51.2903,-1.0,50,1,3,JumpScratch,-3
51.2903,51.6129,110,1,2,0,0
51.2903,-1.0,50,5,4,JumpScratch,-4
51.4516,-1.0,900,1,2,0,0
51.9355,-1.0,80,11,2,0,0
51.9355,52.5806,100,11,2,0,0
52.0968,-1.0,900,11,2,0,0
52.2581,-1.0,20,3,2,0,0
52.2581,-1.0,900,11,2,0,0
52.4194,-1.0,10,1,2,0,0
52.4194,-1.0,900,11,2,0,0
52.5806,-1.0,81,3,2,0,0
52.5806,53.2258,101,3,2,0,0
52.7419,-1.0,900,3,2,0,0
52.9032,-1.0,900,3,2,0,0
52.9032,-1.0,20,9,2,0,0
53.0645,-1.0,900,3,2,0,0
53.0645,-1.0,200,11,2,0,0
53.2258,-1.0,81,9,2,0,0
53.2258,53.8710,101,9,2,0,0
53.3871,-1.0,900,9,2,0,0
53.5484,-1.0,10,1,2,0,0
53.5484,-1.0,900,9,2,0,0
53.7097,-1.0,20,3,2,0,0
53.7097,-1.0,900,9,2,0,0
53.8710,-1.0,10,1,2,0,0
53.8710,54.5161,100,1,2,0,0
54.0323,-1.0,900,1,2,0,0
54.1935,-1.0,900,1,2,0,0
54.1935,-1.0,50,10,3,JumpScratch,3
54.3548,-1.0,900,1,2,0,0
54.5161,-1.0,81,9,2,0,0
54.5161,55.1613,101,9,2,0,0
54.5161,-1.0,80,11,2,0,0
54.5161,55.1613,100,11,2,0,0
54.6774,-1.0,900,9,2,0,0
54.6774,-1.0,900,11,2,0,0
54.8387,-1.0,50,5,8,JumpScratch,8
55.0,-1.0,900,9,2,0,0
55.0,-1.0,900,11,2,0,0
55.1613,-1.0,10,1,2,0,0
55.1613,55.8065,100,1,2,0,0
55.1613,-1.0,81,3,2,0,0
55.1613,55.8065,101,3,2,0,0
55.3226,-1.0,900,1,2,0,0
55.3226,-1.0,900,3,2,0,0
55.4839,-1.0,50,1,8,JumpScratch,-8
55.6452,-1.0,900,1,2,0,0
55.6452,-1.0,900,3,2,0,0
55.8065,-1.0,50,10,3,JumpScratch,3
56.1290,-1.0,20,6,2,0,0
56.1290,-1.0,50,10,3,JumpScratch,3
56.4516,-1.0,20,6,2,0,0
56.4516,-1.0,50,9,3,JumpScratch,3
56.7742,-1.0,20,6,2,0,0
56.7742,-1.0,50,8,3,JumpScratch,3
57.0968,-1.0,50,4,3,JumpScratch,-3
57.0968,-1.0,50,7,3,JumpScratch,3
58.0645,-1.0,10,1,3,0,0
58.0645,-1.0,20,4,3,0,0
58.0645,-1.0,10,7,3,0,0
58.0645,-1.0,20,10,3,0,0
58.3871,-1.0,50,1,3,JumpScratch,-3
58.3871,-1.0,10,4,2,0,0
58.3871,-1.0,20,6,2,0,0
58.3871,-1.0,200,8,2,0,0
59.3548,-1.0,20,1,3,0,0
59.3548,-1.0,200,4,3,0,0
59.3548,-1.0,20,7,3,0,0
59.3548,-1.0,200,10,3,0,0
59.6774,-1.0,10,4,2,0,0
59.6774,-1.0,20,6,2,0,0
59.6774,-1.0,200,8,2,0,0
59.6774,-1.0,50,10,3,JumpScratch,3
60.0,-1.0,10,1,3,0,0
60.0,-1.0,20,4,3,0,0
60.0,-1.0,10,7,3,0,0
60.0,-1.0,20,10,3,0,0
60.3226,-1.0,50,1,3,JumpScratch,-3
60.3226,-1.0,10,4,2,0,0
60.3226,-1.0,20,6,2,0,0
60.3226,-1.0,200,8,2,0,0
60.6452,-1.0,20,1,3,0,0
60.6452,-1.0,200,4,3,0,0
60.6452,-1.0,20,7,3,0,0
60.6452,-1.0,200,10,3,0,0
60.9677,-1.0,50,10,3,JumpScratch,3
61.2903,-1.0,20,9,2,0,0
61.6129,-1.0,20,3,2,0,0
61.9355,-1.0,20,9,2,0,0
62.2581,-1.0,20,9,2,0,0
62.2581,-1.0,200,11,2,0,0
62.4194,-1.0,20,9,2,0,0
62.4194,-1.0,200,11,2,0,0
62.5806,-1.0,10,1,2,0,0
62.5806,-1.0,20,3,2,0,0
62.7419,-1.0,81,9,2,0,0
62.7419,63.0645,101,9,2,0,0
62.7419,-1.0,80,11,2,0,0
62.7419,63.0645,100,11,2,0,0
62.9032,-1.0,900,9,2,0,0
62.9032,-1.0,900,11,2,0,0
63.0645,-1.0,82,1,2,0,0
63.0645,63.3871,110,1,2,JumpScratch,6
63.0645,-1.0,83,3,2,0,0
63.0645,64.1935,110,3,2,0,0
63.2258,-1.0,900,1,2,0,0
63.2258,-1.0,900,3,2,0,0
63.3871,63.7097,110,5,2,JumpScratch,-6
63.3871,-1.0,50,10,3,JumpScratch,3
63.5484,-1.0,900,3,2,0,0
63.5484,-1.0,900,5,2,0,0
63.7097,64.1935,110,1,2,0,0
63.7097,-1.0,50,7,4,JumpScratch,-4
63.8710,-1.0,900,1,2,0,0
63.8710,-1.0,900,3,2,0,0
63.8710,-1.0,50,8,4,JumpScratch,4
64.0323,-1.0,900,1,2,0,0
64.0323,-1.0,900,3,2,0,0
64.1935,-1.0,20,9,2,0,0
64.1935,-1.0,200,11,2,0,0
64.5161,-1.0,50,1,3,JumpScratch,-3
64.5161,-1.0,50,4,5,JumpScratch,-5
64.8387,-1.0,10,1,2,0,0
64.8387,-1.0,20,3,2,0,0
65.0,-1.0,10,1,2,0,0
65.0,-1.0,20,3,2,0,0
65.1613,-1.0,20,9,2,0,0
65.1613,-1.0,200,11,2,0,0
65.3226,-1.0,10,1,2,0,0
65.3226,65.6452,100,1,2,0,0
65.3226,-1.0,81,3,2,0,0
65.3226,65.6452,101,3,2,0,0
65.4839,-1.0,900,1,2,0,0
65.4839,-1.0,900,3,2,0,0
65.6452,-1.0,83,9,2,0,0
65.6452,66.7742,110,9,2,0,0
65.6452,-1.0,200,11,2,JumpScratch,-6
65.6452,65.9677,110,11,2,JumpScratch,-6
65.8065,-1.0,900,9,2,0,0
65.8065,-1.0,900,11,2,0,0
65.9677,-1.0,50,1,3,JumpScratch,-3
65.9677,66.2903,110,7,2,JumpScratch,6
66.1290,-1.0,900,7,2,0,0
66.1290,-1.0,900,9,2,0,0
66.2903,-1.0,50,3,4,JumpScratch,4
66.2903,66.7742,110,11,2,0,0
66.4516,-1.0,50,2,4,JumpScratch,-4
66.4516,-1.0,900,9,2,0,0
66.4516,-1.0,900,11,2,0,0
66.6129,-1.0,900,9,2,0,0
66.6129,-1.0,900,11,2,0,0
66.7742,-1.0,50,1,3,JumpScratch,-3
67.0968,-1.0,50,1,3,JumpScratch,-3
67.0968,-1.0,50,10,3,JumpScratch,3
67.4194,-1.0,10,1,2,0,0
67.4194,-1.0,20,3,2,0,0
67.4194,-1.0,20,9,2,0,0
67.4194,-1.0,200,11,2,0,0
67.7419,-1.0,10,1,2,0,0
67.7419,-1.0,200,11,2,0,0
67.9032,-1.0,10,1,2,0,0
67.9032,-1.0,200,11,2,0,0
68.2258,-1.0,10,1,2,0,0
68.2258,68.5484,100,1,2,0,0
68.2258,-1.0,200,11,2,JumpScratch,-6
68.2258,68.5887,110,11,2,JumpScratch,-6
68.3871,-1.0,900,1,2,0,0
68.3871,-1.0,900,11,2,0,0
68.5484,-1.0,20,3,2,0,0
68.5484,-1.0,83,9,2,0,0
68.5484,69.0323,110,9,2,0,0
68.5887,69.0323,110,7,2,0,0
68.7097,-1.0,900,9,2,0,0
68.7634,-1.0,900,7,2,0,0
68.8710,-1.0,50,1,3,JumpScratch,-3
68.8710,-1.0,900,9,2,0,0
68.9247,-1.0,900,7,2,0,0
69.0323,-1.0,50,1,3,JumpScratch,-3
69.3548,-1.0,50,5,5,JumpScratch,5
69.3548,-1.0,50,10,3,JumpScratch,3
69.6774,-1.0,50,3,5,JumpScratch,-5
69.6774,-1.0,50,10,3,JumpScratch,3
70.0,-1.0,20,9,2,0,0
70.0,-1.0,200,11,2,0,0
70.1613,-1.0,50,1,3,JumpScratch,-3
70.3226,-1.0,20,9,2,0,0
70.3226,-1.0,200,11,2,0,0
70.4839,-1.0,10,1,2,0,0
70.4839,-1.0,20,3,2,0,0
70.6452,-1.0,50,10,3,JumpScratch,3
70.8065,-1.0,10,1,2,0,0
70.8065,-1.0,20,3,2,0,0
70.9677,-1.0,20,9,2,0,0
70.9677,-1.0,200,11,2,0,0
71.1290,-1.0,50,1,3,JumpScratch,-3
71.2903,-1.0,20,9,2,0,0
71.2903,-1.0,200,11,2,0,0
71.6129,-1.0,50,1,3,JumpScratch,-3
71.6129,-1.0,50,10,3,JumpScratch,3
71.9355,-1.0,50,1,3,JumpScratch,-3
71.9355,-1.0,50,10,3,JumpScratch,3
72.2581,-1.0,50,1,3,JumpScratch,-3
72.2581,-1.0,50,10,3,JumpScratch,3
72.5806,-1.0,10,1,2,0,0
72.5806,-1.0,20,3,2,0,0
72.7419,-1.0,10,1,2,0,0
72.7419,-1.0,20,3,2,0,0
72.9032,-1.0,20,9,2,0,0
72.9032,-1.0,200,11,2,0,0
73.0645,-1.0,10,1,2,0,0
73.0645,73.3871,100,1,2,0,0
73.0645,-1.0,81,3,2,0,0
73.0645,73.3871,101,3,2,0,0
73.2258,-1.0,900,1,2,0,0
73.2258,-1.0,900,3,2,0,0
73.3871,-1.0,83,9,2,0,0
73.3871,74.5161,110,9,2,0,0
73.3871,-1.0,200,11,2,JumpScratch,-6
73.3871,73.7097,110,11,2,JumpScratch,-6
73.5484,-1.0,900,9,2,0,0
73.5484,-1.0,900,11,2,0,0
73.7097,-1.0,50,1,3,JumpScratch,-3
73.7097,74.0323,110,7,2,JumpScratch,6
73.8710,-1.0,900,7,2,0,0
73.8710,-1.0,900,9,2,0,0
74.0323,-1.0,50,3,4,JumpScratch,4
74.0323,74.5161,110,11,2,0,0
74.1935,-1.0,50,2,4,JumpScratch,-4
74.1935,-1.0,900,9,2,0,0
74.1935,-1.0,900,11,2,0,0
74.3548,-1.0,900,9,2,0,0
74.3548,-1.0,900,11,2,0,0
74.5161,-1.0,10,1,2,0,0
74.5161,-1.0,20,3,2,0,0
74.8387,-1.0,50,5,5,JumpScratch,5
74.8387,-1.0,50,10,3,JumpScratch,3
75.1613,-1.0,20,9,2,0,0
75.1613,-1.0,200,11,2,0,0
75.3226,-1.0,20,9,2,0,0
75.3226,-1.0,200,11,2,0,0
75.4839,-1.0,10,1,2,0,0
75.4839,-1.0,20,3,2,0,0
75.6452,-1.0,81,9,2,0,0
75.6452,75.9677,101,9,2,0,0
75.6452,-1.0,80,11,2,0,0
75.6452,75.9677,100,11,2,0,0
75.8065,-1.0,900,9,2,0,0
75.8065,-1.0,900,11,2,0,0
75.9677,-1.0,82,1,2,0,0
75.9677,76.2903,110,1,2,JumpScratch,6
75.9677,-1.0,83,3,2,0,0
75.9677,77.0968,110,3,2,0,0
76.1290,-1.0,900,1,2,0,0
76.1290,-1.0,900,3,2,0,0
76.2903,76.6129,110,5,2,JumpScratch,-6
76.2903,-1.0,50,10,3,JumpScratch,3
76.4516,-1.0,900,3,2,0,0
76.4516,-1.0,900,5,2,0,0
76.6129,77.0968,110,1,2,0,0
76.6129,-1.0,50,7,4,JumpScratch,-4
76.7742,-1.0,900,1,2,0,0
76.7742,-1.0,900,3,2,0,0
76.7742,-1.0,50,8,4,JumpScratch,4
76.9355,-1.0,900,1,2,0,0
76.9355,-1.0,900,3,2,0,0
77.0968,-1.0,50,10,3,JumpScratch,3
77.4194,-1.0,50,1,3,JumpScratch,-3
77.4194,-1.0,50,10,3,JumpScratch,3
77.7419,-1.0,10,7,2,0,0
77.7419,-1.0,20,9,2,0,0
77.7419,-1.0,200,11,2,0,0
77.7419,77.7823,110,7,6,JumpScratch,-7
77.7823,79.6774,110,6,2,JumpScratch,-7
77.9570,-1.0,900,6,2,0,0
78.0645,-1.0,10,1,2,0,0
78.0645,-1.0,20,3,2,0,0
78.0645,-1.0,200,5,2,0,0
78.1183,-1.0,900,6,2,0,0
78.2258,-1.0,10,1,2,0,0
78.2258,-1.0,20,3,2,0,0
78.2258,-1.0,200,5,2,0,0
78.2258,78.2661,110,1,6,JumpScratch,7
78.4409,-1.0,900,6,2,0,0
78.5484,-1.0,10,7,2,0,0
78.5484,-1.0,20,9,2,0,0
78.5484,-1.0,200,11,2,0,0
78.5484,78.5887,110,7,6,JumpScratch,-7
78.7634,-1.0,900,6,2,0,0
78.8710,-1.0,10,1,2,0,0
78.8710,-1.0,20,3,2,0,0
78.8710,-1.0,200,5,2,0,0
78.8710,78.9113,110,1,6,JumpScratch,7
79.0860,-1.0,900,6,2,0,0
79.1935,-1.0,50,10,3,JumpScratch,3
79.2473,-1.0,900,6,2,0,0
79.3548,-1.0,50,10,3,JumpScratch,3
79.4086,-1.0,900,6,2,0,0
79.5699,-1.0,900,6,2,0,0
79.6774,-1.0,82,10,3,0,0
79.6774,79.7177,110,10,3,JumpScratch,-5
79.7177,79.7581,110,8,3,JumpScratch,-5
79.7581,79.7984,110,6,3,JumpScratch,-4
79.7984,79.8387,110,5,2,JumpScratch,-3
79.8387,79.8790,110,4,2,JumpScratch,3
79.8790,79.9194,110,5,2,JumpScratch,4
79.9194,79.9597,110,6,3,JumpScratch,5
79.9597,80.0,110,8,3,JumpScratch,5
80.3226,-1.0,50,1,3,JumpScratch,-3
80.3226,-1.0,50,10,3,JumpScratch,3
80.6452,-1.0,10,1,2,0,0
80.6452,-1.0,200,11,2,0,0
80.8065,-1.0,10,1,2,0,0
80.8065,-1.0,200,11,2,0,0
80.9677,-1.0,10,1,2,0,0
80.9677,-1.0,20,3,2,0,0
80.9677,-1.0,20,9,2,0,0
80.9677,-1.0,200,11,2,0,0
81.1290,-1.0,10,1,2,0,0
81.1290,-1.0,20,3,2,0,0
81.1290,-1.0,20,9,2,0,0
81.1290,-1.0,200,11,2,0,0
81.2903,-1.0,10,1,3,0,0
81.2903,-1.0,20,4,3,0,0
81.2903,-1.0,20,7,3,0,0
81.2903,-1.0,200,10,3,0,0
81.4516,-1.0,10,1,3,0,0
81.4516,-1.0,20,4,3,0,0
81.4516,-1.0,20,7,3,0,0
81.4516,-1.0,200,10,3,0,0
81.6129,-1.0,50,1,8,JumpScratch,-8
81.9355,-1.0,82,7,2,0,0
81.9355,82.0161,110,7,2,JumpScratch,-3
81.9355,-1.0,82,9,2,0,0
81.9355,82.0161,110,9,2,JumpScratch,3
82.0161,82.0565,110,6,2,JumpScratch,-3
82.0161,82.0565,110,10,2,JumpScratch,3
82.2581,-1.0,82,7,2,0,0
82.2581,82.3387,110,7,2,JumpScratch,-3
82.2581,-1.0,82,9,2,0,0
82.2581,82.3387,110,9,2,JumpScratch,3
82.3387,82.3790,110,6,2,JumpScratch,-3
82.3387,82.3790,110,10,2,JumpScratch,3
82.5806,-1.0,82,7,2,0,0
82.5806,82.6613,110,7,2,JumpScratch,-3
82.5806,-1.0,82,9,2,0,0
82.5806,82.6613,110,9,2,JumpScratch,3
82.6613,82.7016,110,6,2,JumpScratch,-3
82.6613,82.7016,110,10,2,JumpScratch,3
82.9032,-1.0,10,1,2,0,0
83.2258,-1.0,10,1,2,0,0
83.5484,-1.0,10,1,2,0,0
83.8710,-1.0,10,1,2,0,0
84.1935,-1.0,10,1,2,0,0
84.5161,-1.0,10,1,2,0,0
84.8387,-1.0,10,1,2,0,0
85.1613,-1.0,10,1,2,0,0
85.4839,-1.0,10,1,2,0,0
85.8065,-1.0,10,1,2,0,0
86.1290,-1.0,10,1,2,0,0
86.4516,-1.0,10,1,2,0,0
86.7742,-1.0,10,1,2,0,0
87.0968,-1.0,10,1,2,0,0
87.4194,-1.0,10,1,2,0,0
87.7419,-1.0,10,1,2,0,0
88.0645,-1.0,10,7,2,0,0
88.3871,-1.0,10,7,2,0,0
88.7097,-1.0,10,7,2,0,0
89.0323,-1.0,10,7,2,0,0
89.3548,-1.0,10,7,2,0,0
89.6774,-1.0,10,7,2,0,0
90.0,-1.0,10,7,2,0,0
90.3226,-1.0,10,7,2,0,0
90.6452,-1.0,10,7,2,0,0
90.9677,-1.0,10,7,2,0,0
91.2903,-1.0,10,7,2,0,0
91.6129,-1.0,10,7,2,0,0
91.9355,-1.0,10,7,2,0,0
92.2581,-1.0,10,7,2,0,0
92.5806,-1.0,10,7,2,0,0
92.7419,-1.0,10,7,2,0,0
92.9032,-1.0,10,7,2,0,0
93.2258,-1.0,10,6,2,0,0
93.5484,-1.0,10,6,2,0,0
93.8710,-1.0,10,6,2,0,0
93.8710,94.1935,100,6,2,0,0
93.9516,-1.0,30,6,2,0,0
94.0323,-1.0,900,6,2,0,0
94.0323,-1.0,30,6,2,0,0
94.1129,-1.0,30,6,2,0,0
94.5161,-1.0,50,1,3,JumpScratch,-3
94.5161,-1.0,10,6,2,0,0
94.8387,-1.0,50,1,3,JumpScratch,-3
94.8387,-1.0,10,6,2,0,0
95.1613,-1.0,50,1,3,JumpScratch,-3
95.1613,95.4839,110,1,3,0,0
95.1613,-1.0,10,6,2,0,0
95.1613,95.4839,100,6,2,0,0
95.3226,-1.0,900,1,3,0,0
95.3226,-1.0,900,6,2,0,0
95.8065,-1.0,10,6,2,0,0
95.9677,-1.0,10,6,2,0,0
96.1290,-1.0,10,8,2,0,0
96.2903,-1.0,10,8,2,0,0
96.4516,-1.0,10,10,3,0,0
96.6129,-1.0,10,8,2,0,0
96.7742,-1.0,10,6,2,0,0
97.0968,-1.0,50,1,3,JumpScratch,-3
97.0968,-1.0,10,6,2,0,0
97.4194,-1.0,50,1,3,JumpScratch,-3
97.4194,-1.0,10,6,2,0,0
97.7419,-1.0,50,1,3,JumpScratch,-3
97.7419,98.0645,110,1,3,0,0
97.7419,-1.0,80,6,2,0,0
97.7419,98.0645,100,6,2,0,0
97.9032,-1.0,900,1,3,0,0
97.9032,-1.0,900,6,2,0,0
98.3871,-1.0,20,8,2,0,0
98.7097,-1.0,20,8,2,0,0
99.0323,-1.0,81,8,2,0,0
99.0323,99.3548,101,8,2,0,0
99.1129,-1.0,30,8,2,0,0
99.1935,-1.0,900,8,2,0,0
99.1935,-1.0,30,8,2,0,0
99.2742,-1.0,30,8,2,0,0
99.6774,-1.0,50,1,3,JumpScratch,-3
99.6774,-1.0,20,8,2,0,0
100.0,-1.0,50,1,3,JumpScratch,-3
100.0,-1.0,20,8,2,0,0
100.3226,-1.0,50,1,3,JumpScratch,-3
100.3226,100.6452,110,1,3,0,0
100.3226,-1.0,81,8,2,0,0
100.3226,100.6452,101,8,2,0,0
100.4839,-1.0,900,1,3,0,0
100.4839,-1.0,900,8,2,0,0
100.9677,-1.0,20,8,2,0,0
101.1290,-1.0,20,8,2,0,0
101.2903,-1.0,20,6,2,0,0
101.4516,-1.0,20,6,2,0,0
101.6129,-1.0,20,10,3,0,0
101.7742,-1.0,20,10,3,0,0
101.9355,-1.0,20,8,2,0,0
102.2581,-1.0,50,1,3,JumpScratch,-3
102.2581,-1.0,20,8,2,0,0
102.5806,-1.0,50,1,3,JumpScratch,-3
102.5806,-1.0,20,8,2,0,0
102.9032,-1.0,50,1,3,JumpScratch,-3
102.9032,103.2258,110,1,3,0,0
102.9032,-1.0,81,8,2,0,0
102.9032,103.2258,101,8,2,0,0
103.0645,-1.0,900,1,3,0,0
103.0645,-1.0,900,8,2,0,0
103.5484,-1.0,200,10,3,0,0
103.8710,-1.0,200,10,3,0,0
104.1935,-1.0,80,10,3,0,0
104.1935,104.5161,100,10,3,0,0
104.2742,-1.0,30,10,3,0,0
104.3548,-1.0,900,10,3,0,0
104.3548,-1.0,30,10,3,0,0
104.4355,-1.0,30,10,3,0,0
104.8387,-1.0,50,1,3,JumpScratch,-3
104.8387,-1.0,200,10,3,0,0
105.1613,-1.0,50,1,3,JumpScratch,-3
105.1613,-1.0,200,10,3,0,0
105.4839,-1.0,50,1,3,JumpScratch,-3
105.4839,105.8065,110,1,3,0,0
105.4839,-1.0,80,10,3,0,0
105.4839,105.8065,100,10,3,0,0
105.6452,-1.0,900,1,3,0,0
105.6452,-1.0,900,10,3,0,0
106.1290,-1.0,200,10,3,0,0
106.2903,-1.0,200,10,3,0,0
106.4516,-1.0,200,8,2,0,0
106.6129,-1.0,200,6,2,0,0
106.7742,-1.0,200,6,2,0,0
106.9355,-1.0,200,8,2,0,0
107.0968,-1.0,200,10,3,0,0
107.4194,-1.0,50,1,3,JumpScratch,-3
107.4194,-1.0,20,10,3,0,0
107.7419,-1.0,50,1,3,JumpScratch,-3
107.7419,-1.0,20,10,3,0,0
108.0645,-1.0,50,1,3,JumpScratch,-3
108.0645,108.3871,110,1,3,0,0
108.0645,-1.0,80,10,3,0,0
108.0645,108.3871,100,10,3,0,0
108.2258,-1.0,900,1,3,0,0
108.2258,-1.0,900,10,3,0,0
108.7097,-1.0,10,7,2,0,0
108.7097,-1.0,20,9,2,0,0
108.7097,-1.0,200,11,2,0,0
108.8710,-1.0,10,7,2,0,0
108.8710,-1.0,20,9,2,0,0
108.8710,-1.0,200,11,2,0,0
109.0323,-1.0,10,7,2,0,0
109.0323,-1.0,20,9,2,0,0
109.0323,-1.0,200,11,2,0,0
109.3548,-1.0,50,1,4,JumpScratch,-4
109.3548,-1.0,50,9,4,JumpScratch,4
109.5161,-1.0,50,1,4,JumpScratch,-4
109.5161,-1.0,50,9,4,JumpScratch,4
109.6774,-1.0,50,1,4,JumpScratch,-4
109.6774,-1.0,50,9,4,JumpScratch,4
110.0,-1.0,10,1,3,0,0
110.0,-1.0,20,4,3,0,0
110.0,-1.0,10,7,3,0,0
110.0,-1.0,20,10,3,0,0
110.1613,-1.0,20,1,3,0,0
110.1613,-1.0,200,4,3,0,0
110.1613,-1.0,20,7,3,0,0
110.1613,-1.0,200,10,3,0,0
110.3226,-1.0,10,1,3,0,0
110.3226,-1.0,20,4,3,0,0
110.3226,-1.0,10,7,3,0,0
110.3226,-1.0,20,10,3,0,0
110.6452,-1.0,50,1,4,JumpScratch,-4
110.6452,-1.0,50,9,4,JumpScratch,4
110.8065,-1.0,50,1,4,JumpScratch,-4
110.8065,-1.0,50,9,4,JumpScratch,4
110.9677,-1.0,50,1,4,JumpScratch,-4
110.9677,-1.0,50,9,4,JumpScratch,4
111.2903,-1.0,20,9,2,0,0
111.2903,-1.0,200,11,2,0,0
111.4516,-1.0,81,9,2,0,0
111.4516,111.6129,101,9,2,0,0
111.4516,-1.0,80,11,2,0,0
111.4516,111.6129,100,11,2,0,0
111.6129,-1.0,10,1,2,0,0
111.6129,-1.0,20,3,2,0,0
111.7742,-1.0,10,1,2,0,0
111.7742,111.9355,100,1,2,0,0
111.7742,-1.0,81,3,2,0,0
111.7742,111.9355,101,3,2,0,0
111.9355,-1.0,10,7,2,0,0
111.9355,-1.0,20,9,2,0,0
112.0968,-1.0,10,7,2,0,0
112.0968,112.2581,100,7,2,0,0
112.0968,-1.0,81,9,2,0,0
112.0968,112.2581,101,9,2,0,0
112.2581,-1.0,20,3,2,0,0
112.2581,-1.0,200,5,2,0,0
112.4194,-1.0,81,3,2,0,0
112.4194,112.5806,101,3,2,0,0
112.4194,-1.0,80,5,2,0,0
112.4194,112.5806,100,5,2,0,0
112.5806,-1.0,50,9,4,JumpScratch,4
112.9032,-1.0,50,1,4,JumpScratch,-4
112.9032,-1.0,50,9,4,JumpScratch,4
113.2258,-1.0,50,1,5,JumpScratch,-5
113.2258,-1.0,50,8,5,JumpScratch,5
113.2258,113.5484,110,1,3,0,0
113.2258,113.5484,110,10,3,0,0
113.3065,-1.0,31,1,3,0,0
113.3065,-1.0,31,10,3,0,0
113.3871,-1.0,900,1,3,0,0
113.3871,-1.0,31,1,3,0,0
113.3871,-1.0,900,10,3,0,0
113.3871,-1.0,31,10,3,0,0
113.4677,-1.0,31,1,3,0,0
113.4677,-1.0,31,10,3,0,0
113.8710,-1.0,20,9,2,0,0
113.8710,-1.0,200,11,2,0,0
114.0323,-1.0,20,9,2,0,0
114.0323,-1.0,200,11,2,0,0
114.1935,-1.0,10,1,2,0,0
114.1935,-1.0,20,3,2,0,0
114.3548,-1.0,10,7,2,0,0
114.3548,114.6774,100,7,2,0,0
114.3548,-1.0,81,9,2,0,0
114.3548,114.6774,101,9,2,0,0
114.3548,-1.0,80,11,2,0,0
114.3548,114.6774,100,11,2,0,0
114.5161,-1.0,900,7,2,0,0
114.5161,-1.0,900,9,2,0,0
114.5161,-1.0,900,11,2,0,0
114.6774,-1.0,82,1,2,0,0
114.6774,115.0,110,1,2,JumpScratch,6
114.6774,-1.0,83,3,2,0,0
114.6774,115.8065,110,3,2,0,0
114.8387,-1.0,900,1,2,0,0
114.8387,-1.0,900,3,2,0,0
115.0,115.3226,110,5,2,JumpScratch,-6
115.0,-1.0,50,10,3,JumpScratch,3
115.1613,-1.0,900,3,2,0,0
115.1613,-1.0,900,5,2,0,0
115.3226,115.8065,110,1,2,0,0
115.3226,-1.0,50,7,4,JumpScratch,-4
115.4839,-1.0,900,1,2,0,0
115.4839,-1.0,900,3,2,0,0
115.4839,-1.0,50,8,4,JumpScratch,4
115.6452,-1.0,900,1,2,0,0
115.6452,-1.0,900,3,2,0,0
115.8065,-1.0,10,7,2,0,0
115.8065,-1.0,20,9,2,0,0
115.8065,-1.0,200,11,2,0,0
116.1290,-1.0,50,1,3,JumpScratch,-3
116.1290,-1.0,50,4,5,JumpScratch,-5
116.4516,-1.0,10,1,2,0,0
116.4516,-1.0,20,3,2,0,0
116.6129,-1.0,10,1,2,0,0
116.6129,-1.0,20,3,2,0,0
116.7742,-1.0,20,9,2,0,0
116.7742,-1.0,200,11,2,0,0
116.9355,-1.0,10,1,2,0,0
116.9355,117.2581,100,1,2,0,0
116.9355,-1.0,81,3,2,0,0
116.9355,117.2581,101,3,2,0,0
116.9355,-1.0,80,5,2,0,0
116.9355,117.2581,100,5,2,0,0
117.0968,-1.0,900,1,2,0,0
117.0968,-1.0,900,3,2,0,0
117.0968,-1.0,900,5,2,0,0
117.2581,-1.0,83,9,2,0,0
117.2581,118.3871,110,9,2,0,0
117.2581,-1.0,200,11,2,JumpScratch,-6
117.2581,117.5806,110,11,2,JumpScratch,-6
117.4194,-1.0,900,9,2,0,0
117.4194,-1.0,900,11,2,0,0
117.5806,-1.0,50,1,3,JumpScratch,-3
117.5806,117.9032,110,7,2,JumpScratch,6
117.7419,-1.0,900,7,2,0,0
117.7419,-1.0,900,9,2,0,0
117.9032,-1.0,50,3,4,JumpScratch,4
117.9032,118.3871,110,11,2,0,0
118.0645,-1.0,50,2,4,JumpScratch,-4
118.0645,-1.0,900,9,2,0,0
118.0645,-1.0,900,11,2,0,0
118.2258,-1.0,900,9,2,0,0
118.2258,-1.0,900,11,2,0,0
118.3871,-1.0,50,1,3,JumpScratch,-3
118.7097,-1.0,50,1,3,JumpScratch,-3
118.7097,-1.0,50,10,3,JumpScratch,3
119.0323,-1.0,10,1,2,0,0
119.0323,-1.0,20,3,2,0,0
119.0323,-1.0,20,9,2,0,0
119.0323,-1.0,200,11,2,0,0
119.3548,-1.0,10,1,2,0,0
119.3548,-1.0,200,11,2,0,0
119.5161,-1.0,10,1,2,0,0
119.5161,120.1613,100,1,2,0,0
119.5161,-1.0,200,11,2,0,0
119.6774,-1.0,900,1,2,0,0
119.8387,-1.0,900,1,2,0,0
119.8387,-1.0,81,3,2,0,0
119.8387,120.1613,101,3,2,0,0
119.8387,-1.0,200,11,2,JumpScratch,-6
119.8387,120.2016,110,11,2,JumpScratch,-6
120.0,-1.0,900,1,2,0,0
120.0,-1.0,900,3,2,0,0
120.0,-1.0,900,11,2,0,0
120.1613,-1.0,82,7,2,0,0
120.1613,120.6452,110,7,2,0,0
120.1613,-1.0,83,9,2,0,0
120.1613,120.6452,110,9,2,0,0
120.3226,-1.0,900,7,2,0,0
120.3226,-1.0,900,9,2,0,0
120.4839,-1.0,50,1,3,JumpScratch,-3
120.4839,-1.0,900,7,2,0,0
120.4839,-1.0,900,9,2,0,0
120.6452,-1.0,50,1,3,JumpScratch,-3
120.9677,-1.0,50,5,4,JumpScratch,4
120.9677,-1.0,50,10,3,JumpScratch,3
121.2903,-1.0,50,3,5,JumpScratch,-5
121.2903,-1.0,50,10,3,JumpScratch,3
121.6129,-1.0,20,9,2,0,0
121.6129,-1.0,200,11,2,0,0
121.7742,-1.0,50,1,3,JumpScratch,-3
121.9355,-1.0,20,9,2,0,0
121.9355,-1.0,200,11,2,0,0
122.0968,-1.0,10,1,2,0,0
122.0968,-1.0,20,3,2,0,0
122.2581,-1.0,50,10,3,JumpScratch,3
122.4194,-1.0,10,1,2,0,0
122.4194,-1.0,20,3,2,0,0
122.5806,-1.0,20,9,2,0,0
122.5806,-1.0,200,11,2,0,0
122.7419,-1.0,50,1,3,JumpScratch,-3
122.9032,-1.0,20,9,2,0,0
122.9032,-1.0,200,11,2,0,0
123.2258,-1.0,50,1,3,JumpScratch,-3
123.2258,-1.0,50,10,3,JumpScratch,3
123.5484,-1.0,50,1,3,JumpScratch,-3
123.5484,-1.0,50,10,3,JumpScratch,3
123.8710,-1.0,50,1,3,JumpScratch,-3
123.8710,-1.0,50,10,3,JumpScratch,3
124.1935,-1.0,10,1,2,0,0
124.1935,-1.0,20,3,2,0,0
124.3548,-1.0,10,1,2,0,0
124.3548,-1.0,20,3,2,0,0
124.5161,-1.0,20,9,2,0,0
124.5161,-1.0,200,11,2,0,0
124.6774,-1.0,10,1,2,0,0
124.6774,125.0,100,1,2,0,0
124.6774,-1.0,81,3,2,0,0
124.6774,125.0,101,3,2,0,0
124.6774,-1.0,80,5,2,0,0
124.6774,125.0,100,5,2,0,0
124.8387,-1.0,900,1,2,0,0
124.8387,-1.0,900,3,2,0,0
124.8387,-1.0,900,5,2,0,0
125.0,-1.0,83,9,2,0,0
125.0,126.1290,110,9,2,0,0
125.0,-1.0,200,11,2,JumpScratch,-6
125.0,125.3226,110,11,2,JumpScratch,-6
125.1613,-1.0,900,9,2,0,0
125.1613,-1.0,900,11,2,0,0
125.3226,-1.0,50,1,3,JumpScratch,-3
125.3226,125.6452,110,7,2,JumpScratch,6
125.4839,-1.0,900,7,2,0,0
125.4839,-1.0,900,9,2,0,0
125.6452,-1.0,50,3,4,JumpScratch,4
125.6452,126.1290,110,11,2,0,0
125.8065,-1.0,50,2,4,JumpScratch,-4
125.8065,-1.0,900,9,2,0,0
125.8065,-1.0,900,11,2,0,0
125.9677,-1.0,900,9,2,0,0
125.9677,-1.0,900,11,2,0,0
126.1290,-1.0,10,1,2,0,0
126.1290,-1.0,20,3,2,0,0
126.1290,-1.0,200,5,2,0,0
126.4516,-1.0,50,5,5,JumpScratch,5
126.4516,-1.0,50,10,3,JumpScratch,3
126.7742,-1.0,20,9,2,0,0
126.7742,-1.0,200,11,2,0,0
126.9355,-1.0,20,9,2,0,0
126.9355,-1.0,200,11,2,0,0
127.0968,-1.0,10,1,2,0,0
127.0968,-1.0,20,3,2,0,0
127.2581,-1.0,10,7,2,0,0
127.2581,127.5806,100,7,2,0,0
127.2581,-1.0,81,9,2,0,0
127.2581,127.5806,101,9,2,0,0
127.2581,-1.0,80,11,2,0,0
127.2581,127.5806,100,11,2,0,0
127.4194,-1.0,900,7,2,0,0
127.4194,-1.0,900,9,2,0,0
127.4194,-1.0,900,11,2,0,0
127.5806,-1.0,82,1,2,0,0
127.5806,127.9032,110,1,2,JumpScratch,6
127.5806,-1.0,83,3,2,0,0
127.5806,128.7097,110,3,2,0,0
127.7419,-1.0,900,1,2,0,0
127.7419,-1.0,900,3,2,0,0
127.9032,128.2258,110,5,2,JumpScratch,-6
127.9032,-1.0,50,10,3,JumpScratch,3
128.0645,-1.0,900,3,2,0,0
128.0645,-1.0,900,5,2,0,0
128.2258,128.7097,110,1,2,0,0
128.2258,-1.0,50,7,4,JumpScratch,-4
128.3871,-1.0,900,1,2,0,0
128.3871,-1.0,900,3,2,0,0
128.3871,-1.0,50,8,4,JumpScratch,4
128.5484,-1.0,900,1,2,0,0
128.5484,-1.0,900,3,2,0,0
128.7097,-1.0,50,10,3,JumpScratch,3
129.0323,-1.0,50,1,3,JumpScratch,-3
129.0323,-1.0,50,10,3,JumpScratch,3
129.3548,-1.0,10,7,2,0,0
129.3548,-1.0,20,9,2,0,0
129.3548,-1.0,200,11,2,0,0
129.3548,129.3952,110,7,6,JumpScratch,-7
129.3952,131.2903,110,6,2,JumpScratch,-7
129.5699,-1.0,900,6,2,0,0
129.6774,-1.0,10,1,2,0,0
129.6774,-1.0,20,3,2,0,0
129.6774,-1.0,200,5,2,0,0
129.7312,-1.0,900,6,2,0,0
129.8387,-1.0,10,1,2,0,0
129.8387,-1.0,20,3,2,0,0
129.8387,-1.0,200,5,2,0,0
129.8387,129.8790,110,1,6,JumpScratch,7
130.0403,-1.0,900,6,2,0,0
130.1613,-1.0,10,7,2,0,0
130.1613,-1.0,20,9,2,0,0
130.1613,-1.0,200,11,2,0,0
130.1613,130.2016,110,7,6,JumpScratch,-7
130.3763,-1.0,900,6,2,0,0
130.4839,-1.0,10,1,2,0,0
130.4839,-1.0,20,3,2,0,0
130.4839,-1.0,200,5,2,0,0
130.4839,130.5242,110,1,6,JumpScratch,7
130.6989,-1.0,900,6,2,0,0
130.8065,-1.0,50,10,3,JumpScratch,3
130.8602,-1.0,900,6,2,0,0
130.9677,-1.0,50,10,3,JumpScratch,3
131.0215,-1.0,900,6,2,0,0
131.1828,-1.0,900,6,2,0,0
131.2903,-1.0,82,10,3,0,0
131.2903,131.3306,110,10,3,JumpScratch,-5
131.3306,131.3710,110,8,3,JumpScratch,-5
131.3710,131.4113,110,6,3,JumpScratch,-4
131.4113,131.4516,110,5,2,JumpScratch,-3
131.4516,131.4919,110,4,2,JumpScratch,3
131.4919,131.5323,110,5,2,JumpScratch,4
131.5323,131.5726,110,6,3,JumpScratch,5
131.5726,131.6129,110,8,3,JumpScratch,5
131.9355,-1.0,50,1,3,JumpScratch,-3
131.9355,-1.0,50,10,3,JumpScratch,3
132.2581,-1.0,10,1,2,0,0
132.2581,-1.0,20,3,2,0,0
132.2581,-1.0,20,9,2,0,0
132.2581,-1.0,200,11,2,0,0
132.4194,-1.0,10,1,2,0,0
132.4194,-1.0,20,3,2,0,0
132.4194,-1.0,20,9,2,0,0
132.4194,-1.0,200,11,2,0,0
132.5806,-1.0,10,1,3,0,0
132.5806,-1.0,20,4,3,0,0
132.5806,-1.0,20,7,3,0,0
132.5806,-1.0,200,10,3,0,0
132.7419,-1.0,10,1,3,0,0
132.7419,-1.0,20,4,3,0,0
132.7419,-1.0,20,7,3,0,0
132.7419,-1.0,200,10,3,0,0
132.9032,-1.0,20,9,2,0,0
132.9839,-1.0,20,3,2,0,0
133.0645,-1.0,20,9,2,0,0
133.1452,-1.0,20,3,2,0,0
133.2258,-1.0,50,1,8,JumpScratch,-8
133.5484,-1.0,83,5,2,0,0
133.5484,133.6290,110,5,2,JumpScratch,-3
133.5484,-1.0,83,7,2,0,0
133.5484,133.6290,110,7,2,JumpScratch,3
133.6290,133.6694,110,4,2,JumpScratch,-4
133.6290,133.6694,110,8,2,JumpScratch,4
133.8710,-1.0,83,5,2,0,0
133.8710,133.9516,110,5,2,JumpScratch,-3
133.8710,-1.0,83,7,2,0,0
133.8710,133.9516,110,7,2,JumpScratch,3
133.9516,133.9919,110,4,2,JumpScratch,-4
133.9516,133.9919,110,8,2,JumpScratch,4
134.1935,-1.0,83,5,2,0,0
134.1935,134.2742,110,5,2,JumpScratch,-3
134.1935,-1.0,83,7,2,0,0
134.1935,134.2742,110,7,2,JumpScratch,3
134.2742,134.3145,110,4,2,JumpScratch,-4
134.2742,134.3145,110,8,2,JumpScratch,4
134.5161,-1.0,10,1,2,0,0
134.6774,-1.0,10,1,2,0,0
134.8387,-1.0,20,3,2,0,0
135.0,-1.0,20,3,2,0,0
135.3226,-1.0,200,5,2,0,0
135.6452,-1.0,10,1,2,0,0
135.9677,-1.0,200,5,2,0,0
136.1290,-1.0,200,5,2,0,0
136.4516,-1.0,10,1,2,0,0
136.7742,-1.0,20,3,2,0,0
137.0968,-1.0,10,1,2,0,0
137.2581,-1.0,10,1,2,0,0
137.4194,-1.0,20,3,2,0,0
137.5806,-1.0,20,3,2,0,0
137.9032,-1.0,20,3,2,0,0
137.9032,-1.0,200,5,2,0,0
138.2258,-1.0,10,1,2,0,0
138.2258,-1.0,20,3,2,0,0
138.5484,-1.0,20,3,2,0,0
138.7097,-1.0,50,1,3,JumpScratch,-3
138.7097,-1.0,50,10,3,JumpScratch,3
139.0323,-1.0,50,1,3,JumpScratch,-3
139.0323,-1.0,50,10,3,JumpScratch,3
139.3548,-1.0,50,1,3,JumpScratch,-3
139.3548,-1.0,50,10,3,JumpScratch,3
139.6774,-1.0,20,9,2,0,0
139.8387,-1.0,20,9,2,0,0
140.0,-1.0,200,11,2,0,0
140.1613,-1.0,200,11,2,0,0
140.4839,-1.0,10,7,2,0,0
140.8065,-1.0,200,11,2,0,0
141.1290,-1.0,10,7,2,0,0
141.2903,-1.0,10,7,2,0,0
141.6129,-1.0,20,9,2,0,0
141.6129,-1.0,200,11,2,0,0
141.9355,-1.0,10,7,2,0,0
141.9355,-1.0,20,9,2,0,0
142.2581,-1.0,83,1,2,0,0
142.2581,142.3387,110,1,2,JumpScratch,3
142.2581,-1.0,83,4,2,0,0
142.2581,142.3387,110,4,2,JumpScratch,3
142.3387,142.4194,110,2,2,JumpScratch,3
142.3387,142.4194,110,5,2,JumpScratch,3
142.4194,142.5000,110,3,2,JumpScratch,3
142.4194,142.5000,110,6,2,JumpScratch,3
142.5000,142.5806,110,4,2,JumpScratch,3
142.5000,142.5806,110,7,2,JumpScratch,3
142.7419,-1.0,83,8,2,0,0
142.7419,142.8226,110,8,2,JumpScratch,-3
142.7419,-1.0,83,11,2,0,0
142.7419,142.8226,110,11,2,JumpScratch,-3
142.8226,142.9032,110,7,2,JumpScratch,-3
142.8226,142.9032,110,10,2,JumpScratch,-3
142.9032,142.9839,110,6,2,JumpScratch,-3
142.9032,142.9839,110,9,2,JumpScratch,-3
142.9839,143.0645,110,5,2,JumpScratch,-3
142.9839,143.0645,110,8,2,JumpScratch,-3
143.2258,-1.0,83,1,2,0,0
143.2258,143.3065,110,1,2,JumpScratch,3
143.2258,-1.0,83,4,2,0,0
143.2258,143.3065,110,4,2,JumpScratch,3
143.3065,143.3871,110,2,2,JumpScratch,3
143.3065,143.3871,110,5,2,JumpScratch,3
143.3871,143.4677,110,3,2,JumpScratch,3
143.3871,143.4677,110,6,2,JumpScratch,3
143.4677,143.5484,110,4,2,JumpScratch,3
143.4677,143.5484,110,7,2,JumpScratch,3
143.7097,-1.0,83,8,2,0,0
143.7097,143.7903,110,8,2,JumpScratch,-3
143.7097,-1.0,83,11,2,0,0
143.7097,143.7903,110,11,2,JumpScratch,-3
143.7903,143.8710,110,7,2,JumpScratch,-3
143.7903,143.8710,110,10,2,JumpScratch,-3
143.8710,143.9516,110,6,2,JumpScratch,-3
143.8710,143.9516,110,9,2,JumpScratch,-3
143.9516,144.0323,110,5,2,JumpScratch,-3
143.9516,144.0323,110,8,2,JumpScratch,-3
144.1935,-1.0,50,5,5,JumpScratch,5
144.1935,-1.0,50,10,3,JumpScratch,3
144.5161,-1.0,50,1,3,JumpScratch,-3
144.5161,-1.0,50,10,3,JumpScratch,3
144.8387,-1.0,10,1,4,0,0
144.8387,145.4839,100,1,4,0,0
144.8387,-1.0,81,5,4,0,0
144.8387,145.4032,101,5,4,0,0
144.8387,-1.0,80,9,4,0,0
144.8387,145.3226,100,9,4,0,0
145.0,-1.0,900,1,4,0,0
145.0,-1.0,900,5,4,0,0
145.0,-1.0,900,9,4,0,0
145.1613,-1.0,900,1,4,0,0
145.1613,-1.0,900,5,4,0,0
145.1613,-1.0,900,9,4,0,0
145.3226,-1.0,900,1,4,0,0
145.3226,-1.0,900,5,4,0,0