0.0,-1.0,10,8,2,0,0
2.8605,2.8605,0,0,0,11,2010
0.0388,-1.0,82,11,2,0,0
0.0388,0.4651,110,11,2,JumpScratch,-5
31.6279,41.1628,0,0,0,15,2010
0.1550,-1.0,900,11,2,0,0
43.4884,48.3721,0,0,0,14,2010
0.2326,-1.0,10,5,2,0,0
50.3023,50.3023,0,0,0,11,2010
0.2713,-1.0,900,11,2,0,0
68.8372,83.4884,0,0,0,15,2010
0.3876,-1.0,900,11,2,0,0
128.3721,137.9070,0,0,0,15,2010
0.4651,-1.0,50,1,3,JumpScratch,-3
140.2326,145.1163,0,0,0,14,2010
0.4651,0.9302,110,8,2,JumpScratch,5
164.2558,164.2558,0,0,0,11,2010
0.5814,-1.0,900,8,2,0,0
182.3256,196.9767,0,0,0,15,2010
0.6977,-1.0,10,1,2,0,0
201.6977,201.6977,0,0,0,35,10010
0.6977,-1.0,900,8,2,0,0
0.8140,-1.0,900,8,2,0,0
0.9302,-1.0,50,1,5,JumpScratch,5
1.3178,-1.0,10,4,3,0,0
1.3953,-1.0,20,7,3,0,0
1.3953,-1.0,20,10,3,0,0
1.5504,-1.0,10,7,3,0,0
1.6279,-1.0,20,1,3,0,0
1.6279,-1.0,20,4,3,0,0
1.7829,-1.0,10,7,3,0,0
1.8605,-1.0,80,1,2,0,0
1.8605,2.0930,100,1,2,0,0
1.8605,-1.0,80,4,2,0,0
1.8605,2.0930,100,4,2,0,0
1.8605,-1.0,10,10,3,0,0
1.9767,-1.0,900,1,2,0,0
1.9767,-1.0,900,4,2,0,0
2.0930,-1.0,10,10,3,0,0
2.3256,-1.0,80,1,2,0,0
2.3256,2.5581,100,1,2,0,0
2.3256,-1.0,80,4,2,0,0
2.3256,2.5581,100,4,2,0,0
2.3256,-1.0,10,7,2,0,0
2.3256,-1.0,10,10,3,0,0
2.4419,-1.0,900,1,2,0,0
2.4419,-1.0,900,4,2,0,0
2.5581,-1.0,10,10,3,0,0
2.7907,-1.0,80,2,2,0,0
2.7907,3.0233,100,2,2,0,0
2.7907,-1.0,80,5,2,0,0
2.7907,3.0233,100,5,2,0,0
2.7907,-1.0,10,7,2,0,0
2.7907,-1.0,10,10,3,0,0
2.9070,-1.0,900,2,2,0,0
2.9070,-1.0,900,5,2,0,0
3.0233,-1.0,10,10,3,0,0
3.1783,-1.0,10,10,3,0,0
3.2558,-1.0,80,2,2,0,0
3.2558,3.4884,100,2,2,0,0
3.2558,-1.0,80,5,2,0,0
3.2558,3.4884,100,5,2,0,0
3.2558,-1.0,10,8,2,0,0
3.3721,-1.0,900,2,2,0,0
3.3721,-1.0,900,5,2,0,0
3.4884,-1.0,10,7,2,0,0
3.4884,-1.0,10,10,2,0,0
3.7209,-1.0,10,1,3,0,0
3.7209,-1.0,10,5,2,0,0
3.7209,-1.0,10,8,2,0,0
3.7209,-1.0,80,11,2,0,0
3.7209,4.6512,100,11,2,0,0
3.8372,-1.0,900,11,2,0,0
3.9535,-1.0,50,1,4,0,0
3.9535,-1.0,900,11,2,0,0
4.0698,-1.0,900,11,2,0,0
4.1085,-1.0,10,8,2,0,0
4.1860,-1.0,50,3,4,0,0
4.1860,-1.0,900,11,2,0,0
4.3023,-1.0,900,11,2,0,0
4.3411,-1.0,10,8,2,0,0
4.4186,-1.0,50,1,4,0,0
4.4186,-1.0,900,11,2,0,0
4.5349,-1.0,900,11,2,0,0
4.5736,-1.0,10,8,2,0,0
4.6512,-1.0,50,1,6,0,0
4.8837,-1.0,10,7,3,0,0
5.0388,-1.0,80,1,2,0,0
5.0388,5.3488,100,1,2,0,0
5.0388,-1.0,80,4,2,0,0
5.0388,5.3488,100,4,2,0,0
5.1163,-1.0,10,7,2,0,0
5.1163,-1.0,10,10,2,0,0
5.1550,-1.0,900,1,2,0,0
5.1550,-1.0,900,4,2,0,0
5.2713,-1.0,900,1,2,0,0
5.2713,-1.0,900,4,2,0,0
5.3488,-1.0,50,8,2,0,0
5.3488,-1.0,50,11,2,0,0
5.5814,-1.0,10,1,3,0,0
5.5814,-1.0,10,5,2,0,0
5.5814,-1.0,80,8,2,0,0
5.5814,5.8140,100,8,2,0,0
5.5814,-1.0,80,11,2,0,0
5.5814,5.8140,100,11,2,0,0
5.6977,-1.0,900,8,2,0,0
5.6977,-1.0,900,11,2,0,0
5.8140,-1.0,10,1,3,0,0
6.0465,-1.0,10,1,3,0,0
6.0465,-1.0,10,5,2,0,0
6.0465,-1.0,80,8,2,0,0
6.0465,6.2791,100,8,2,0,0
6.0465,-1.0,80,11,2,0,0
6.0465,6.2791,100,11,2,0,0
6.1628,-1.0,900,8,2,0,0
6.1628,-1.0,900,11,2,0,0
6.2791,-1.0,10,1,3,0,0
6.5116,-1.0,10,1,3,0,0
6.5116,-1.0,10,5,2,0,0
6.5116,-1.0,80,7,2,0,0
6.5116,6.7442,100,7,2,0,0
6.5116,-1.0,80,10,2,0,0
6.5116,6.7442,100,10,2,0,0
6.6279,-1.0,900,7,2,0,0
6.6279,-1.0,900,10,2,0,0
6.7442,-1.0,10,1,3,0,0
6.8992,-1.0,10,1,3,0,0
6.9767,-1.0,10,4,2,0,0
6.9767,-1.0,80,7,2,0,0
6.9767,7.2093,100,7,2,0,0
6.9767,-1.0,80,10,2,0,0
6.9767,7.2093,100,10,2,0,0
7.0930,-1.0,900,7,2,0,0
7.0930,-1.0,900,10,2,0,0
7.2093,-1.0,10,2,2,0,0
7.2093,-1.0,10,5,2,0,0
7.4419,-1.0,10,1,3,0,0
7.4419,-1.0,80,4,2,0,0
7.4419,7.9070,100,4,2,0,0
7.4419,-1.0,10,7,2,0,0
7.4419,-1.0,10,10,2,0,0
7.5581,-1.0,900,4,2,0,0
7.6744,-1.0,900,4,2,0,0
7.6744,-1.0,10,8,2,0,0
7.6744,-1.0,10,11,2,0,0
7.7907,-1.0,900,4,2,0,0
7.9070,-1.0,10,1,3,0,0
7.9070,-1.0,10,6,2,0,0
7.9070,-1.0,10,9,2,0,0
8.1395,-1.0,10,4,2,0,0
8.2946,-1.0,10,7,2,0,0
8.3721,-1.0,10,1,3,0,0
8.3721,-1.0,80,10,2,0,0
8.3721,8.6047,100,10,2,0,0
8.4884,-1.0,900,10,2,0,0
8.6047,-1.0,10,2,2,0,0
8.6047,-1.0,10,5,2,0,0
8.8372,-1.0,80,2,2,0,0
8.8372,9.0698,100,2,2,0,0
8.8372,-1.0,10,7,2,0,0
8.8372,-1.0,10,10,3,0,0
8.9535,-1.0,900,2,2,0,0
9.0698,-1.0,10,6,2,0,0
9.0698,-1.0,10,9,2,0,0
9.3023,-1.0,80,1,2,0,0
9.3023,9.5349,100,1,2,0,0
9.3023,-1.0,80,4,2,0,0
9.3023,9.5349,100,4,2,0,0
9.3023,-1.0,10,7,2,0,0
9.3023,-1.0,10,10,3,0,0
9.4186,-1.0,900,1,2,0,0
9.4186,-1.0,900,4,2,0,0
9.5349,-1.0,50,10,3,0,0
9.7674,-1.0,80,1,2,0,0
9.7674,10.0,100,1,2,0,0
9.7674,-1.0,80,4,2,0,0
9.7674,10.0,100,4,2,0,0
9.7674,-1.0,10,7,2,0,0
9.7674,-1.0,10,10,3,0,0
9.8837,-1.0,900,1,2,0,0
9.8837,-1.0,900,4,2,0,0
10.0,-1.0,50,10,3,0,0
10.2326,-1.0,80,2,2,0,0
10.2326,10.4651,100,2,2,0,0
10.2326,-1.0,80,5,2,0,0
10.2326,10.4651,100,5,2,0,0
10.2326,-1.0,10,7,2,0,0
10.2326,-1.0,10,10,3,0,0
10.3488,-1.0,900,2,2,0,0
10.3488,-1.0,900,5,2,0,0
10.4651,-1.0,50,10,3,0,0
10.6202,-1.0,10,8,2,0,0
10.6977,-1.0,10,1,2,0,0
10.7752,-1.0,10,4,2,0,0
10.8527,-1.0,10,7,2,0,0
10.9302,-1.0,10,1,3,0,0
10.9302,-1.0,10,10,2,0,0
11.1628,-1.0,10,2,2,0,0
11.1628,-1.0,10,5,2,0,0
11.1628,-1.0,10,8,2,0,0
11.1628,-1.0,80,11,2,0,0
11.1628,12.0930,100,11,2,0,0
11.2791,-1.0,900,11,2,0,0
11.3953,-1.0,50,1,2,0,0
11.3953,-1.0,50,4,2,0,0
11.3953,-1.0,900,11,2,0,0
11.5116,-1.0,900,11,2,0,0
11.5504,-1.0,10,8,2,0,0
11.6279,-1.0,50,2,2,0,0
11.6279,-1.0,50,5,2,0,0
11.6279,-1.0,900,11,2,0,0
11.7442,-1.0,900,11,2,0,0
11.7829,-1.0,10,8,2,0,0
11.8605,-1.0,50,1,2,0,0
11.8605,-1.0,50,4,2,0,0
11.8605,-1.0,900,11,2,0,0
11.9767,-1.0,900,11,2,0,0
12.0155,-1.0,10,8,2,0,0
12.0930,-1.0,50,1,3,0,0
12.0930,-1.0,50,4,3,0,0
12.3256,-1.0,10,8,2,0,0
12.3256,-1.0,10,11,2,0,0
12.4806,-1.0,10,2,3,0,0
12.5581,-1.0,10,10,3,0,0
12.6357,-1.0,10,7,3,0,0
12.7132,-1.0,10,4,3,0,0
12.7907,-1.0,10,1,3,0,0
12.7907,-1.0,10,10,3,0,0
13.0233,-1.0,82,1,2,0,0
13.0233,13.2558,110,1,2,0,0
13.0233,-1.0,82,4,2,0,0
13.0233,13.2558,110,4,2,0,0
13.0233,-1.0,50,10,3,0,0
13.1395,-1.0,900,1,2,0,0
13.1395,-1.0,900,4,2,0,0
13.2558,-1.0,50,8,3,0,0
13.4884,-1.0,82,1,2,0,0
13.4884,13.7209,110,1,2,0,0
13.4884,-1.0,82,4,2,0,0
13.4884,13.7209,110,4,2,0,0
13.4884,-1.0,50,10,3,0,0
13.6047,-1.0,900,1,2,0,0
13.6047,-1.0,900,4,2,0,0
13.7209,-1.0,50,8,3,0,0
13.9535,-1.0,82,2,2,0,0
13.9535,14.1860,110,2,2,0,0
13.9535,-1.0,82,5,2,0,0
13.9535,14.1860,110,5,2,0,0
13.9535,-1.0,50,10,3,0,0
14.0698,-1.0,900,2,2,0,0
14.0698,-1.0,900,5,2,0,0
14.1860,-1.0,10,7,3,0,0
14.1860,-1.0,10,10,3,0,0
14.3411,-1.0,10,10,3,0,0
14.4186,-1.0,10,1,3,0,0
14.4961,-1.0,10,4,3,0,0
14.5736,-1.0,10,7,3,0,0
14.6512,-1.0,10,1,3,0,0
14.6512,-1.0,10,10,3,0,0
14.8837,-1.0,50,1,3,0,0
14.8837,-1.0,50,4,3,0,0
14.8837,-1.0,80,8,2,0,0
14.8837,15.1163,100,8,2,0,0
14.8837,-1.0,80,11,2,0,0
14.8837,15.1163,100,11,2,0,0
15.0,-1.0,900,8,2,0,0
15.0,-1.0,900,11,2,0,0
15.1163,-1.0,10,4,4,0,0
15.3488,-1.0,80,1,2,0,0
15.3488,15.5814,100,1,2,0,0
15.3488,-1.0,80,4,2,0,0
15.3488,15.5814,100,4,2,0,0
15.3488,-1.0,50,7,3,0,0
15.3488,-1.0,50,10,3,0,0
15.4651,-1.0,900,1,2,0,0
15.4651,-1.0,900,4,2,0,0
15.5814,-1.0,10,6,4,0,0
15.7364,-1.0,10,10,3,0,0
15.8140,-1.0,20,1,4,0,0
15.8140,-1.0,20,6,4,0,0
16.0465,-1.0,20,4,4,0,0
16.0465,-1.0,20,9,4,0,0
16.2791,-1.0,10,1,3,0,0
16.2791,-1.0,10,4,3,0,0
16.3566,-1.0,10,7,3,0,0
16.4341,-1.0,10,4,3,0,0
16.5116,-1.0,10,7,3,0,0
16.5116,-1.0,10,10,3,0,0
16.7442,-1.0,10,1,2,0,0
16.7442,-1.0,10,8,3,0,0
16.8992,-1.0,10,4,2,0,0
16.9767,-1.0,10,7,2,0,0
17.1318,-1.0,10,10,2,0,0
17.2093,-1.0,10,1,2,0,0
17.6744,-1.0,10,1,2,0,0
17.6744,-1.0,10,10,3,0,0
17.8295,-1.0,10,4,2,0,0
17.9070,-1.0,10,8,2,0,0
18.0620,-1.0,10,11,2,0,0
18.1395,-1.0,10,1,2,0,0
18.6047,-1.0,10,1,2,0,0
18.6047,-1.0,10,9,3,0,0
18.7597,-1.0,10,4,2,0,0
18.8372,-1.0,10,7,2,0,0
18.9922,-1.0,10,10,2,0,0
19.0698,-1.0,10,1,2,0,0
19.5349,-1.0,10,1,2,0,0
19.5349,-1.0,10,8,3,0,0
19.6899,-1.0,10,4,2,0,0
19.7674,-1.0,10,6,2,0,0
19.9225,-1.0,10,9,2,0,0
20.0,-1.0,10,1,2,0,0
20.2326,-1.0,10,3,3,0,0
20.2326,-1.0,10,7,2,0,0
20.4651,-1.0,80,1,2,0,0
20.4651,20.6202,100,1,2,0,0
20.4651,-1.0,10,8,3,0,0
20.5814,-1.0,900,1,2,0,0
20.6202,-1.0,10,4,2,0,0
20.6977,-1.0,10,7,2,0,0
20.8527,-1.0,10,10,2,0,0
20.9302,-1.0,10,1,2,0,0
21.1628,-1.0,10,5,2,0,0
21.1628,-1.0,10,8,3,0,0
21.3953,-1.0,80,1,2,0,0
21.3953,21.5504,100,1,2,0,0
21.3953,-1.0,10,10,3,0,0
21.5116,-1.0,900,1,2,0,0
21.5504,-1.0,10,4,2,0,0
21.6279,-1.0,10,8,2,0,0
21.7829,-1.0,10,11,2,0,0
21.8605,-1.0,10,1,2,0,0
22.0930,-1.0,10,4,3,0,0
22.0930,-1.0,10,8,2,0,0
22.3256,-1.0,80,1,2,0,0
22.3256,22.4806,100,1,2,0,0
22.3256,-1.0,10,9,3,0,0
22.4419,-1.0,900,1,2,0,0
22.4806,-1.0,10,4,2,0,0
22.5581,-1.0,10,7,2,0,0
22.7132,-1.0,10,10,2,0,0
22.7907,-1.0,10,1,3,0,0
23.0233,-1.0,10,10,3,0,0
23.2558,-1.0,80,1,3,0,0
23.2558,23.4884,100,1,3,0,0
23.2558,-1.0,80,6,2,0,0
23.2558,23.4884,100,6,2,0,0
23.2558,-1.0,80,9,2,0,0
23.2558,23.4884,100,9,2,0,0
23.3721,-1.0,900,1,3,0,0
23.3721,-1.0,900,6,2,0,0
23.3721,-1.0,900,9,2,0,0
23.7209,-1.0,80,3,2,0,0
23.7209,23.9535,100,3,2,0,0
23.7209,-1.0,80,6,2,0,0
23.7209,23.9535,100,6,2,0,0
23.7209,-1.0,80,10,3,0,0
23.7209,23.9535,100,10,3,0,0
23.8372,-1.0,900,3,2,0,0
23.8372,-1.0,900,6,2,0,0
23.8372,-1.0,900,10,3,0,0
24.1860,-1.0,81,1,2,0,0
24.1860,24.3411,101,1,2,0,0
24.1860,-1.0,10,7,2,0,0
24.1860,-1.0,10,10,3,0,0
24.3023,-1.0,900,1,2,0,0
24.3411,-1.0,10,4,2,0,0
24.4186,-1.0,10,7,2,0,0
24.5736,-1.0,10,11,2,0,0
24.6512,-1.0,10,1,2,0,0
24.6512,-1.0,10,4,2,0,0
24.8837,-1.0,10,5,2,0,0
24.8837,-1.0,10,8,2,0,0
24.8837,-1.0,10,10,3,0,0
25.1163,-1.0,81,1,2,0,0
25.1163,25.2713,101,1,2,0,0
25.1163,-1.0,10,7,2,0,0
25.1163,-1.0,10,10,3,0,0
25.2326,-1.0,900,1,2,0,0
25.2713,-1.0,10,4,2,0,0
25.3488,-1.0,10,7,2,0,0
25.5039,-1.0,10,10,2,0,0
25.5814,-1.0,10,1,2,0,0
25.5814,-1.0,10,4,2,0,0
25.8140,-1.0,10,5,2,0,0
25.8140,-1.0,10,8,2,0,0
25.8140,-1.0,10,10,3,0,0
26.0465,-1.0,81,1,2,0,0
26.0465,26.2015,101,1,2,0,0
26.0465,-1.0,10,7,2,0,0
26.0465,-1.0,10,10,3,0,0
26.1628,-1.0,900,1,2,0,0
26.2015,-1.0,10,4,2,0,0
26.2791,-1.0,10,6,2,0,0
26.4341,-1.0,10,9,2,0,0
26.5116,-1.0,10,1,2,0,0
26.5116,-1.0,10,4,2,0,0
26.7442,-1.0,10,5,2,0,0
26.7442,-1.0,10,8,2,0,0
26.7442,-1.0,10,10,3,0,0
26.9767,-1.0,81,1,2,0,0
26.9767,27.1318,101,1,2,0,0
26.9767,-1.0,10,7,2,0,0
26.9767,-1.0,10,10,3,0,0
27.0930,-1.0,900,1,2,0,0
27.1318,-1.0,10,4,2,0,0
27.2093,-1.0,10,7,2,0,0
27.3643,-1.0,10,9,2,0,0
27.4419,-1.0,10,1,2,0,0
27.4419,-1.0,10,4,2,0,0
27.6744,-1.0,10,4,3,0,0
27.6744,-1.0,82,8,2,0,0
27.6744,27.9070,110,8,2,0,0
27.6744,-1.0,82,11,2,0,0
27.6744,27.9070,110,11,2,0,0
27.7907,-1.0,900,8,2,0,0
27.7907,-1.0,900,11,2,0,0
27.9070,-1.0,20,2,2,0,0
27.9070,-1.0,20,5,2,0,0
28.0620,-1.0,10,5,2,0,0
28.1395,-1.0,10,8,2,0,0
28.1395,-1.0,10,11,2,0,0
28.2946,-1.0,10,3,2,0,0
28.3721,-1.0,10,6,2,0,0
28.3721,-1.0,10,9,2,0,0
28.6047,-1.0,82,1,2,0,0
28.6047,28.8372,110,1,2,0,0
28.6047,-1.0,82,4,2,0,0
28.6047,28.8372,110,4,2,0,0
28.6047,-1.0,10,7,3,0,0
28.7209,-1.0,900,1,2,0,0
28.7209,-1.0,900,4,2,0,0
28.8372,-1.0,20,7,2,0,0
28.8372,-1.0,20,10,2,0,0
28.9922,-1.0,10,7,2,0,0
29.0698,-1.0,10,1,2,0,0
29.0698,-1.0,10,4,2,0,0
29.2248,-1.0,10,9,2,0,0
29.3023,-1.0,10,3,2,0,0
29.3023,-1.0,10,6,2,0,0
29.5349,-1.0,80,1,2,0,0
29.5349,29.7674,100,1,2,0,0
29.5349,-1.0,10,3,3,0,0
29.5349,-1.0,10,8,3,0,0
29.5349,-1.0,80,11,2,0,0
29.5349,29.7674,100,11,2,0,0
29.6512,-1.0,900,1,2,0,0
29.6512,-1.0,900,11,2,0,0
29.7674,-1.0,81,4,3,0,0
29.7674,30.0,101,4,3,0,0
29.7674,-1.0,81,7,3,0,0
29.7674,30.0,101,7,3,0,0
29.8837,-1.0,900,4,3,0,0
29.8837,-1.0,900,7,3,0,0
30.0,-1.0,10,1,3,0,0
30.0,-1.0,10,10,3,0,0
30.1550,-1.0,10,7,2,0,0
30.2326,-1.0,10,1,4,0,0
30.2326,-1.0,10,9,4,0,0
30.3101,-1.0,10,7,2,0,0
30.3876,-1.0,10,5,2,0,0
30.4651,-1.0,10,1,4,0,0
30.4651,-1.0,10,9,4,0,0
30.5426,-1.0,10,5,2,0,0
30.6202,-1.0,10,7,2,0,0
30.6977,-1.0,83,1,3,0,0
30.6977,31.1628,110,1,3,0,0
30.6977,-1.0,83,10,3,0,0
30.6977,31.1628,110,10,3,0,0
30.8140,-1.0,900,1,3,0,0
30.8140,-1.0,900,10,3,0,0
30.9302,-1.0,900,1,3,0,0
30.9302,-1.0,900,10,3,0,0
31.0465,-1.0,900,1,3,0,0
31.0465,-1.0,900,10,3,0,0
31.3953,-1.0,10,6,2,0,0
31.6279,-1.0,20,1,3,0,0
31.6279,-1.0,10,4,2,0,0
31.6279,-1.0,81,10,3,0,0
31.6279,32.0930,101,10,3,0,0
31.7442,-1.0,900,10,3,0,0
31.8605,-1.0,10,4,2,0,0
31.8605,-1.0,10,8,2,0,0
31.8605,-1.0,900,10,3,0,0
31.9767,-1.0,900,10,3,0,0
32.0930,-1.0,20,1,3,0,0
32.0930,-1.0,80,6,2,0,0
32.0930,32.5581,100,6,2,0,0
32.2093,-1.0,900,6,2,0,0
32.3256,-1.0,10,4,2,0,0
32.3256,-1.0,900,6,2,0,0
32.3256,-1.0,10,8,2,0,0
32.4419,-1.0,900,6,2,0,0
32.5581,-1.0,81,1,3,0,0
32.5581,32.9457,101,1,3,0,0
32.5581,-1.0,20,10,3,0,0
32.6744,-1.0,900,1,3,0,0
32.7907,-1.0,900,1,3,0,0
32.7907,-1.0,10,6,2,0,0
32.7907,-1.0,10,8,2,0,0
32.9070,-1.0,900,1,3,0,0
32.9457,-1.0,80,4,2,0,0
32.9457,33.2558,100,4,2,0,0
33.0233,-1.0,10,8,2,0,0
33.0233,-1.0,20,10,3,0,0
33.0620,-1.0,900,4,2,0,0
33.1783,-1.0,900,4,2,0,0
33.2558,-1.0,10,1,3,0,0
33.2558,-1.0,10,8,2,0,0
33.4884,-1.0,50,1,3,0,0
33.4884,-1.0,50,4,2,0,0
33.4884,-1.0,10,8,2,0,0
33.4884,-1.0,20,10,3,0,0
33.6434,-1.0,10,8,2,0,0
33.6434,-1.0,10,10,3,0,0
33.7209,-1.0,50,1,3,0,0
33.7209,-1.0,50,4,2,0,0
33.8760,-1.0,10,6,2,0,0
33.8760,-1.0,10,8,2,0,0
33.9535,-1.0,50,1,3,0,0
33.9535,-1.0,50,4,2,0,0
34.1085,-1.0,10,8,2,0,0
34.1085,-1.0,10,10,3,0,0
34.1860,-1.0,80,1,3,0,0
34.1860,34.4186,100,1,3,0,0
34.1860,-1.0,80,4,2,0,0
34.1860,34.4186,100,4,2,0,0
34.3023,-1.0,900,1,3,0,0
34.3023,-1.0,900,4,2,0,0
34.4186,-1.0,50,6,2,0,0
34.4186,-1.0,50,8,2,0,0
34.6512,-1.0,10,4,2,0,0
34.8062,-1.0,80,6,2,0,0
34.8062,35.1163,100,6,2,0,0
34.8837,-1.0,20,1,3,0,0
34.8837,-1.0,10,4,2,0,0
34.9225,-1.0,900,6,2,0,0
35.0388,-1.0,900,6,2,0,0
35.1163,-1.0,10,4,2,0,0
35.1163,-1.0,10,8,2,0,0
35.3488,-1.0,81,1,3,0,0
35.3488,35.5814,101,1,3,0,0
35.3488,-1.0,10,8,2,0,0
35.3488,-1.0,20,10,3,0,0
35.4651,-1.0,900,1,3,0,0
35.5814,-1.0,80,4,2,0,0
35.5814,35.8140,100,4,2,0,0
35.5814,-1.0,10,10,3,0,0
35.6977,-1.0,900,4,2,0,0
35.8140,-1.0,20,1,3,0,0
35.8140,-1.0,10,6,2,0,0
35.8140,-1.0,10,8,2,0,0
36.0465,-1.0,10,1,3,0,0
36.0465,-1.0,80,10,3,0,0
36.0465,36.2791,100,10,3,0,0
36.1628,-1.0,900,10,3,0,0
36.2791,-1.0,20,1,3,0,0
36.2791,-1.0,10,4,2,0,0
36.2791,-1.0,80,8,2,0,0
36.2791,36.5116,100,8,2,0,0
36.3953,-1.0,900,8,2,0,0
36.5116,-1.0,10,1,3,0,0
36.5116,-1.0,80,6,2,0,0
36.5116,36.7442,100,6,2,0,0
36.6279,-1.0,900,6,2,0,0
36.7442,-1.0,10,4,2,0,0
36.7442,-1.0,20,10,3,0,0
36.9767,-1.0,10,1,3,0,0
36.9767,-1.0,10,4,2,0,0
37.1318,-1.0,10,6,2,0,0
37.2093,-1.0,20,1,3,0,0
37.2093,-1.0,81,8,2,0,0
37.2093,37.4419,101,8,2,0,0
37.3256,-1.0,900,8,2,0,0
37.4419,-1.0,50,1,3,0,0
37.4419,-1.0,50,4,2,0,0
37.4419,-1.0,10,10,3,0,0
37.6744,-1.0,20,4,2,0,0
37.6744,-1.0,81,6,2,0,0
37.6744,37.9070,101,6,2,0,0
37.7907,-1.0,900,6,2,0,0
37.9070,-1.0,50,1,3,0,0
37.9070,-1.0,50,4,2,0,0
37.9070,-1.0,10,8,2,0,0
38.1395,-1.0,81,1,3,0,0
38.1395,38.3721,101,1,3,0,0
38.1395,-1.0,20,10,3,0,0
38.2558,-1.0,900,1,3,0,0
38.3721,-1.0,50,6,2,0,0
38.3721,-1.0,50,8,2,0,0
38.5271,-1.0,80,4,2,0,0
38.5271,38.8372,100,4,2,0,0
38.6047,-1.0,20,8,2,0,0
38.6047,-1.0,20,10,3,0,0
38.6434,-1.0,900,4,2,0,0
38.7597,-1.0,900,4,2,0,0
38.8372,-1.0,20,1,3,0,0
38.8372,-1.0,50,6,2,0,0
38.8372,-1.0,50,8,2,0,0
39.0698,-1.0,81,1,3,0,0
39.0698,39.5349,101,1,3,0,0
39.0698,-1.0,10,8,2,0,0
39.0698,-1.0,20,10,3,0,0
39.1860,-1.0,900,1,3,0,0
39.3023,-1.0,900,1,3,0,0
39.3023,-1.0,10,4,2,0,0
39.3023,-1.0,10,8,2,0,0
39.4186,-1.0,900,1,3,0,0
39.5349,-1.0,80,4,2,0,0
39.5349,40.0,100,4,2,0,0
39.5349,-1.0,20,10,3,0,0
39.6512,-1.0,900,4,2,0,0
39.7674,-1.0,900,4,2,0,0
39.7674,-1.0,10,6,2,0,0
39.7674,-1.0,10,8,2,0,0
39.8837,-1.0,900,4,2,0,0
40.0,-1.0,20,1,3,0,0
40.0,-1.0,81,10,3,0,0
40.0,40.3876,101,10,3,0,0
40.1163,-1.0,900,10,3,0,0
40.2326,-1.0,10,4,2,0,0
40.2326,-1.0,10,8,2,0,0
40.2326,-1.0,900,10,3,0,0
40.3488,-1.0,900,10,3,0,0
40.3876,-1.0,80,6,2,0,0
40.3876,40.6977,100,6,2,0,0
40.4651,-1.0,20,1,3,0,0
40.4651,-1.0,10,4,2,0,0
40.5039,-1.0,900,6,2,0,0
40.6202,-1.0,900,6,2,0,0
40.6977,-1.0,80,4,2,0,0
40.6977,40.9302,100,4,2,0,0
40.6977,-1.0,10,10,3,0,0
40.8140,-1.0,900,4,2,0,0
40.9302,-1.0,20,1,3,0,0
40.9302,-1.0,10,8,2,0,0
40.9302,-1.0,20,10,3,0,0
41.0853,-1.0,10,4,2,0,0
41.1628,-1.0,10,6,2,0,0
41.1628,-1.0,10,10,3,0,0
41.3178,-1.0,10,6,2,0,0
41.3178,-1.0,10,8,2,0,0
41.3953,-1.0,81,1,3,0,0
41.3953,41.6279,101,1,3,0,0
41.3953,-1.0,81,4,2,0,0
41.3953,41.6279,101,4,2,0,0
41.5116,-1.0,900,1,3,0,0
41.5116,-1.0,900,4,2,0,0
41.6279,-1.0,20,6,2,0,0
41.6279,-1.0,20,8,2,0,0
41.8605,-1.0,81,1,3,0,0
41.8605,42.5581,101,1,3,0,0
41.8605,-1.0,50,8,2,0,0
41.8605,-1.0,50,10,3,0,0
41.9767,-1.0,900,1,3,0,0
42.0930,-1.0,900,1,3,0,0
42.0930,-1.0,10,4,2,0,0
42.2093,-1.0,900,1,3,0,0
42.2481,-1.0,10,6,2,0,0
42.2481,-1.0,10,9,3,0,0
42.3256,-1.0,900,1,3,0,0
42.3256,-1.0,10,4,2,0,0
42.4419,-1.0,900,1,3,0,0
42.5581,-1.0,10,7,3,0,0
42.5581,-1.0,10,10,3,0,0
42.7132,-1.0,10,1,3,0,0
42.7907,-1.0,10,4,3,0,0
42.7907,-1.0,10,7,3,0,0
42.7907,-1.0,81,10,3,0,0
42.7907,43.2558,101,10,3,0,0
42.9070,-1.0,900,10,3,0,0
43.0233,-1.0,50,1,3,0,0
43.0233,-1.0,50,4,3,0,0
43.0233,-1.0,900,10,3,0,0
43.1395,-1.0,900,10,3,0,0
43.1783,-1.0,10,7,3,0,0
43.2558,-1.0,50,1,3,0,0
43.2558,-1.0,50,4,3,0,0
43.4884,-1.0,10,4,3,0,0
43.4884,-1.0,10,7,3,0,0
43.6434,-1.0,10,10,3,0,0
43.7209,-1.0,81,1,3,0,0
43.7209,44.1860,101,1,3,0,0
43.7209,-1.0,10,4,3,0,0
43.7209,-1.0,10,7,3,0,0
43.8372,-1.0,900,1,3,0,0
43.9535,-1.0,900,1,3,0,0
43.9535,-1.0,50,7,3,0,0
43.9535,-1.0,50,10,3,0,0
44.0698,-1.0,900,1,3,0,0
44.1085,-1.0,10,4,3,0,0
44.1860,-1.0,50,7,3,0,0
44.1860,-1.0,50,10,3,0,0
44.4186,-1.0,10,4,3,0,0
44.4186,-1.0,10,7,3,0,0
44.5736,-1.0,10,1,3,0,0
44.6512,-1.0,10,4,3,0,0
44.6512,-1.0,83,7,3,0,0
44.6512,44.8837,110,7,3,0,0
44.6512,-1.0,83,10,3,0,0
44.6512,44.8837,110,10,3,0,0
44.7674,-1.0,900,7,3,0,0
44.7674,-1.0,900,10,3,0,0
44.8837,-1.0,10,1,3,0,0
44.8837,-1.0,10,4,3,0,0
45.0388,-1.0,10,1,3,0,0
45.1163,-1.0,10,4,3,0,0
45.1163,-1.0,83,7,3,0,0
45.1163,45.3488,110,7,3,0,0
45.1163,-1.0,83,10,3,0,0
45.1163,45.3488,110,10,3,0,0
45.2326,-1.0,900,7,3,0,0
45.2326,-1.0,900,10,3,0,0
45.3488,-1.0,10,1,3,0,0
45.3488,-1.0,10,4,3,0,0
45.5039,-1.0,10,10,3,0,0
45.5814,-1.0,83,1,3,0,0
45.5814,45.8140,110,1,3,0,0
45.5814,-1.0,83,4,3,0,0
45.5814,45.8140,110,4,3,0,0
45.5814,-1.0,10,7,3,0,0
45.6977,-1.0,900,1,3,0,0
45.6977,-1.0,900,4,3,0,0
45.8140,-1.0,10,7,3,0,0
45.8140,-1.0,10,10,3,0,0
45.9690,-1.0,10,10,3,0,0
46.0465,-1.0,83,1,3,0,0
46.0465,46.2791,110,1,3,0,0
46.0465,-1.0,83,4,3,0,0
46.0465,46.2791,110,4,3,0,0
46.0465,-1.0,10,7,3,0,0
46.1628,-1.0,900,1,3,0,0
46.1628,-1.0,900,4,3,0,0
46.2791,-1.0,10,7,3,0,0
46.2791,-1.0,10,10,3,0,0
46.5116,-1.0,10,4,3,0,0
46.5116,-1.0,10,7,3,0,0
46.5116,-1.0,83,10,3,0,0
46.5116,46.7442,110,10,3,0,0
46.6279,-1.0,900,10,3,0,0
46.7442,-1.0,20,1,3,0,0
46.7442,-1.0,20,4,3,0,0
46.9767,-1.0,10,4,3,0,0
46.9767,-1.0,83,7,3,0,0
46.9767,47.2093,110,7,3,0,0
46.9767,-1.0,83,10,3,0,0
46.9767,47.2093,110,10,3,0,0
47.0930,-1.0,900,7,3,0,0
47.0930,-1.0,900,10,3,0,0
47.2093,-1.0,20,1,3,0,0
47.2093,-1.0,20,4,3,0,0
47.4419,-1.0,83,1,3,0,0
47.4419,47.6744,110,1,3,0,0
47.4419,-1.0,10,4,3,0,0
47.4419,-1.0,10,7,3,0,0
47.5581,-1.0,900,1,3,0,0
47.6744,-1.0,20,7,3,0,0
47.6744,-1.0,20,10,3,0,0
47.9070,-1.0,83,1,3,0,0
47.9070,48.1395,110,1,3,0,0
47.9070,-1.0,83,4,3,0,0
47.9070,48.1395,110,4,3,0,0
47.9070,-1.0,10,7,3,0,0
48.0233,-1.0,900,1,3,0,0
48.0233,-1.0,900,4,3,0,0
48.1395,-1.0,20,7,3,0,0
48.1395,-1.0,20,10,3,0,0
48.3721,-1.0,20,1,3,0,0
48.3721,-1.0,20,10,3,0,0
48.5271,-1.0,50,7,3,0,0
48.5271,-1.0,50,10,3,0,0
48.6047,-1.0,50,1,3,0,0
48.6047,-1.0,50,4,3,0,0
48.7597,-1.0,50,7,3,0,0
48.7597,-1.0,50,10,3,0,0
48.8372,-1.0,50,1,3,0,0
48.8372,-1.0,50,4,3,0,0
49.0698,-1.0,10,4,3,0,0
49.0698,-1.0,10,7,3,0,0
49.3023,-1.0,50,1,3,0,0
49.3023,-1.0,50,4,3,0,0
49.3023,-1.0,50,7,3,0,0
49.3023,-1.0,50,10,3,0,0
49.7674,-1.0,20,10,3,0,0
49.8256,-1.0,20,8,2,0,0
49.8837,-1.0,20,6,2,0,0
49.9419,-1.0,20,3,3,0,0
50.0,-1.0,20,8,3,0,0
50.0581,-1.0,20,6,2,0,0
50.1163,-1.0,20,4,2,0,0
50.1744,-1.0,20,1,3,0,0
50.2326,-1.0,81,7,3,0,0
50.2326,50.4651,101,7,3,0,0
50.2326,-1.0,81,10,3,0,0
50.2326,50.4651,101,10,3,0,0
50.3488,-1.0,900,7,3,0,0
50.3488,-1.0,900,10,3,0,0
50.4651,-1.0,50,1,3,0,0
50.4651,-1.0,50,4,3,0,0
50.6977,-1.0,20,1,4,0,0
50.6977,-1.0,10,7,2,0,0
50.6977,-1.0,10,10,3,0,0
50.9302,-1.0,10,4,3,0,0
50.9302,-1.0,82,7,3,0,0
50.9302,51.1628,110,7,3,0,0
50.9302,-1.0,82,10,3,0,0
50.9302,51.1628,110,10,3,0,0
51.0465,-1.0,900,7,3,0,0
51.0465,-1.0,900,10,3,0,0
51.1628,-1.0,81,1,3,0,0
51.1628,51.3953,101,1,3,0,0
51.1628,-1.0,81,4,3,0,0
51.1628,51.3953,101,4,3,0,0
51.2791,-1.0,900,1,3,0,0
51.2791,-1.0,900,4,3,0,0
51.3953,-1.0,50,7,3,0,0
51.3953,-1.0,50,10,3,0,0
51.6279,-1.0,10,1,3,0,0
51.6279,-1.0,10,5,2,0,0
51.6279,-1.0,20,9,4,0,0
51.8605,-1.0,10,4,3,0,0
51.8605,-1.0,10,7,3,0,0
52.0930,-1.0,83,1,2,0,0
52.0930,52.1318,110,1,2,JumpScratch,3
52.0930,-1.0,83,4,2,0,0
52.0930,52.1318,110,4,2,JumpScratch,3
52.0930,-1.0,50,9,4,0,0
52.1318,52.1705,110,2,2,JumpScratch,3
52.1318,52.1705,110,5,2,JumpScratch,3
52.1705,52.2093,110,3,2,JumpScratch,3
52.1705,52.2093,110,6,2,JumpScratch,3
52.2093,52.5581,110,4,2,JumpScratch,-3
52.2093,52.5581,110,7,2,JumpScratch,-3
52.3256,-1.0,20,1,12,0,0
52.4419,-1.0,900,4,2,0,0
52.4419,-1.0,900,7,2,0,0
52.5581,52.5969,110,3,2,JumpScratch,-3
52.5581,52.5969,110,6,2,JumpScratch,-3
52.5581,-1.0,50,9,4,0,0
52.5969,52.6357,110,2,2,JumpScratch,-3
52.5969,52.6357,110,5,2,JumpScratch,-3
52.6357,53.0233,110,1,2,0,0
52.6357,53.0233,110,4,2,0,0
52.7519,-1.0,900,1,2,0,0
52.7519,-1.0,900,4,2,0,0
52.7907,-1.0,20,1,12,0,0
52.8682,-1.0,900,1,2,0,0
52.8682,-1.0,900,4,2,0,0
53.0233,-1.0,50,7,3,0,0
53.0233,-1.0,50,10,3,0,0
53.2558,-1.0,50,1,3,0,0
53.2558,-1.0,50,4,3,0,0
53.2558,-1.0,10,7,2,0,0
53.2558,-1.0,10,10,3,0,0
53.4884,-1.0,10,1,3,0,0
53.5465,-1.0,10,4,2,0,0
53.6047,-1.0,10,6,2,0,0
53.6628,-1.0,10,8,3,0,0
53.7209,-1.0,10,3,3,0,0
53.7791,-1.0,10,6,2,0,0
53.8372,-1.0,10,8,2,0,0
53.8953,-1.0,10,10,3,0,0
53.9535,-1.0,81,1,3,0,0
53.9535,54.1860,101,1,3,0,0
53.9535,-1.0,81,4,3,0,0
53.9535,54.1860,101,4,3,0,0
54.0698,-1.0,900,1,3,0,0
54.0698,-1.0,900,4,3,0,0
54.1860,-1.0,50,7,3,0,0
54.1860,-1.0,50,10,3,0,0
54.4186,-1.0,10,1,4,0,0
54.4186,-1.0,10,9,4,0,0
54.5736,-1.0,10,3,3,0,0
54.6512,-1.0,10,7,2,0,0
54.6512,-1.0,10,10,3,0,0
54.8062,-1.0,10,4,3,0,0
54.8837,-1.0,81,7,2,0,0
54.8837,55.1163,101,7,2,0,0
54.8837,-1.0,81,10,3,0,0
54.8837,55.1163,101,10,3,0,0
55.0,-1.0,900,7,2,0,0
55.0,-1.0,900,10,3,0,0
55.1163,-1.0,80,1,3,0,0
55.1163,55.3488,100,1,3,0,0
55.1163,-1.0,80,5,2,0,0
55.1163,55.3488,100,5,2,0,0
55.2326,-1.0,900,1,3,0,0
55.2326,-1.0,900,5,2,0,0
55.3488,-1.0,10,7,2,0,0
55.3488,-1.0,20,10,3,0,0
55.5814,-1.0,10,4,3,0,0
55.5814,-1.0,10,7,3,0,0
55.8140,-1.0,50,1,3,0,0
55.8140,-1.0,50,4,3,0,0
55.8140,-1.0,20,7,3,0,0
55.8140,-1.0,20,10,3,0,0
55.9690,-1.0,10,7,3,0,0
55.9690,-1.0,10,10,3,0,0
56.0465,-1.0,50,1,4,0,0
56.0465,-1.0,50,5,4,0,0
56.2015,-1.0,10,7,3,0,0
56.2015,-1.0,10,10,3,0,0
56.2791,-1.0,50,1,5,0,0
56.2791,-1.0,50,6,5,0,0
56.5116,-1.0,10,1,3,0,0
56.5116,-1.0,10,4,3,0,0
56.5116,-1.0,82,7,3,0,0
56.5116,56.7442,110,7,3,0,0
56.5116,-1.0,82,10,3,0,0
56.5116,56.7442,110,10,3,0,0
56.6279,-1.0,900,7,3,0,0
56.6279,-1.0,900,10,3,0,0
56.7442,-1.0,50,1,3,0,0
56.7442,-1.0,50,4,3,0,0
56.9767,-1.0,10,1,3,0,0
56.9767,-1.0,10,5,2,0,0
56.9767,-1.0,10,7,2,0,0
56.9767,-1.0,10,10,3,0,0
57.2093,-1.0,20,1,3,0,0
57.2674,-1.0,20,4,2,0,0
57.3256,-1.0,20,9,3,0,0
57.3837,-1.0,20,7,2,0,0
57.4419,-1.0,20,2,3,0,0
57.5000,-1.0,20,5,2,0,0
57.5581,-1.0,20,10,3,0,0
57.6163,-1.0,20,8,2,0,0
57.6744,-1.0,83,1,3,0,0
57.6744,57.9070,110,1,3,0,0
57.6744,-1.0,83,4,3,0,0
57.6744,57.9070,110,4,3,0,0
57.7907,-1.0,900,1,3,0,0
57.7907,-1.0,900,4,3,0,0
57.9070,-1.0,50,7,3,0,0
57.9070,-1.0,50,10,3,0,0
58.1395,-1.0,10,1,3,0,0
58.1395,-1.0,10,5,2,0,0
58.1395,-1.0,20,9,4,0,0
58.3721,-1.0,82,1,3,0,0
58.3721,58.6047,110,1,3,0,0
58.3721,-1.0,82,4,3,0,0
58.3721,58.6047,110,4,3,0,0
58.3721,-1.0,10,7,3,0,0
58.4884,-1.0,900,1,3,0,0
58.4884,-1.0,900,4,3,0,0
58.6047,-1.0,81,7,3,0,0
58.6047,58.8372,101,7,3,0,0
58.6047,-1.0,81,10,3,0,0
58.6047,58.8372,101,10,3,0,0
58.7209,-1.0,900,7,3,0,0
58.7209,-1.0,900,10,3,0,0
58.8372,-1.0,50,1,3,0,0
58.8372,-1.0,50,4,3,0,0
59.0698,-1.0,20,1,4,0,0
59.0698,-1.0,10,7,2,0,0
59.0698,-1.0,10,10,3,0,0
59.3023,-1.0,10,4,3,0,0
59.3023,-1.0,10,7,3,0,0
59.5349,-1.0,50,1,4,0,0
59.5349,-1.0,83,8,2,0,0
59.5349,59.5736,110,8,2,JumpScratch,-3
59.5349,-1.0,83,11,2,0,0
59.5349,59.5736,110,11,2,JumpScratch,-3
59.5736,59.6124,110,7,2,JumpScratch,-3
59.5736,59.6124,110,10,2,JumpScratch,-3
59.6124,59.6512,110,6,2,JumpScratch,-3
59.6124,59.6512,110,9,2,JumpScratch,-3
59.6512,60.0,110,5,2,JumpScratch,3
59.6512,60.0,110,8,2,JumpScratch,3
59.7674,-1.0,20,1,12,0,0
59.8837,-1.0,900,5,2,0,0
59.8837,-1.0,900,8,2,0,0
60.0,-1.0,50,1,4,0,0
60.0,60.0388,110,6,2,JumpScratch,3
60.0,60.0388,110,9,2,JumpScratch,3
60.0388,60.0775,110,7,2,JumpScratch,3
60.0388,60.0775,110,10,2,JumpScratch,3
60.0775,60.4651,110,8,2,0,0
60.0775,60.4651,110,11,2,0,0
60.1938,-1.0,900,8,2,0,0
60.1938,-1.0,900,11,2,0,0
60.2326,-1.0,20,1,12,0,0
60.3101,-1.0,900,8,2,0,0
60.3101,-1.0,900,11,2,0,0
60.4651,-1.0,50,1,3,0,0
60.4651,-1.0,50,4,3,0,0
60.6977,-1.0,10,1,3,0,0
60.6977,-1.0,10,5,2,0,0
60.6977,-1.0,50,7,3,0,0
60.6977,-1.0,50,10,3,0,0
60.9302,-1.0,10,10,3,0,0
60.9884,-1.0,10,8,2,0,0
61.0465,-1.0,10,2,3,0,0
61.1047,-1.0,10,5,2,0,0
61.1628,-1.0,10,9,3,0,0
61.2209,-1.0,10,7,2,0,0
61.2791,-1.0,10,1,3,0,0
61.3372,-1.0,10,4,2,0,0
61.3953,-1.0,81,7,3,0,0
61.3953,61.6279,101,7,3,0,0
61.3953,-1.0,81,10,3,0,0
61.3953,61.6279,101,10,3,0,0
61.5116,-1.0,900,7,3,0,0
61.5116,-1.0,900,10,3,0,0
61.6279,-1.0,50,1,3,0,0
61.6279,-1.0,50,4,3,0,0
61.8605,-1.0,10,1,4,0,0
61.8605,-1.0,10,9,4,0,0
62.0155,-1.0,10,8,3,0,0
62.0930,-1.0,10,1,3,0,0
62.0930,-1.0,10,5,2,0,0
62.2481,-1.0,10,7,3,0,0
62.3256,-1.0,81,1,3,0,0
62.3256,62.5581,101,1,3,0,0
62.3256,-1.0,81,5,2,0,0
62.3256,62.5581,101,5,2,0,0
62.4419,-1.0,900,1,3,0,0
62.4419,-1.0,900,5,2,0,0
62.5581,-1.0,80,7,2,0,0
62.5581,62.7907,100,7,2,0,0
62.5581,-1.0,80,10,3,0,0
62.5581,62.7907,100,10,3,0,0
62.6744,-1.0,900,7,2,0,0
62.6744,-1.0,900,10,3,0,0
62.7907,-1.0,20,1,3,0,0
62.7907,-1.0,10,5,2,0,0
63.0233,-1.0,10,4,3,0,0
63.0233,-1.0,10,7,3,0,0
63.2558,-1.0,20,1,3,0,0
63.2558,-1.0,20,4,3,0,0
63.2558,-1.0,50,7,3,0,0
63.2558,-1.0,50,10,3,0,0
63.4109,-1.0,10,1,3,0,0
63.4109,-1.0,10,4,3,0,0
63.4884,-1.0,50,5,4,0,0
63.4884,-1.0,50,9,4,0,0
63.6434,-1.0,10,1,3,0,0
63.6434,-1.0,10,4,3,0,0
63.7209,-1.0,50,3,5,0,0
63.7209,-1.0,50,8,5,0,0
63.9535,-1.0,10,4,3,0,0
63.9535,-1.0,10,7,3,0,0
64.1860,-1.0,50,1,3,0,0
64.1860,-1.0,50,4,3,0,0
64.1860,-1.0,50,7,3,0,0
64.1860,-1.0,50,10,3,0,0
64.4186,-1.0,10,1,4,0,0
64.4186,-1.0,10,9,4,0,0
64.4961,-1.0,10,7,3,0,0
64.5736,-1.0,10,4,3,0,0
64.6512,-1.0,10,1,4,0,0
64.6512,-1.0,10,9,4,0,0
64.7287,-1.0,10,7,3,0,0
64.8062,-1.0,10,4,3,0,0
64.8837,-1.0,10,1,4,0,0
64.8837,-1.0,10,9,4,0,0
64.9612,-1.0,10,7,2,0,0
65.0388,-1.0,10,5,2,0,0
65.1163,-1.0,50,1,12,0,0
65.5814,-1.0,10,4,6,0,0
66.0465,-1.0,10,4,6,0,0
66.5116,-1.0,10,4,6,0,0
66.9767,-1.0,82,4,6,0,0
66.9767,67.4419,110,4,6,0,0
67.0930,-1.0,900,4,6,0,0
67.2093,-1.0,900,4,6,0,0
67.3256,-1.0,900,4,6,0,0
67.4419,67.9070,110,5,4,0,0
67.5581,-1.0,900,5,4,0,0
67.6744,-1.0,900,5,4,0,0
67.7907,-1.0,900,5,4,0,0
67.9070,68.3721,110,6,2,0,0
68.0233,-1.0,900,6,2,0,0
68.1395,-1.0,900,6,2,0,0
68.2558,-1.0,900,6,2,0,0
68.8372,-1.0,20,1,3,0,0
68.8372,-1.0,10,6,2,0,0
68.8372,-1.0,20,10,3,0,0
69.0698,-1.0,50,1,3,0,0
69.0698,-1.0,10,8,2,0,0
69.0698,-1.0,10,10,3,0,0
69.3023,-1.0,10,4,2,0,0
69.3023,-1.0,10,6,2,0,0
69.3023,-1.0,10,8,2,0,0
69.5349,-1.0,50,1,3,0,0
69.5349,-1.0,10,6,2,0,0
69.5349,-1.0,10,10,3,0,0
69.7674,-1.0,20,1,3,0,0
69.7674,-1.0,80,6,2,0,0
69.7674,70.0,100,6,2,0,0
69.7674,-1.0,10,8,2,0,0
69.8837,-1.0,900,6,2,0,0
70.0,-1.0,50,1,3,0,0
70.0,-1.0,10,10,3,0,0
70.1550,-1.0,10,8,2,0,0
70.2326,-1.0,10,1,3,0,0
70.2326,-1.0,80,6,2,0,0
70.2326,70.4651,100,6,2,0,0
70.3488,-1.0,900,6,2,0,0
70.4651,-1.0,50,1,3,0,0
70.4651,-1.0,10,8,2,0,0
70.6977,-1.0,20,1,3,0,0
70.6977,-1.0,10,6,2,0,0
70.6977,-1.0,10,8,2,0,0
70.9302,-1.0,50,8,2,0,0
70.9302,-1.0,50,10,3,0,0
71.0853,-1.0,10,4,2,0,0
71.1628,-1.0,50,6,2,0,0
71.1628,-1.0,50,10,3,0,0
71.3178,-1.0,10,1,3,0,0
71.3953,-1.0,50,8,2,0,0
71.3953,-1.0,50,10,3,0,0
71.5504,-1.0,10,4,2,0,0
71.6279,-1.0,50,6,2,0,0
71.6279,-1.0,50,8,2,0,0
71.6279,-1.0,50,10,3,0,0
71.8605,-1.0,10,1,3,0,0
71.8605,-1.0,10,4,2,0,0
72.0155,-1.0,80,8,2,0,0
72.0155,72.3256,100,8,2,0,0
72.0155,-1.0,80,10,3,0,0
72.0155,72.3256,100,10,3,0,0
72.0930,-1.0,10,1,3,0,0
72.1318,-1.0,900,8,2,0,0
72.1318,-1.0,900,10,3,0,0
72.1705,-1.0,10,4,2,0,0
72.2481,-1.0,10,6,2,0,0
72.2481,-1.0,900,8,2,0,0
72.2481,-1.0,900,10,3,0,0
72.3256,-1.0,10,1,3,0,0
72.3256,-1.0,10,4,2,0,0
72.5581,-1.0,20,1,3,0,0
72.5581,-1.0,10,6,2,0,0
72.5581,-1.0,20,10,3,0,0
72.7907,-1.0,10,1,3,0,0
72.7907,-1.0,10,4,2,0,0
72.7907,-1.0,50,10,3,0,0
73.0233,-1.0,10,4,2,0,0
73.0233,-1.0,10,6,2,0,0
73.0233,-1.0,20,10,3,0,0
73.2558,-1.0,10,1,3,0,0
73.2558,-1.0,10,4,2,0,0
73.2558,-1.0,50,10,3,0,0
73.4884,-1.0,80,4,2,0,0
73.4884,73.7209,100,4,2,0,0
73.4884,-1.0,10,8,2,0,0
73.4884,-1.0,20,10,3,0,0
73.6047,-1.0,900,4,2,0,0
73.7209,-1.0,10,1,3,0,0
73.7209,-1.0,50,10,3,0,0
73.8760,-1.0,10,4,2,0,0
73.9535,-1.0,80,1,3,0,0
73.9535,74.1860,100,1,3,0,0
73.9535,-1.0,10,8,2,0,0
74.0698,-1.0,900,1,3,0,0
74.1860,-1.0,10,6,2,0,0
74.1860,-1.0,10,10,3,0,0
74.4186,-1.0,10,1,3,0,0
74.4186,-1.0,81,10,3,0,0
74.4186,74.6512,101,10,3,0,0
74.5349,-1.0,900,10,3,0,0
74.6512,-1.0,10,4,2,0,0
74.6512,-1.0,80,8,2,0,0
74.6512,74.8837,100,8,2,0,0
74.7674,-1.0,900,8,2,0,0
74.8837,-1.0,10,1,3,0,0
74.8837,-1.0,10,6,2,0,0
75.1163,-1.0,10,4,2,0,0
75.1163,-1.0,10,10,3,0,0
75.2713,-1.0,10,1,3,0,0
75.2713,-1.0,10,6,2,0,0
75.3488,-1.0,10,4,2,0,0
75.3488,-1.0,81,10,3,0,0
75.3488,75.5814,101,10,3,0,0
75.4651,-1.0,900,10,3,0,0
75.5814,-1.0,10,1,3,0,0
75.5814,-1.0,10,8,2,0,0
75.8140,-1.0,10,1,3,0,0
75.8140,-1.0,10,10,3,0,0
75.8915,-1.0,10,4,2,0,0
75.9690,-1.0,10,6,2,0,0
76.0465,-1.0,10,1,3,0,0
76.0465,-1.0,10,10,3,0,0
76.1240,-1.0,10,8,2,0,0
76.2015,-1.0,10,6,2,0,0
76.2791,-1.0,83,1,3,0,0
76.2791,76.5116,110,1,3,0,0
76.2791,-1.0,20,10,3,0,0
76.3953,-1.0,900,1,3,0,0
76.5116,-1.0,10,8,2,0,0
76.5116,-1.0,10,10,3,0,0
76.7442,-1.0,83,1,3,0,0
76.7442,76.9767,110,1,3,0,0
76.7442,-1.0,10,6,2,0,0
76.7442,-1.0,10,8,2,0,0
76.8605,-1.0,900,1,3,0,0
76.9767,-1.0,10,6,2,0,0
76.9767,-1.0,10,10,3,0,0
77.2093,-1.0,81,1,3,0,0
77.2093,77.4419,101,1,3,0,0
77.2093,-1.0,10,8,2,0,0
77.2093,-1.0,10,10,3,0,0
77.3256,-1.0,900,1,3,0,0
77.4419,-1.0,10,4,2,0,0
77.4419,-1.0,10,6,2,0,0
77.5969,-1.0,10,8,2,0,0
77.6744,-1.0,80,1,3,0,0
77.6744,77.9070,100,1,3,0,0
77.6744,-1.0,80,6,2,0,0
77.6744,77.9070,100,6,2,0,0
77.7907,-1.0,900,1,3,0,0
77.7907,-1.0,900,6,2,0,0
77.9070,-1.0,10,4,2,0,0
77.9070,-1.0,10,10,3,0,0
78.1395,-1.0,10,6,2,0,0
78.1395,-1.0,10,8,2,0,0
78.2946,-1.0,20,1,3,0,0
78.2946,-1.0,10,4,2,0,0
78.3721,-1.0,50,8,2,0,0
78.3721,-1.0,50,10,3,0,0
78.5271,-1.0,20,1,3,0,0
78.5271,-1.0,10,4,2,0,0
78.6047,-1.0,50,6,2,0,0
78.6047,-1.0,50,10,3,0,0
78.7597,-1.0,20,1,3,0,0
78.7597,-1.0,10,4,2,0,0
78.8372,-1.0,50,8,2,0,0
78.8372,-1.0,50,10,3,0,0
78.9922,-1.0,20,1,3,0,0
78.9922,-1.0,10,4,2,0,0
79.0698,-1.0,50,6,2,0,0
79.0698,-1.0,50,8,2,0,0
79.0698,-1.0,50,10,3,0,0
79.3023,-1.0,10,1,3,0,0
79.3023,-1.0,10,4,2,0,0
79.4574,-1.0,80,6,2,0,0
79.4574,79.7674,100,6,2,0,0
79.4574,-1.0,80,10,3,0,0
79.4574,79.7674,100,10,3,0,0
79.5349,-1.0,10,1,3,0,0
79.5736,-1.0,900,6,2,0,0
79.5736,-1.0,900,10,3,0,0
79.6124,-1.0,10,4,2,0,0
79.6899,-1.0,900,6,2,0,0
79.6899,-1.0,10,8,2,0,0
79.6899,-1.0,900,10,3,0,0
79.7674,-1.0,10,1,3,0,0
79.7674,-1.0,10,4,2,0,0
80.0,-1.0,20,1,3,0,0
80.0,-1.0,10,6,2,0,0
80.0,-1.0,83,10,3,0,0
80.0,80.2326,110,10,3,0,0
80.1163,-1.0,900,10,3,0,0
80.2326,-1.0,10,1,3,0,0
80.2326,-1.0,10,4,2,0,0
80.4651,-1.0,10,4,2,0,0
80.4651,-1.0,10,6,2,0,0
80.4651,-1.0,83,10,3,0,0
80.4651,80.6977,110,10,3,0,0
80.5814,-1.0,900,10,3,0,0
80.6977,-1.0,10,1,3,0,0
80.6977,-1.0,10,4,2,0,0
80.9302,-1.0,10,1,3,0,0
80.9302,-1.0,80,6,2,0,0
80.9302,81.1628,100,6,2,0,0
80.9302,-1.0,20,10,3,0,0
81.0465,-1.0,900,6,2,0,0
81.1628,-1.0,10,4,2,0,0
81.1628,-1.0,10,8,2,0,0
81.3178,-1.0,10,4,2,0,0
81.3953,-1.0,80,1,3,0,0
81.3953,81.6279,100,1,3,0,0
81.3953,-1.0,10,10,3,0,0
81.5116,-1.0,900,1,3,0,0
81.6279,-1.0,10,8,2,0,0
81.7054,-1.0,10,6,2,0,0
81.7829,-1.0,10,4,2,0,0
81.8605,-1.0,50,1,3,0,0
81.8605,-1.0,50,10,3,0,0
82.0930,-1.0,10,1,3,0,0
82.0930,-1.0,10,10,3,0,0
82.1705,-1.0,10,4,2,0,0
82.1705,-1.0,10,8,2,0,0
82.2481,-1.0,10,6,2,0,0
82.3256,-1.0,20,1,3,0,0
82.3256,-1.0,20,10,3,0,0
82.5581,-1.0,10,4,2,0,0
82.5581,-1.0,10,8,2,0,0
82.7907,-1.0,50,1,3,0,0
82.7907,-1.0,50,4,2,0,0
82.7907,-1.0,50,8,2,0,0
82.7907,-1.0,50,10,3,0,0
83.0233,-1.0,10,6,2,0,0
83.1008,-1.0,10,4,2,0,0
83.1783,-1.0,10,1,3,0,0
83.2558,-1.0,10,6,2,0,0
83.2558,-1.0,10,8,2,0,0
83.2558,-1.0,20,10,3,0,0
83.3333,-1.0,20,1,3,0,0
83.3333,-1.0,10,4,2,0,0
83.4109,-1.0,10,6,2,0,0
83.4109,-1.0,10,8,2,0,0
83.4109,-1.0,20,10,3,0,0
83.4884,-1.0,20,1,3,0,0
83.4884,-1.0,10,4,2,0,0
83.6919,-1.0,10,4,2,0,0
83.7209,-1.0,10,6,2,0,0
83.7500,-1.0,10,8,2,0,0
83.9535,-1.0,80,1,2,0,0
83.9535,84.1860,100,1,2,0,0
84.0698,-1.0,900,1,2,0,0
84.1860,-1.0,80,4,2,0,0
84.1860,84.4186,100,4,2,0,0
84.3023,-1.0,900,4,2,0,0
84.4186,-1.0,80,7,2,0,0
84.4186,84.6512,100,7,2,0,0
84.5349,-1.0,900,7,2,0,0
84.6512,-1.0,80,2,2,0,0
84.6512,84.8837,100,2,2,0,0
84.6512,-1.0,80,10,2,0,0
84.6512,84.8837,100,10,2,0,0
84.7674,-1.0,900,2,2,0,0
84.7674,-1.0,900,10,2,0,0
84.8837,-1.0,10,5,2,0,0
85.0388,-1.0,80,7,2,0,0
85.0388,85.3488,100,7,2,0,0
85.1550,-1.0,900,7,2,0,0
85.2713,-1.0,900,7,2,0,0
85.3488,-1.0,10,4,2,0,0
85.3488,-1.0,10,10,2,0,0
85.5814,-1.0,80,1,2,0,0
85.5814,85.8140,100,1,2,0,0
85.5814,-1.0,10,8,2,0,0
85.6977,-1.0,900,1,2,0,0
85.8140,-1.0,80,4,2,0,0
85.8140,86.0465,100,4,2,0,0
85.9302,-1.0,900,4,2,0,0
86.0465,-1.0,10,7,2,0,0
86.2791,-1.0,10,1,2,0,0
86.3566,-1.0,10,4,2,0,0
86.4341,-1.0,10,7,2,0,0
86.5116,-1.0,80,10,2,0,0
86.5116,86.8605,100,10,2,0,0
86.6279,-1.0,900,10,2,0,0
86.7442,-1.0,900,10,2,0,0
86.8605,-1.0,80,7,2,0,0
86.8605,87.2093,100,7,2,0,0
86.9767,-1.0,900,7,2,0,0
87.0930,-1.0,900,7,2,0,0
87.2093,-1.0,80,4,2,0,0
87.2093,87.4419,100,4,2,0,0
87.3256,-1.0,900,4,2,0,0
87.4419,-1.0,80,1,2,0,0
87.4419,87.6744,100,1,2,0,0
87.4419,-1.0,50,7,2,0,0
87.5581,-1.0,900,1,2,0,0
87.6744,-1.0,80,4,2,0,0
87.6744,87.9070,100,4,2,0,0
87.7907,-1.0,900,4,2,0,0
87.9070,-1.0,80,7,2,0,0
87.9070,88.1395,100,7,2,0,0
87.9070,-1.0,10,10,3,0,0
88.0233,-1.0,900,7,2,0,0
88.1395,-1.0,80,4,2,0,0
88.1395,88.3721,100,4,2,0,0
88.2558,-1.0,900,4,2,0,0
88.3721,-1.0,80,1,2,0,0
88.3721,88.6047,100,1,2,0,0
88.3721,-1.0,50,7,2,0,0
88.4884,-1.0,900,1,2,0,0
88.6047,-1.0,80,4,2,0,0
88.6047,88.8372,100,4,2,0,0
88.7209,-1.0,900,4,2,0,0
88.8372,-1.0,80,7,2,0,0
88.8372,89.0698,100,7,2,0,0
88.8372,-1.0,10,10,3,0,0
88.9535,-1.0,900,7,2,0,0
89.0698,-1.0,80,4,2,0,0
89.0698,89.3023,100,4,2,0,0
89.1860,-1.0,900,4,2,0,0
89.3023,-1.0,80,1,2,0,0
89.3023,89.5349,100,1,2,0,0
89.3023,-1.0,80,8,2,0,0
89.3023,89.5349,100,8,2,0,0
89.4186,-1.0,900,1,2,0,0
89.4186,-1.0,900,8,2,0,0
89.5349,-1.0,10,4,3,0,0
89.7674,-1.0,80,4,2,0,0
89.7674,90.0,100,4,2,0,0
89.7674,-1.0,80,11,2,0,0
89.7674,90.0,100,11,2,0,0
89.8837,-1.0,900,4,2,0,0
89.8837,-1.0,900,11,2,0,0
90.0,-1.0,10,7,3,0,0
90.2326,-1.0,82,1,2,0,0
90.2326,90.6977,110,1,2,JumpScratch,3
90.2326,-1.0,82,11,2,0,0
90.2326,90.6977,110,11,2,JumpScratch,-3
90.3488,-1.0,900,1,2,0,0
90.3488,-1.0,900,11,2,0,0
90.4651,-1.0,900,1,2,0,0
90.4651,-1.0,82,5,2,0,0
90.4651,90.6977,110,5,2,JumpScratch,-3
90.4651,-1.0,82,7,2,0,0
90.4651,90.6977,110,7,2,JumpScratch,3
90.4651,-1.0,900,11,2,0,0
90.5814,-1.0,900,1,2,0,0
90.5814,-1.0,900,5,2,0,0
90.5814,-1.0,900,7,2,0,0
90.5814,-1.0,900,11,2,0,0
91.1628,-1.0,81,1,2,0,0
91.1628,91.3178,101,1,2,0,0
91.1628,-1.0,10,7,2,0,0
91.1628,-1.0,10,10,3,0,0
91.2791,-1.0,900,1,2,0,0
91.3178,-1.0,10,4,2,0,0
91.3953,-1.0,10,7,2,0,0
91.5504,-1.0,10,11,2,0,0
91.6279,-1.0,10,1,2,0,0
91.6279,-1.0,10,4,2,0,0
91.8605,-1.0,10,5,2,0,0
91.8605,-1.0,10,8,2,0,0
91.8605,-1.0,10,10,3,0,0
92.0930,-1.0,10,1,3,0,0
92.0930,-1.0,10,5,2,0,0
92.0930,-1.0,81,11,2,0,0
92.0930,92.2481,101,11,2,0,0
92.2093,-1.0,900,11,2,0,0
92.2481,-1.0,10,8,2,0,0
92.3256,-1.0,10,5,2,0,0
92.4806,-1.0,10,4,2,0,0
92.5581,-1.0,10,8,2,0,0
92.5581,-1.0,10,11,2,0,0
92.7907,-1.0,10,1,3,0,0
92.7907,-1.0,10,4,2,0,0
92.7907,-1.0,10,7,2,0,0
93.0233,-1.0,81,1,2,0,0
93.0233,93.1783,101,1,2,0,0
93.0233,-1.0,10,7,2,0,0
93.0233,-1.0,10,10,3,0,0
93.1395,-1.0,900,1,2,0,0
93.1783,-1.0,10,4,2,0,0
93.2558,-1.0,10,7,2,0,0
93.4109,-1.0,10,8,2,0,0
93.4884,-1.0,10,1,2,0,0
93.4884,-1.0,10,4,2,0,0
93.7209,-1.0,83,6,2,0,0
93.7209,93.7597,110,6,2,JumpScratch,3
93.7597,93.7985,110,7,2,JumpScratch,3
93.7985,93.8372,110,8,2,JumpScratch,3
93.8372,93.8760,110,9,2,JumpScratch,3
93.8760,93.9147,110,10,2,JumpScratch,3
93.9535,-1.0,10,3,2,0,0
93.9535,-1.0,10,6,2,0,0
94.1860,-1.0,10,8,3,0,0
94.3411,-1.0,10,2,2,0,0
94.3411,-1.0,10,5,2,0,0
94.4186,-1.0,10,7,3,0,0
94.6512,-1.0,10,1,2,0,0
94.6512,-1.0,10,4,2,0,0
94.8837,-1.0,81,1,2,0,0
94.8837,95.1163,101,1,2,0,0
94.8837,-1.0,80,4,2,0,0
94.8837,95.1163,100,4,2,0,0
94.8837,-1.0,80,7,2,0,0
94.8837,95.1163,100,7,2,0,0
95.0,-1.0,900,1,2,0,0
95.0,-1.0,900,4,2,0,0
95.0,-1.0,900,7,2,0,0
95.1163,-1.0,10,10,2,0,0
95.3488,-1.0,80,2,2,0,0
95.3488,95.5814,100,2,2,0,0
95.3488,-1.0,80,5,2,0,0
95.3488,95.5814,100,5,2,0,0
95.3488,-1.0,81,11,2,0,0
95.3488,95.5814,101,11,2,0,0
95.4651,-1.0,900,2,2,0,0
95.4651,-1.0,900,5,2,0,0
95.4651,-1.0,900,11,2,0,0
95.5814,-1.0,10,8,2,0,0
95.8140,-1.0,81,1,2,0,0
95.8140,96.0465,101,1,2,0,0
95.8140,-1.0,80,7,2,0,0
95.8140,96.0465,100,7,2,0,0
95.8140,-1.0,80,10,2,0,0
95.8140,96.0465,100,10,2,0,0
95.9302,-1.0,900,1,2,0,0
95.9302,-1.0,900,7,2,0,0
95.9302,-1.0,900,10,2,0,0
96.0465,-1.0,10,4,2,0,0
96.2791,-1.0,80,5,2,0,0
96.2791,96.5116,100,5,2,0,0
96.2791,-1.0,80,8,2,0,0
96.2791,96.5116,100,8,2,0,0
96.2791,-1.0,81,11,2,0,0
96.2791,96.5116,101,11,2,0,0
96.3953,-1.0,900,5,2,0,0
96.3953,-1.0,900,8,2,0,0
96.3953,-1.0,900,11,2,0,0
96.5116,-1.0,10,2,2,0,0
96.7442,-1.0,83,1,12,0,0
96.7442,96.9767,110,1,12,JumpScratch,-4
96.8605,-1.0,900,1,12,0,0
96.9767,97.0930,110,1,12,JumpScratch,8
97.0930,97.2093,110,1,12,JumpScratch,-7
97.2093,97.3256,110,1,12,JumpScratch,5
97.3256,97.4419,110,1,12,JumpScratch,-9
97.4419,97.5581,110,1,12,JumpScratch,3
97.5581,97.6744,110,1,12,0,0
98.1395,-1.0,83,6,3,0,0
98.1395,98.1783,110,6,3,JumpScratch,-4
98.1395,-1.0,50,10,3,0,0
98.1783,98.2171,110,5,3,JumpScratch,-4
98.2171,98.2558,110,4,3,JumpScratch,-4
98.2558,98.2946,110,3,3,JumpScratch,-4
98.2946,98.3333,110,2,3,JumpScratch,-4
98.3721,-1.0,83,10,3,0,0
98.3721,98.4109,110,10,3,JumpScratch,-4
98.4109,98.4496,110,9,3,JumpScratch,-4
98.4496,98.4884,110,8,3,JumpScratch,-4
98.4884,98.5271,110,7,3,JumpScratch,-4
98.5271,98.5659,110,6,3,JumpScratch,-4
98.5659,98.6047,110,5,3,JumpScratch,8
98.6047,-1.0,81,1,3,0,0
98.6047,98.8372,101,1,3,0,0
98.7209,-1.0,900,1,3,0,0
98.8372,-1.0,10,6,2,0,0
98.8372,-1.0,10,9,2,0,0
99.0698,-1.0,81,4,3,0,0
99.0698,99.3023,101,4,3,0,0
99.0698,-1.0,10,8,2,0,0
99.0698,-1.0,10,11,2,0,0
99.1860,-1.0,900,4,3,0,0
99.3023,-1.0,10,1,2,0,0
99.3023,-1.0,10,8,2,0,0
99.5349,-1.0,10,1,2,0,0
99.5349,-1.0,10,4,2,0,0
99.5349,-1.0,81,7,3,0,0
99.5349,99.7674,101,7,3,0,0
99.6512,-1.0,900,7,3,0,0
99.7674,-1.0,10,4,2,0,0
99.7674,-1.0,10,11,2,0,0
100.0,-1.0,10,1,2,0,0
100.0,-1.0,10,4,2,0,0
100.0,-1.0,81,10,3,0,0
100.0,100.2326,101,10,3,0,0
100.1163,-1.0,900,10,3,0,0
100.2326,-1.0,10,4,2,0,0
100.2326,-1.0,10,8,2,0,0
100.4651,-1.0,50,1,4,0,0
100.4651,-1.0,83,8,2,0,0
100.4651,100.5039,110,8,2,JumpScratch,-3
100.4651,-1.0,83,11,2,0,0
100.4651,100.5039,110,11,2,JumpScratch,-3
100.5039,100.5426,110,7,2,JumpScratch,-3
100.5039,100.5426,110,10,2,JumpScratch,-3
100.5426,100.9302,110,6,2,JumpScratch,3
100.5426,100.9302,110,9,2,JumpScratch,4
100.6589,-1.0,900,6,2,0,0
100.6589,-1.0,900,9,2,0,0
100.6977,-1.0,20,1,12,0,0
100.7752,-1.0,900,6,2,0,0
100.7752,-1.0,900,9,2,0,0
100.9302,-1.0,83,1,2,0,0
100.9302,100.9690,110,1,2,JumpScratch,3
100.9302,-1.0,83,4,2,0,0
100.9302,100.9690,110,4,2,JumpScratch,3
100.9690,101.0078,110,2,2,JumpScratch,3
100.9690,101.0078,110,5,2,JumpScratch,3
101.0078,101.3953,110,3,2,JumpScratch,-4
101.0078,101.3953,110,6,2,JumpScratch,-3
101.1240,-1.0,900,3,2,0,0
101.1240,-1.0,900,6,2,0,0
101.1628,-1.0,20,1,12,0,0
101.2403,-1.0,900,3,2,0,0
101.2403,-1.0,900,6,2,0,0
101.3953,-1.0,50,9,4,0,0
101.6279,-1.0,50,3,4,0,0
101.6279,-1.0,10,8,2,0,0
101.6279,-1.0,10,11,2,0,0
101.8605,-1.0,10,2,2,0,0
101.8605,-1.0,10,5,2,0,0
101.8605,-1.0,50,8,4,0,0
102.0930,-1.0,50,1,4,0,0
102.0930,-1.0,10,6,2,0,0
102.0930,-1.0,10,9,2,0,0
102.3256,-1.0,10,4,2,0,0
102.3256,-1.0,10,8,2,0,0
102.5581,-1.0,80,1,2,0,0
102.5581,103.1008,100,1,2,0,0
102.5581,-1.0,80,4,2,0,0
102.5581,103.1008,100,4,2,0,0
102.5581,-1.0,10,11,2,0,0
102.6357,-1.0,10,8,2,0,0
102.6744,-1.0,900,1,2,0,0
102.6744,-1.0,900,4,2,0,0
102.7132,-1.0,10,11,2,0,0
102.7907,-1.0,900,1,2,0,0
102.7907,-1.0,900,4,2,0,0
102.7907,-1.0,10,8,2,0,0
102.8682,-1.0,10,11,2,0,0
102.9070,-1.0,900,1,2,0,0
102.9070,-1.0,900,4,2,0,0
102.9457,-1.0,10,8,2,0,0
103.0233,-1.0,900,1,2,0,0
103.0233,-1.0,900,4,2,0,0
103.0233,-1.0,10,11,2,0,0
103.1008,-1.0,10,8,2,0,0
103.2558,-1.0,10,2,2,0,0
103.2558,-1.0,10,5,2,0,0
103.2558,-1.0,10,11,2,0,0
103.6047,-1.0,10,3,2,0,0
103.6047,-1.0,10,6,2,0,0
103.6047,-1.0,10,11,2,0,0
103.9535,-1.0,10,4,2,0,0
103.9535,-1.0,10,7,2,0,0
103.9535,-1.0,10,11,2,0,0
104.1860,-1.0,10,1,2,0,0
104.1860,-1.0,10,5,2,0,0
104.1860,-1.0,10,8,2,0,0
104.5349,-1.0,10,1,2,0,0
104.5349,-1.0,10,6,2,0,0
104.5349,-1.0,10,9,2,0,0
104.8837,-1.0,10,1,2,0,0
104.8837,-1.0,10,7,2,0,0
104.8837,-1.0,10,10,2,0,0
105.1163,-1.0,10,2,2,0,0
105.1938,-1.0,10,5,2,0,0
105.2713,-1.0,10,8,2,0,0
105.3488,-1.0,10,11,2,0,0
105.5039,-1.0,10,4,2,0,0
105.5814,-1.0,50,7,2,0,0
105.5814,-1.0,50,10,3,0,0
105.8140,-1.0,50,1,3,0,0
105.8140,-1.0,50,5,2,0,0
106.0465,-1.0,20,4,3,0,0
106.0465,-1.0,20,7,3,0,0
106.2791,-1.0,10,11,2,0,0
106.3178,-1.0,10,8,2,0,0
106.5116,-1.0,10,1,2,0,0
106.5116,-1.0,10,4,2,0,0
106.5116,-1.0,10,11,2,0,0
106.6667,-1.0,10,5,2,0,0
106.7442,-1.0,10,8,2,0,0
106.7442,-1.0,10,11,2,0,0
106.8992,-1.0,10,4,2,0,0
106.9767,-1.0,10,7,2,0,0
106.9767,-1.0,10,10,2,0,0
107.0930,-1.0,82,1,2,0,0
107.0930,107.1318,110,1,2,JumpScratch,4
107.1318,107.1705,110,3,2,JumpScratch,4
107.1705,107.2093,110,5,2,JumpScratch,4
107.4419,-1.0,10,1,2,0,0
107.4419,-1.0,10,4,2,0,0
107.4419,-1.0,10,11,2,0,0
107.5969,-1.0,10,8,2,0,0
107.6744,-1.0,10,2,2,0,0
107.6744,-1.0,10,5,2,0,0
107.9070,-1.0,10,1,2,0,0
107.9070,-1.0,10,4,2,0,0
107.9070,-1.0,10,7,2,0,0
108.1395,-1.0,10,1,3,0,0
108.1395,-1.0,10,5,2,0,0
108.1395,-1.0,10,8,2,0,0
108.3721,-1.0,10,3,2,0,0
108.3721,-1.0,10,6,2,0,0
108.3721,-1.0,10,9,2,0,0
108.6047,-1.0,10,4,2,0,0
108.6047,-1.0,10,7,2,0,0
108.6047,-1.0,10,10,3,0,0
108.8372,-1.0,10,5,2,0,0
108.8372,-1.0,10,8,2,0,0
108.8372,-1.0,10,11,2,0,0
109.0698,-1.0,20,5,2,0,0
109.0988,-1.0,20,8,2,0,0
109.1279,-1.0,20,11,2,0,0
109.4186,-1.0,20,5,2,0,0
109.4477,-1.0,20,8,2,0,0
109.4767,-1.0,20,11,2,0,0
109.7674,-1.0,20,5,2,0,0
109.7965,-1.0,20,8,2,0,0
109.8256,-1.0,20,11,2,0,0
110.0,-1.0,10,4,2,0,0
110.0,-1.0,10,7,2,0,0
110.2326,-1.0,10,2,2,0,0
110.2326,-1.0,10,5,2,0,0
110.2326,-1.0,10,10,2,0,0
110.4651,-1.0,10,4,2,0,0
110.4651,-1.0,10,7,2,0,0
110.6977,-1.0,10,6,2,0,0
110.6977,-1.0,10,9,2,0,0
110.9302,-1.0,20,5,2,0,0
110.9593,-1.0,20,8,2,0,0
110.9884,-1.0,20,11,2,0,0
111.1628,-1.0,10,4,2,0,0
111.2791,-1.0,10,1,2,0,0
111.2791,-1.0,20,7,2,0,0
111.2791,-1.0,20,10,2,0,0
111.6279,-1.0,50,4,3,0,0
111.6279,-1.0,20,8,2,0,0
111.6279,-1.0,20,11,2,0,0
111.8605,-1.0,10,4,2,0,0
111.8605,-1.0,10,7,3,0,0
111.8605,-1.0,10,11,2,0,0
112.0930,-1.0,20,1,2,0,0
112.0930,-1.0,20,4,2,0,0
112.0930,-1.0,50,7,3,0,0
112.3256,-1.0,10,1,2,0,0
112.3256,-1.0,10,4,3,0,0
112.3256,-1.0,10,8,2,0,0
112.5581,-1.0,50,1,2,0,0
112.5581,-1.0,50,4,2,0,0
112.5581,-1.0,50,8,2,0,0
112.5581,-1.0,50,11,2,0,0
112.7907,-1.0,10,9,4,0,0
112.8682,-1.0,10,5,4,0,0
112.9457,-1.0,10,1,4,0,0
113.0233,-1.0,10,7,2,0,0
113.0233,-1.0,10,10,3,0,0
113.1008,-1.0,10,1,3,0,0
113.1008,-1.0,10,5,2,0,0
113.1783,-1.0,10,7,2,0,0
113.1783,-1.0,10,10,3,0,0
113.2558,-1.0,10,1,3,0,0
113.2558,-1.0,10,5,2,0,0
113.4884,-1.0,10,8,2,0,0
113.4884,-1.0,81,11,2,0,0
113.4884,114.4186,101,11,2,0,0
113.6047,-1.0,900,11,2,0,0
113.7209,-1.0,10,1,2,0,0
113.7209,-1.0,10,4,2,0,0
113.7209,-1.0,900,11,2,0,0
113.8372,-1.0,900,11,2,0,0
113.9535,-1.0,10,8,2,0,0
113.9535,-1.0,900,11,2,0,0
114.0698,-1.0,900,11,2,0,0
114.1860,-1.0,10,2,2,0,0
114.1860,-1.0,10,5,2,0,0
114.1860,-1.0,900,11,2,0,0
114.3023,-1.0,900,11,2,0,0
114.4186,-1.0,80,8,2,0,0
114.4186,115.3488,100,8,2,0,0
114.5349,-1.0,900,8,2,0,0
114.6512,-1.0,10,1,2,0,0
114.6512,-1.0,10,4,2,0,0
114.6512,-1.0,900,8,2,0,0
114.7674,-1.0,900,8,2,0,0
114.8837,-1.0,900,8,2,0,0
114.8837,-1.0,10,11,2,0,0
115.0,-1.0,900,8,2,0,0
115.1163,-1.0,10,2,2,0,0
115.1163,-1.0,10,5,2,0,0
115.1163,-1.0,900,8,2,0,0
115.2326,-1.0,900,8,2,0,0
115.3488,-1.0,80,4,2,0,0
115.3488,116.2791,100,4,2,0,0
115.4651,-1.0,900,4,2,0,0
115.5814,-1.0,900,4,2,0,0
115.5814,-1.0,10,8,2,0,0
115.5814,-1.0,10,11,2,0,0
115.6977,-1.0,900,4,2,0,0
115.8140,-1.0,10,1,2,0,0
115.8140,-1.0,900,4,2,0,0
115.9302,-1.0,900,4,2,0,0
116.0465,-1.0,900,4,2,0,0
116.0465,-1.0,10,7,2,0,0
116.0465,-1.0,10,10,2,0,0
116.1628,-1.0,900,4,2,0,0
116.2791,-1.0,80,1,2,0,0
116.2791,117.2093,100,1,2,0,0
116.3953,-1.0,900,1,2,0,0
116.5116,-1.0,900,1,2,0,0
116.5116,-1.0,10,8,2,0,0
116.5116,-1.0,10,11,2,0,0
116.6279,-1.0,900,1,2,0,0
116.6667,-1.0,10,4,2,0,0
116.7442,-1.0,900,1,2,0,0
116.7442,-1.0,10,7,2,0,0
116.8605,-1.0,900,1,2,0,0
116.9767,-1.0,900,1,2,0,0
116.9767,-1.0,50,7,2,0,0
116.9767,-1.0,50,10,2,0,0
117.0930,-1.0,900,1,2,0,0
117.2093,-1.0,10,8,2,0,0
117.2093,-1.0,80,11,2,0,0
117.2093,118.1395,100,11,2,0,0
117.3256,-1.0,900,11,2,0,0
117.4419,-1.0,10,1,2,0,0
117.4419,-1.0,10,4,2,0,0
117.4419,-1.0,900,11,2,0,0
117.5581,-1.0,900,11,2,0,0
117.6744,-1.0,10,8,2,0,0
117.6744,-1.0,900,11,2,0,0
117.7907,-1.0,900,11,2,0,0
117.9070,-1.0,10,2,2,0,0
117.9070,-1.0,10,5,2,0,0
117.9070,-1.0,900,11,2,0,0
118.0233,-1.0,900,11,2,0,0
118.1395,-1.0,80,8,2,0,0
118.1395,119.0698,100,8,2,0,0
118.2558,-1.0,900,8,2,0,0
118.3721,-1.0,10,1,2,0,0
118.3721,-1.0,10,4,2,0,0
118.3721,-1.0,900,8,2,0,0
118.4884,-1.0,900,8,2,0,0
118.6047,-1.0,900,8,2,0,0
118.6047,-1.0,10,11,2,0,0
118.7209,-1.0,900,8,2,0,0
118.8372,-1.0,10,2,2,0,0
118.8372,-1.0,10,5,2,0,0
118.8372,-1.0,900,8,2,0,0
118.9535,-1.0,900,8,2,0,0
119.0698,-1.0,80,4,2,0,0
119.0698,120.0,100,4,2,0,0
119.1860,-1.0,900,4,2,0,0
119.3023,-1.0,900,4,2,0,0
119.3023,-1.0,10,8,2,0,0
119.3023,-1.0,10,11,2,0,0
119.4186,-1.0,900,4,2,0,0
119.5349,-1.0,10,1,2,0,0
119.5349,-1.0,900,4,2,0,0
119.6512,-1.0,900,4,2,0,0
119.7674,-1.0,900,4,2,0,0
119.7674,-1.0,10,7,2,0,0
119.7674,-1.0,10,10,2,0,0
119.8837,-1.0,900,4,2,0,0
120.0,-1.0,80,8,2,0,0
120.0,120.4651,100,8,2,0,0
120.1163,-1.0,900,8,2,0,0
120.2326,-1.0,10,1,2,0,0
120.2326,-1.0,10,4,2,0,0
120.2326,-1.0,900,8,2,0,0
120.3488,-1.0,900,8,2,0,0
120.3876,-1.0,10,11,2,0,0
120.4651,-1.0,10,2,2,0,0
120.4651,-1.0,10,5,2,0,0
120.6977,-1.0,10,4,3,0,0
120.8527,-1.0,10,8,2,0,0
120.9302,-1.0,10,4,3,0,0
120.9302,-1.0,81,11,2,0,0
120.9302,121.8605,101,11,2,0,0
121.0465,-1.0,900,11,2,0,0
121.1628,-1.0,10,1,3,0,0
121.1628,-1.0,900,11,2,0,0
121.2791,-1.0,900,11,2,0,0
121.3178,-1.0,10,7,3,0,0
121.3953,-1.0,10,4,2,0,0
121.3953,-1.0,900,11,2,0,0
121.5116,-1.0,900,11,2,0,0
121.6279,-1.0,10,1,3,0,0
121.6279,-1.0,900,11,2,0,0
121.7442,-1.0,900,11,2,0,0
121.7829,-1.0,10,4,2,0,0
121.8605,-1.0,10,1,3,0,0
121.8605,-1.0,80,8,2,0,0
121.8605,122.7907,100,8,2,0,0
121.9767,-1.0,900,8,2,0,0
122.0930,-1.0,900,8,2,0,0
122.0930,-1.0,10,10,3,0,0
122.2093,-1.0,900,8,2,0,0
122.2481,-1.0,10,1,3,0,0
122.3256,-1.0,10,5,2,0,0
122.3256,-1.0,900,8,2,0,0
122.4419,-1.0,900,8,2,0,0
122.5581,-1.0,900,8,2,0,0
122.5581,-1.0,10,10,3,0,0
122.6744,-1.0,900,8,2,0,0
122.7132,-1.0,10,1,2,0,0
122.7907,-1.0,80,4,2,0,0
122.7907,123.7209,100,4,2,0,0
122.7907,-1.0,10,10,3,0,0
122.9070,-1.0,900,4,2,0,0
123.0233,-1.0,900,4,2,0,0
123.0233,-1.0,10,7,3,0,0
123.1395,-1.0,900,4,2,0,0
123.1783,-1.0,10,10,3,0,0
123.2558,-1.0,900,4,2,0,0
123.2558,-1.0,10,7,2,0,0
123.3721,-1.0,900,4,2,0,0
123.4884,-1.0,900,4,2,0,0
123.4884,-1.0,80,7,3,0,0
123.4884,123.7209,100,7,3,0,0
123.6047,-1.0,900,4,2,0,0
123.6047,-1.0,900,7,3,0,0
123.7209,-1.0,80,1,2,0,0
123.7209,124.6512,100,1,2,0,0
123.7209,-1.0,81,10,3,0,0
123.7209,123.9535,101,10,3,0,0
123.8372,-1.0,900,1,2,0,0
123.8372,-1.0,900,10,3,0,0
123.9535,-1.0,900,1,2,0,0
123.9535,-1.0,80,7,3,0,0
123.9535,124.1860,100,7,3,0,0
124.0698,-1.0,900,1,2,0,0
124.0698,-1.0,900,7,3,0,0
124.1860,-1.0,900,1,2,0,0
124.1860,-1.0,81,4,3,0,0
124.1860,124.4186,101,4,3,0,0
124.1860,-1.0,10,10,3,0,0
124.3023,-1.0,900,1,2,0,0
124.3023,-1.0,900,4,3,0,0
124.4186,-1.0,900,1,2,0,0
124.4186,-1.0,80,7,3,0,0
124.4186,124.6512,100,7,3,0,0
124.5349,-1.0,900,1,2,0,0
124.5349,-1.0,900,7,3,0,0
124.6512,-1.0,81,4,3,0,0
124.6512,124.8837,101,4,3,0,0
124.6512,-1.0,80,11,2,0,0
124.6512,125.5814,100,11,2,0,0
124.7674,-1.0,900,4,3,0,0
124.7674,-1.0,900,11,2,0,0
124.8837,-1.0,10,8,2,0,0
124.8837,-1.0,900,11,2,0,0
125.0,-1.0,900,11,2,0,0
125.0388,-1.0,82,2,2,0,0
125.0388,125.3488,110,2,2,0,0
125.0388,-1.0,82,5,2,0,0
125.0388,125.3488,110,5,2,0,0
125.1163,-1.0,10,8,2,0,0
125.1163,-1.0,900,11,2,0,0
125.1550,-1.0,900,2,2,0,0
125.1550,-1.0,900,5,2,0,0
125.2326,-1.0,900,11,2,0,0
125.2713,-1.0,900,2,2,0,0
125.2713,-1.0,900,5,2,0,0
125.3488,-1.0,900,11,2,0,0
125.4651,-1.0,900,11,2,0,0
125.5814,-1.0,10,1,2,0,0
125.5814,-1.0,80,8,2,0,0
125.5814,126.5116,100,8,2,0,0
125.6977,-1.0,900,8,2,0,0
125.8140,-1.0,10,4,2,0,0
125.8140,-1.0,900,8,2,0,0
125.8140,-1.0,10,11,2,0,0
125.9302,-1.0,900,8,2,0,0
126.0465,-1.0,10,1,3,0,0
126.0465,-1.0,900,8,2,0,0
126.1240,-1.0,10,5,2,0,0
126.1628,-1.0,900,8,2,0,0
126.2015,-1.0,10,11,2,0,0
126.2791,-1.0,10,1,3,0,0
126.2791,-1.0,900,8,2,0,0
126.3953,-1.0,900,8,2,0,0
126.5116,-1.0,10,5,2,0,0
126.5116,-1.0,10,11,2,0,0
126.7442,-1.0,10,2,2,0,0
126.7442,-1.0,10,5,2,0,0
126.8992,-1.0,10,7,2,0,0
126.9767,-1.0,10,1,4,0,0
126.9767,-1.0,10,9,4,0,0
127.0543,-1.0,10,7,2,0,0
127.1318,-1.0,10,5,2,0,0
127.2093,-1.0,10,1,4,0,0
127.2093,-1.0,10,9,4,0,0
127.2868,-1.0,10,5,2,0,0
127.3643,-1.0,10,7,2,0,0
127.4419,-1.0,82,1,3,0,0
127.4419,127.9070,110,1,3,0,0
127.4419,-1.0,82,10,3,0,0
127.4419,127.9070,110,10,3,0,0
127.5581,-1.0,900,1,3,0,0
127.5581,-1.0,900,10,3,0,0
127.6744,-1.0,20,1,6,0,0
127.6744,-1.0,20,7,6,0,0
127.7907,-1.0,900,1,3,0,0
127.7907,-1.0,900,10,3,0,0
128.1395,-1.0,10,6,2,0,0
128.3721,-1.0,81,1,3,0,0
128.3721,128.8372,101,1,3,0,0
128.3721,-1.0,10,6,2,0,0
128.3721,-1.0,20,10,3,0,0
128.4884,-1.0,900,1,3,0,0
128.6047,-1.0,900,1,3,0,0
128.6047,-1.0,10,8,2,0,0
128.6047,-1.0,10,10,3,0,0
128.7209,-1.0,900,1,3,0,0
128.8372,-1.0,80,4,2,0,0
128.8372,129.3023,100,4,2,0,0
128.8372,-1.0,10,6,2,0,0
128.8372,-1.0,20,10,3,0,0
128.9535,-1.0,900,4,2,0,0
129.0698,-1.0,10,1,3,0,0
129.0698,-1.0,900,4,2,0,0
129.0698,-1.0,10,8,2,0,0
129.1860,-1.0,900,4,2,0,0
129.3023,-1.0,20,1,3,0,0
129.3023,-1.0,10,6,2,0,0
129.3023,-1.0,81,10,3,0,0
129.3023,129.6899,101,10,3,0,0
129.4186,-1.0,900,10,3,0,0
129.5349,-1.0,10,4,2,0,0
129.5349,-1.0,10,8,2,0,0
129.5349,-1.0,900,10,3,0,0
129.6512,-1.0,900,10,3,0,0
129.6899,-1.0,80,6,2,0,0
129.6899,130.0,100,6,2,0,0
129.7674,-1.0,20,1,3,0,0
129.7674,-1.0,10,4,2,0,0
129.8062,-1.0,900,6,2,0,0
129.9225,-1.0,900,6,2,0,0
130.0,-1.0,10,1,3,0,0
130.0,-1.0,10,8,2,0,0
130.0,-1.0,10,10,3,0,0
130.2326,-1.0,20,1,3,0,0
130.2326,-1.0,50,6,2,0,0
130.2326,-1.0,50,8,2,0,0
130.3876,-1.0,10,4,2,0,0
130.4651,-1.0,10,1,3,0,0
130.4651,-1.0,50,8,2,0,0
130.4651,-1.0,50,10,3,0,0
130.6202,-1.0,10,6,2,0,0
130.6977,-1.0,50,1,3,0,0
130.6977,-1.0,50,4,2,0,0
130.6977,-1.0,10,8,2,0,0
130.9302,-1.0,82,1,3,0,0
130.9302,131.1628,110,1,3,0,0
130.9302,-1.0,82,6,2,0,0
130.9302,131.1628,110,6,2,0,0
130.9302,-1.0,82,10,3,0,0
130.9302,131.1628,110,10,3,0,0
131.0465,-1.0,900,1,3,0,0
131.0465,-1.0,900,6,2,0,0
131.0465,-1.0,900,10,3,0,0
131.3953,-1.0,10,4,2,0,0
131.5504,-1.0,10,8,2,0,0
131.6279,-1.0,20,1,3,0,0
131.6279,-1.0,10,4,2,0,0
131.6279,-1.0,10,6,2,0,0
131.8605,-1.0,80,4,2,0,0
131.8605,132.0930,100,4,2,0,0
131.8605,-1.0,10,8,2,0,0
131.8605,-1.0,10,10,3,0,0
131.9767,-1.0,900,4,2,0,0
132.0930,-1.0,81,1,3,0,0
132.0930,132.3256,101,1,3,0,0
132.0930,-1.0,10,6,2,0,0
132.0930,-1.0,20,10,3,0,0
132.2093,-1.0,900,1,3,0,0
132.3256,-1.0,80,4,2,0,0
132.3256,132.5581,100,4,2,0,0
132.3256,-1.0,10,6,2,0,0
132.3256,-1.0,10,8,2,0,0
132.4419,-1.0,900,4,2,0,0
132.5581,-1.0,20,1,3,0,0
132.5581,-1.0,80,8,2,0,0
132.5581,132.7907,100,8,2,0,0
132.5581,-1.0,10,10,3,0,0
132.6744,-1.0,900,8,2,0,0
132.7907,-1.0,10,1,3,0,0
132.7907,-1.0,10,4,2,0,0
132.7907,-1.0,80,6,2,0,0
132.7907,133.0233,100,6,2,0,0
132.9070,-1.0,900,6,2,0,0
133.0233,-1.0,81,1,3,0,0
133.0233,133.2558,101,1,3,0,0
133.0233,-1.0,10,8,2,0,0
133.0233,-1.0,20,10,3,0,0
133.1395,-1.0,900,1,3,0,0
133.2558,-1.0,10,4,2,0,0
133.2558,-1.0,10,6,2,0,0
133.4884,-1.0,10,1,3,0,0
133.4884,-1.0,10,4,2,0,0
133.4884,-1.0,10,8,2,0,0
133.4884,-1.0,81,10,3,0,0
133.4884,133.8760,101,10,3,0,0
133.6047,-1.0,900,10,3,0,0
133.7209,-1.0,10,1,3,0,0
133.7209,-1.0,10,6,2,0,0
133.7209,-1.0,900,10,3,0,0
133.8372,-1.0,900,10,3,0,0
133.8760,-1.0,10,4,2,0,0
133.9535,-1.0,80,1,3,0,0
133.9535,134.1860,100,1,3,0,0
133.9535,-1.0,20,6,2,0,0
133.9535,-1.0,20,8,2,0,0
134.0698,-1.0,900,1,3,0,0
134.1860,-1.0,10,4,2,0,0
134.1860,-1.0,50,8,2,0,0
134.1860,-1.0,50,10,3,0,0
134.4186,-1.0,20,4,2,0,0
134.4186,-1.0,80,6,2,0,0
134.4186,134.6512,100,6,2,0,0
134.4186,-1.0,20,8,2,0,0
134.5349,-1.0,900,6,2,0,0
134.6512,-1.0,50,1,3,0,0
134.6512,-1.0,50,4,2,0,0
134.6512,-1.0,10,10,3,0,0
134.8837,-1.0,81,4,2,0,0
134.8837,135.1163,101,4,2,0,0
134.8837,-1.0,20,6,2,0,0
134.8837,-1.0,20,8,2,0,0
135.0,-1.0,900,4,2,0,0
135.1163,-1.0,50,8,2,0,0
135.1163,-1.0,50,10,3,0,0
135.2713,-1.0,80,1,3,0,0
135.2713,135.5814,100,1,3,0,0
135.3488,-1.0,20,6,2,0,0
135.3488,-1.0,20,10,3,0,0
135.3876,-1.0,900,1,3,0,0
135.5039,-1.0,900,1,3,0,0
135.5814,-1.0,20,4,2,0,0
135.5814,-1.0,50,6,2,0,0
135.5814,-1.0,50,8,2,0,0
135.8140,-1.0,20,1,3,0,0
135.8140,-1.0,10,4,2,0,0
135.8140,-1.0,81,10,3,0,0
135.8140,136.2791,101,10,3,0,0
135.9302,-1.0,900,10,3,0,0
136.0465,-1.0,10,1,3,0,0
136.0465,-1.0,10,8,2,0,0
136.0465,-1.0,900,10,3,0,0
136.1628,-1.0,900,10,3,0,0
136.2791,-1.0,20,1,3,0,0
136.2791,-1.0,10,4,2,0,0
136.2791,-1.0,80,6,2,0,0
136.2791,136.7442,100,6,2,0,0
136.3953,-1.0,900,6,2,0,0
136.5116,-1.0,10,4,2,0,0
136.5116,-1.0,900,6,2,0,0
136.5116,-1.0,10,10,3,0,0
136.6279,-1.0,900,6,2,0,0
136.7442,-1.0,81,1,3,0,0
136.7442,137.1318,101,1,3,0,0
136.7442,-1.0,10,4,2,0,0
136.7442,-1.0,20,8,2,0,0
136.8605,-1.0,900,1,3,0,0
136.9767,-1.0,900,1,3,0,0
136.9767,-1.0,10,6,2,0,0
136.9767,-1.0,10,10,3,0,0
137.0930,-1.0,900,1,3,0,0
137.1318,-1.0,80,4,2,0,0
137.1318,137.4419,100,4,2,0,0
137.2093,-1.0,10,8,2,0,0
137.2093,-1.0,20,10,3,0,0
137.2481,-1.0,900,4,2,0,0
137.3643,-1.0,900,4,2,0,0
137.4419,-1.0,10,1,3,0,0
137.4419,-1.0,80,10,3,0,0
137.4419,137.6744,100,10,3,0,0
137.5581,-1.0,900,10,3,0,0
137.6744,-1.0,20,1,3,0,0
137.6744,-1.0,10,6,2,0,0
137.6744,-1.0,20,8,2,0,0
137.8295,-1.0,10,4,2,0,0
137.9070,-1.0,10,1,3,0,0
137.9070,-1.0,10,8,2,0,0
137.9070,-1.0,10,10,3,0,0
138.0620,-1.0,10,6,2,0,0
138.1395,-1.0,81,1,3,0,0
138.1395,138.3721,101,1,3,0,0
138.1395,-1.0,20,4,2,0,0
138.1395,-1.0,81,10,3,0,0
138.1395,138.3721,101,10,3,0,0
138.2558,-1.0,900,1,3,0,0
138.2558,-1.0,900,10,3,0,0
138.3721,-1.0,81,4,2,0,0
138.3721,138.6047,101,4,2,0,0
138.3721,-1.0,20,8,2,0,0
138.4884,-1.0,900,4,2,0,0
138.6047,-1.0,81,1,3,0,0
138.6047,139.0698,101,1,3,0,0
138.6047,-1.0,50,6,2,0,0
138.6047,-1.0,50,8,2,0,0
138.7209,-1.0,900,1,3,0,0
138.8372,-1.0,900,1,3,0,0
138.8372,-1.0,10,4,2,0,0
138.9535,-1.0,900,1,3,0,0
138.9922,-1.0,10,6,2,0,0
138.9922,-1.0,10,9,3,0,0
139.0698,-1.0,10,4,2,0,0
139.3023,-1.0,10,1,3,0,0
139.3023,-1.0,10,7,2,0,0
139.3023,-1.0,10,10,3,0,0
139.4574,-1.0,10,4,3,0,0
139.5349,-1.0,81,1,3,0,0
139.5349,140.0,101,1,3,0,0
139.5349,-1.0,10,7,3,0,0
139.5349,-1.0,10,10,3,0,0
139.6512,-1.0,900,1,3,0,0
139.7674,-1.0,900,1,3,0,0
139.7674,-1.0,50,4,3,0,0
139.7674,-1.0,50,7,3,0,0
139.8837,-1.0,900,1,3,0,0
139.9225,-1.0,10,4,3,0,0
140.0,-1.0,50,7,3,0,0
140.0,-1.0,50,10,3,0,0
140.2326,-1.0,10,1,3,0,0
140.2326,-1.0,10,10,3,0,0
140.3876,-1.0,10,7,3,0,0
140.4651,-1.0,10,1,3,0,0
140.4651,-1.0,10,4,3,0,0
140.4651,-1.0,81,10,3,0,0
140.4651,140.9302,101,10,3,0,0
140.5814,-1.0,900,10,3,0,0
140.6977,-1.0,50,4,3,0,0
140.6977,-1.0,50,7,3,0,0
140.6977,-1.0,900,10,3,0,0
140.8140,-1.0,900,10,3,0,0
140.8527,-1.0,10,7,3,0,0
140.9302,-1.0,50,1,3,0,0
140.9302,-1.0,50,4,3,0,0
141.1628,-1.0,10,1,3,0,0
141.1628,-1.0,10,10,3,0,0
141.3178,-1.0,10,4,3,0,0
141.3953,-1.0,20,1,3,0,0
141.3953,-1.0,20,7,3,0,0
141.3953,-1.0,80,10,3,0,0
141.3953,141.6279,100,10,3,0,0
141.5116,-1.0,900,10,3,0,0
141.6279,-1.0,50,4,3,0,0
141.6279,-1.0,50,7,3,0,0
141.7829,-1.0,10,7,3,0,0
141.8605,-1.0,80,1,3,0,0
141.8605,142.0930,100,1,3,0,0
141.8605,-1.0,20,4,3,0,0
141.8605,-1.0,20,10,3,0,0
141.9767,-1.0,900,1,3,0,0
142.0930,-1.0,50,4,3,0,0
142.0930,-1.0,50,7,3,0,0
142.2481,-1.0,10,4,3,0,0
142.3256,-1.0,20,1,3,0,0
142.3256,-1.0,20,7,3,0,0
142.3256,-1.0,80,10,3,0,0
142.3256,142.5581,100,10,3,0,0
142.4419,-1.0,900,10,3,0,0
142.5581,-1.0,10,4,3,0,0
142.5581,-1.0,10,7,3,0,0
142.7132,-1.0,80,1,3,0,0
142.7132,143.0233,100,1,3,0,0
142.7907,-1.0,20,7,3,0,0
142.7907,-1.0,20,10,3,0,0
142.8295,-1.0,900,1,3,0,0
142.9457,-1.0,900,1,3,0,0
143.0233,-1.0,50,4,3,0,0
143.0233,-1.0,50,7,3,0,0
143.2558,-1.0,83,1,3,0,0
143.2558,143.4884,110,1,3,0,0
143.2558,-1.0,50,4,3,0,0
143.2558,-1.0,50,7,3,0,0
143.3721,-1.0,900,1,3,0,0
143.4884,-1.0,20,7,3,0,0
143.7209,-1.0,83,1,3,0,0
143.7209,143.9535,110,1,3,0,0
143.7209,-1.0,83,4,3,0,0
143.7209,143.9535,110,4,3,0,0
143.7209,-1.0,50,7,3,0,0
143.7209,-1.0,50,10,3,0,0
143.8372,-1.0,900,1,3,0,0
143.8372,-1.0,900,4,3,0,0
143.9535,-1.0,20,10,3,0,0
144.1860,-1.0,83,1,3,0,0
144.1860,144.4186,110,1,3,0,0
144.1860,-1.0,83,4,3,0,0
144.1860,144.4186,110,4,3,0,0
144.1860,-1.0,83,7,3,0,0
144.1860,144.4186,110,7,3,0,0
144.1860,-1.0,50,10,3,0,0
144.3023,-1.0,900,1,3,0,0
144.3023,-1.0,900,4,3,0,0
144.3023,-1.0,900,7,3,0,0
144.4186,-1.0,20,10,3,0,0
144.6512,-1.0,83,1,3,0,0
144.6512,144.8837,110,1,3,0,0
144.6512,-1.0,83,4,3,0,0
144.6512,144.8837,110,4,3,0,0
144.6512,-1.0,83,7,3,0,0
144.6512,144.8837,110,7,3,0,0
144.6512,-1.0,83,10,3,0,0
144.6512,144.8837,110,10,3,0,0
144.7674,-1.0,900,1,3,0,0
144.7674,-1.0,900,4,3,0,0
144.7674,-1.0,900,7,3,0,0
144.7674,-1.0,900,10,3,0,0
145.1163,-1.0,20,1,3,0,0
145.1163,-1.0,20,4,3,0,0
145.1163,-1.0,20,7,3,0,0
145.1163,-1.0,20,10,3,0,0
145.2713,-1.0,50,10,3,0,0
145.3488,-1.0,50,4,3,0,0
145.3488,-1.0,50,7,3,0,0
145.5039,-1.0,50,7,3,0,0
145.5814,-1.0,50,1,3,0,0
145.5814,-1.0,50,4,3,0,0
145.8140,-1.0,10,4,3,0,0
145.8140,-1.0,10,7,3,0,0
146.0465,-1.0,83,1,3,0,0
146.0465,146.5116,110,1,3,JumpScratch,6
146.0465,-1.0,83,4,3,0,0
146.0465,146.2791,110,4,3,JumpScratch,-6
146.0465,-1.0,83,7,3,0,0
146.0465,146.2791,110,7,3,JumpScratch,6
146.0465,-1.0,83,10,3,0,0
146.0465,146.5116,110,10,3,JumpScratch,-6
146.1628,-1.0,900,1,3,0,0
146.1628,-1.0,900,4,3,0,0
146.1628,-1.0,900,7,3,0,0
146.1628,-1.0,900,10,3,0,0
146.3953,-1.0,900,1,3,0,0
146.3953,-1.0,900,10,3,0,0
146.9767,-1.0,20,1,3,0,0
146.9767,-1.0,20,10,3,0,0
147.1318,-1.0,50,7,3,0,0
147.1318,-1.0,50,10,3,0,0
147.2093,-1.0,50,3,3,0,0
147.2093,-1.0,50,6,3,0,0
147.3643,-1.0,50,1,3,0,0
147.3643,-1.0,50,4,3,0,0
147.4419,-1.0,50,5,3,0,0
147.4419,-1.0,50,8,3,0,0
147.6744,-1.0,10,3,3,0,0
147.6744,-1.0,10,8,3,0,0
147.9070,-1.0,50,1,3,0,0
147.9070,-1.0,50,4,3,0,0
147.9070,-1.0,50,7,3,0,0
147.9070,-1.0,50,10,3,0,0
148.1395,-1.0,82,6,2,0,0
148.1395,148.3721,110,6,2,0,0
148.2558,-1.0,900,6,2,0,0
148.8372,-1.0,80,8,2,0,0
148.8372,149.7674,100,8,2,0,0
148.9535,-1.0,900,8,2,0,0
149.0698,-1.0,10,1,3,0,0
149.0698,-1.0,900,8,2,0,0
149.1860,-1.0,900,8,2,0,0
149.3023,-1.0,900,8,2,0,0
149.4186,-1.0,900,8,2,0,0
149.5349,-1.0,10,1,3,0,0
149.5349,-1.0,900,8,2,0,0
149.6512,-1.0,900,8,2,0,0
149.7674,-1.0,82,11,2,0,0
149.7674,150.6977,110,11,2,JumpScratch,-5
149.8837,-1.0,900,11,2,0,0
150.0,-1.0,10,4,3,0,0
150.0,-1.0,900,11,2,0,0
150.1163,-1.0,900,11,2,0,0
150.2326,-1.0,900,11,2,0,0
150.3488,-1.0,900,11,2,0,0
150.4651,-1.0,10,4,3,0,0
150.4651,-1.0,900,11,2,0,0
150.5814,-1.0,900,11,2,0,0
150.6977,151.1628,110,8,2,JumpScratch,5
150.8140,-1.0,900,8,2,0,0
150.9302,-1.0,10,1,3,0,0
150.9302,-1.0,900,8,2,0,0
151.0465,-1.0,900,8,2,0,0
151.1628,151.6279,110,11,2,0,0
151.2791,-1.0,900,11,2,0,0
151.3953,-1.0,10,4,3,0,0
151.3953,-1.0,900,11,2,0,0
151.5116,-1.0,900,11,2,0,0
151.8605,-1.0,10,7,2,0,0
151.8605,-1.0,10,11,2,0,0
152.0930,-1.0,10,4,2,0,0
152.0930,-1.0,10,8,2,0,0
152.3256,-1.0,10,1,2,0,0
152.3256,-1.0,10,5,2,0,0
152.5581,-1.0,82,1,2,0,0
152.5581,152.7907,110,1,2,JumpScratch,5
152.6744,-1.0,900,1,2,0,0
152.7907,153.2558,110,4,2,JumpScratch,-5
152.7907,-1.0,10,8,2,0,0
152.9070,-1.0,900,4,2,0,0
153.0233,-1.0,900,4,2,0,0
153.0233,-1.0,10,11,2,0,0
153.1395,-1.0,900,4,2,0,0
153.2558,-1.0,10,8,2,0,0
153.4884,-1.0,82,11,2,0,0
153.4884,153.7209,110,11,2,JumpScratch,-5
153.6047,-1.0,900,11,2,0,0
153.7209,-1.0,10,4,2,0,0
153.7209,154.1860,110,8,2,JumpScratch,5
153.8372,-1.0,900,8,2,0,0
153.9535,-1.0,10,1,2,0,0
153.9535,-1.0,900,8,2,0,0
154.0698,-1.0,900,8,2,0,0
154.1860,-1.0,10,4,2,0,0
154.4186,-1.0,50,1,3,0,0
154.4186,-1.0,50,10,3,0,0
154.6512,-1.0,10,5,4,0,0
154.8837,-1.0,50,1,4,0,0
154.8837,-1.0,50,9,4,0,0
155.1163,-1.0,10,6,2,0,0
155.3488,-1.0,50,1,5,0,0
155.3488,-1.0,50,8,5,0,0
155.8140,-1.0,10,3,3,0,0
155.8140,-1.0,10,8,3,0,0
156.0465,-1.0,10,5,2,0,0
156.0465,-1.0,10,7,2,0,0
156.2791,-1.0,80,4,2,0,0
156.2791,157.2093,100,4,2,0,0
156.3953,-1.0,900,4,2,0,0
156.5116,-1.0,900,4,2,0,0
156.5116,-1.0,10,10,3,0,0
156.6279,-1.0,900,4,2,0,0
156.7442,-1.0,900,4,2,0,0
156.8605,-1.0,900,4,2,0,0
156.9767,-1.0,900,4,2,0,0
156.9767,-1.0,10,10,3,0,0
157.0930,-1.0,900,4,2,0,0
157.2093,-1.0,82,1,2,0,0
157.2093,158.1395,110,1,2,JumpScratch,5
157.3256,-1.0,900,1,2,0,0
157.4419,-1.0,900,1,2,0,0
157.4419,-1.0,10,7,3,0,0
157.5581,-1.0,900,1,2,0,0
157.6744,-1.0,900,1,2,0,0
157.7907,-1.0,900,1,2,0,0
157.9070,-1.0,900,1,2,0,0
157.9070,-1.0,10,7,3,0,0
158.0233,-1.0,900,1,2,0,0
158.1395,158.6047,110,4,2,JumpScratch,-5
158.2558,-1.0,900,4,2,0,0
158.3721,-1.0,900,4,2,0,0
158.3721,-1.0,10,10,3,0,0
158.4884,-1.0,900,4,2,0,0
158.6047,159.0698,110,1,2,0,0
158.7209,-1.0,900,1,2,0,0
158.8372,-1.0,900,1,2,0,0
158.8372,-1.0,10,6,3,0,0
158.9535,-1.0,900,1,2,0,0
159.3023,-1.0,10,1,2,0,0
159.3023,-1.0,10,5,2,0,0
159.5349,-1.0,10,4,2,0,0
159.5349,-1.0,10,8,2,0,0
159.7674,-1.0,10,7,2,0,0
159.7674,-1.0,10,11,2,0,0
160.0,-1.0,82,11,2,0,0
160.0,160.2326,110,11,2,JumpScratch,-5
160.1163,-1.0,900,11,2,0,0
160.2326,-1.0,10,4,2,0,0
160.2326,160.6977,110,8,2,JumpScratch,5
160.3488,-1.0,900,8,2,0,0
160.4651,-1.0,10,1,2,0,0
160.4651,-1.0,900,8,2,0,0
160.5814,-1.0,900,8,2,0,0
160.6977,-1.0,10,4,2,0,0
160.9302,-1.0,82,1,2,0,0
160.9302,161.1628,110,1,2,JumpScratch,5
161.0465,-1.0,900,1,2,0,0
161.1628,161.6279,110,4,2,JumpScratch,-5
161.1628,-1.0,10,8,2,0,0
161.2791,-1.0,900,4,2,0,0
161.3953,-1.0,900,4,2,0,0
161.3953,-1.0,10,11,2,0,0
161.5116,-1.0,900,4,2,0,0
161.6279,-1.0,10,8,2,0,0
161.8605,-1.0,20,1,3,0,0
161.8605,-1.0,20,10,3,0,0
162.0155,-1.0,10,1,2,0,0
162.0155,-1.0,10,4,2,0,0
162.0930,-1.0,50,7,3,0,0
162.0930,-1.0,50,10,3,0,0
162.2481,-1.0,10,2,2,0,0
162.2481,-1.0,10,5,2,0,0
162.3256,-1.0,50,4,4,0,0
162.3256,-1.0,50,8,4,0,0
162.5581,-1.0,83,1,3,0,0
162.5581,162.7907,110,1,3,0,0
162.5581,-1.0,83,4,3,0,0
162.5581,162.7907,110,4,3,0,0
162.5581,-1.0,83,7,3,0,0
162.5581,162.7907,110,7,3,0,0
162.5581,-1.0,83,10,3,0,0
162.5581,162.7907,110,10,3,0,0
162.6744,-1.0,900,1,3,0,0
162.6744,-1.0,900,4,3,0,0
162.6744,-1.0,900,7,3,0,0
162.6744,-1.0,900,10,3,0,0
163.2558,-1.0,20,10,3,0,0
163.3140,-1.0,20,8,2,0,0
163.3721,-1.0,20,6,2,0,0
163.4302,-1.0,20,3,3,0,0
163.4884,-1.0,20,8,3,0,0
163.5465,-1.0,20,6,2,0,0
163.6047,-1.0,20,4,2,0,0
163.6628,-1.0,20,1,3,0,0
163.7209,-1.0,81,7,3,0,0
163.7209,163.9535,101,7,3,0,0
163.7209,-1.0,81,10,3,0,0
163.7209,163.9535,101,10,3,0,0
163.8372,-1.0,900,7,3,0,0
163.8372,-1.0,900,10,3,0,0
163.9535,-1.0,50,1,3,0,0
163.9535,-1.0,50,4,3,0,0
164.1860,-1.0,20,1,4,0,0
164.1860,-1.0,10,7,2,0,0
164.1860,-1.0,10,10,3,0,0
164.4186,-1.0,10,4,3,0,0
164.4186,-1.0,82,7,3,0,0
164.4186,164.6512,110,7,3,0,0
164.4186,-1.0,82,10,3,0,0
164.4186,164.6512,110,10,3,0,0
164.5349,-1.0,900,7,3,0,0
164.5349,-1.0,900,10,3,0,0
164.6512,-1.0,81,1,3,0,0
164.6512,164.8837,101,1,3,0,0
164.6512,-1.0,81,4,3,0,0
164.6512,164.8837,101,4,3,0,0
164.7674,-1.0,900,1,3,0,0
164.7674,-1.0,900,4,3,0,0
164.8837,-1.0,50,7,3,0,0
164.8837,-1.0,50,10,3,0,0
165.1163,-1.0,10,1,3,0,0
165.1163,-1.0,10,5,2,0,0
165.1163,-1.0,20,9,4,0,0
165.3488,-1.0,10,4,3,0,0
165.3488,-1.0,10,7,3,0,0
165.5814,-1.0,83,1,2,0,0
165.5814,165.6202,110,1,2,JumpScratch,3
165.5814,-1.0,83,4,2,0,0
165.5814,165.6202,110,4,2,JumpScratch,3
165.5814,-1.0,50,9,4,0,0
165.6202,165.6589,110,2,2,JumpScratch,3
165.6202,165.6589,110,5,2,JumpScratch,3
165.6589,166.0465,110,3,2,JumpScratch,3
165.6589,166.0465,110,6,2,JumpScratch,3
165.7752,-1.0,900,3,2,0,0
165.7752,-1.0,900,6,2,0,0
165.8140,-1.0,20,5,8,0,0
165.8915,-1.0,900,3,2,0,0
165.8915,-1.0,900,6,2,0,0
166.0465,166.0853,110,4,2,JumpScratch,3
166.0465,166.0853,110,7,2,JumpScratch,3
166.0465,-1.0,50,9,4,0,0
166.0853,166.1240,110,5,2,JumpScratch,3
166.0853,166.1240,110,8,2,JumpScratch,3
166.1240,166.5116,100,6,2,0,0
166.1240,166.5116,100,9,2,0,0
166.2403,-1.0,900,6,2,0,0
166.2403,-1.0,900,9,2,0,0
166.2791,-1.0,20,1,8,0,0
166.3566,-1.0,900,6,2,0,0
166.3566,-1.0,900,9,2,0,0
166.4729,-1.0,900,6,2,0,0
166.4729,-1.0,900,9,2,0,0
166.5116,-1.0,50,1,4,0,0
166.7442,-1.0,50,4,3,0,0
166.7442,-1.0,10,8,2,0,0
166.7442,-1.0,10,11,2,0,0
166.9767,-1.0,10,3,2,0,0
166.9767,-1.0,10,6,2,0,0
166.9767,-1.0,50,9,3,0,0
167.2093,-1.0,50,2,3,0,0
167.2093,-1.0,10,6,2,0,0
167.2093,-1.0,10,9,2,0,0
167.4419,-1.0,81,1,2,0,0
167.4419,167.6744,101,1,2,0,0
167.4419,-1.0,81,4,2,0,0
167.4419,167.6744,101,4,2,0,0
167.4419,-1.0,10,7,3,0,0
167.5581,-1.0,900,1,2,0,0
167.5581,-1.0,900,4,2,0,0
167.6744,-1.0,10,7,3,0,0
167.6744,-1.0,10,11,2,0,0
167.9070,-1.0,10,4,3,0,0
167.9070,-1.0,81,8,2,0,0
167.9070,168.1395,101,8,2,0,0
167.9070,-1.0,81,11,2,0,0
167.9070,168.1395,101,11,2,0,0
168.0233,-1.0,900,8,2,0,0
168.0233,-1.0,900,11,2,0,0
168.1395,-1.0,10,1,2,0,0
168.1395,-1.0,10,4,3,0,0
168.3721,-1.0,10,7,3,0,0
168.4302,-1.0,10,4,3,0,0
168.4884,-1.0,10,7,3,0,0
168.5465,-1.0,10,4,3,0,0
168.6047,-1.0,10,10,3,0,0
168.6628,-1.0,10,7,3,0,0
168.7209,-1.0,10,4,3,0,0
168.7791,-1.0,10,1,3,0,0
168.8372,-1.0,10,7,3,0,0
168.8372,-1.0,10,10,3,0,0
168.9922,-1.0,10,1,3,0,0
169.0698,-1.0,10,4,3,0,0
169.0698,-1.0,10,7,3,0,0
169.2248,-1.0,10,4,3,0,0
169.3023,-1.0,50,1,4,0,0
169.3023,-1.0,83,8,2,0,0
169.3023,169.3411,110,8,2,JumpScratch,-3
169.3023,-1.0,83,11,2,0,0
169.3023,169.3411,110,11,2,JumpScratch,-3
169.3411,169.3798,110,7,2,JumpScratch,-3
169.3411,169.3798,110,10,2,JumpScratch,-3
169.3798,169.7674,110,6,2,JumpScratch,3
169.3798,169.7674,110,9,2,JumpScratch,4
169.4961,-1.0,900,6,2,0,0
169.4961,-1.0,900,9,2,0,0
169.5349,-1.0,20,5,7,0,0
169.6124,-1.0,900,6,2,0,0
169.6124,-1.0,900,9,2,0,0
169.7674,-1.0,83,1,2,0,0
169.7674,169.8062,110,1,2,JumpScratch,3
169.7674,-1.0,83,4,2,0,0
169.7674,169.8062,110,4,2,JumpScratch,3
169.8062,169.8450,110,2,2,JumpScratch,3
169.8062,169.8450,110,5,2,JumpScratch,3
169.8450,170.2326,110,3,2,JumpScratch,-4
169.8450,170.2326,110,6,2,JumpScratch,-3
169.9612,-1.0,900,3,2,0,0
169.9612,-1.0,900,6,2,0,0
170.0,-1.0,20,2,7,0,0
170.0775,-1.0,900,3,2,0,0
170.0775,-1.0,900,6,2,0,0
170.2326,-1.0,50,9,4,0,0
170.4651,-1.0,10,1,3,0,0
170.4651,-1.0,10,5,2,0,0
170.4651,-1.0,10,7,2,0,0
170.4651,-1.0,10,10,3,0,0
170.6977,-1.0,20,3,3,0,0
170.7558,-1.0,20,1,2,0,0
170.8140,-1.0,20,7,3,0,0
170.8721,-1.0,20,10,3,0,0
170.9302,-1.0,20,4,3,0,0
170.9884,-1.0,20,1,3,0,0
171.0465,-1.0,20,8,3,0,0
171.1047,-1.0,20,11,2,0,0
171.1628,-1.0,83,1,3,0,0
171.1628,171.3953,110,1,3,0,0
171.1628,-1.0,83,4,3,0,0
171.1628,171.3953,110,4,3,0,0
171.2791,-1.0,900,1,3,0,0
171.2791,-1.0,900,4,3,0,0
171.3953,-1.0,50,7,3,0,0
171.3953,-1.0,50,10,3,0,0
171.6279,-1.0,10,1,3,0,0
171.6279,-1.0,10,5,2,0,0
171.6279,-1.0,20,9,4,0,0
171.8605,-1.0,82,1,3,0,0
171.8605,172.0930,110,1,3,0,0
171.8605,-1.0,82,4,3,0,0
171.8605,172.0930,110,4,3,0,0
171.8605,-1.0,10,7,3,0,0
171.9767,-1.0,900,1,3,0,0
171.9767,-1.0,900,4,3,0,0
172.0930,-1.0,81,7,3,0,0
172.0930,172.3256,101,7,3,0,0
172.0930,-1.0,81,10,3,0,0
172.0930,172.3256,101,10,3,0,0
172.2093,-1.0,900,7,3,0,0
172.2093,-1.0,900,10,3,0,0
172.3256,-1.0,50,1,3,0,0
172.3256,-1.0,50,4,3,0,0
172.5581,-1.0,20,1,4,0,0
172.5581,-1.0,10,7,2,0,0
172.5581,-1.0,10,10,3,0,0
172.7907,-1.0,10,4,3,0,0
172.7907,-1.0,10,7,3,0,0
173.0233,-1.0,50,1,4,0,0
173.0233,-1.0,83,8,2,0,0
173.0233,173.0620,110,8,2,JumpScratch,-3
173.0233,-1.0,83,11,2,0,0
173.0233,173.0620,110,11,2,JumpScratch,-3
173.0620,173.1008,110,7,2,JumpScratch,-3
173.0620,173.1008,110,10,2,JumpScratch,-3
173.1008,173.4884,110,6,2,JumpScratch,-3
173.1008,173.4884,110,9,2,JumpScratch,-3
173.2171,-1.0,900,6,2,0,0
173.2171,-1.0,900,9,2,0,0
173.2558,-1.0,20,1,8,0,0
173.3333,-1.0,900,6,2,0,0
173.3333,-1.0,900,9,2,0,0
173.4884,-1.0,50,1,4,0,0
173.4884,173.5271,110,5,2,JumpScratch,-3
173.4884,173.5271,110,8,2,JumpScratch,-3
173.5271,173.5659,110,4,2,JumpScratch,-3
173.5271,173.5659,110,7,2,JumpScratch,-3
173.5659,173.9535,100,3,2,0,0
173.5659,173.9535,100,6,2,0,0
173.6822,-1.0,900,3,2,0,0
173.6822,-1.0,900,6,2,0,0
173.7209,-1.0,20,5,8,0,0
173.7985,-1.0,900,3,2,0,0
173.7985,-1.0,900,6,2,0,0
173.9147,-1.0,900,3,2,0,0
173.9147,-1.0,900,6,2,0,0
173.9535,-1.0,50,9,4,0,0
174.1860,-1.0,50,1,4,0,0
174.1860,-1.0,10,6,2,0,0
174.1860,-1.0,10,9,2,0,0
174.4186,-1.0,10,8,3,0,0
174.4767,-1.0,10,11,2,0,0
174.5349,-1.0,10,4,3,0,0
174.5930,-1.0,10,1,3,0,0
174.6512,-1.0,10,7,3,0,0
174.7093,-1.0,10,10,3,0,0
174.7674,-1.0,10,3,3,0,0
174.8256,-1.0,10,1,2,0,0
174.8837,-1.0,81,7,3,0,0
174.8837,175.1163,101,7,3,0,0
174.8837,-1.0,81,10,3,0,0
174.8837,175.1163,101,10,3,0,0
175.0,-1.0,900,7,3,0,0
175.0,-1.0,900,10,3,0,0
175.1163,-1.0,50,1,3,0,0
175.1163,-1.0,50,4,3,0,0
175.3488,-1.0,10,1,4,0,0
175.3488,-1.0,10,9,4,0,0
175.5039,-1.0,10,7,3,0,0
175.5814,-1.0,10,1,3,0,0
175.5814,-1.0,10,5,2,0,0
175.5814,-1.0,10,10,3,0,0
175.7364,-1.0,10,7,3,0,0
175.8140,-1.0,81,1,3,0,0
175.8140,176.0465,101,1,3,0,0
175.8140,-1.0,81,5,2,0,0
175.8140,176.0465,101,5,2,0,0
175.8140,-1.0,10,10,3,0,0
175.9302,-1.0,900,1,3,0,0
175.9302,-1.0,900,5,2,0,0
176.0465,-1.0,80,7,2,0,0
176.0465,176.2791,100,7,2,0,0
176.0465,-1.0,80,10,3,0,0
176.0465,176.2791,100,10,3,0,0
176.1628,-1.0,900,7,2,0,0
176.1628,-1.0,900,10,3,0,0
176.2791,-1.0,20,1,3,0,0
176.2791,-1.0,10,5,2,0,0
176.5116,-1.0,10,4,3,0,0
176.5116,-1.0,10,7,3,0,0
176.7442,-1.0,50,1,3,0,0
176.7442,-1.0,50,4,3,0,0
176.7442,-1.0,20,7,3,0,0
176.7442,-1.0,20,10,3,0,0
176.8992,-1.0,10,7,3,0,0
176.8992,-1.0,10,10,3,0,0
176.9767,-1.0,50,1,4,0,0
176.9767,-1.0,50,5,4,0,0
177.1318,-1.0,10,7,3,0,0
177.1318,-1.0,10,10,3,0,0
177.2093,-1.0,50,1,5,0,0
177.2093,-1.0,50,6,5,0,0
177.4419,-1.0,10,4,3,0,0
177.4419,-1.0,10,7,3,0,0
177.6744,-1.0,50,1,3,0,0
177.6744,-1.0,50,4,3,0,0
177.6744,-1.0,50,7,3,0,0
177.6744,-1.0,50,10,3,0,0
177.9070,-1.0,10,1,4,0,0
177.9070,-1.0,10,9,4,0,0
177.9845,-1.0,10,7,3,0,0
178.0620,-1.0,10,4,3,0,0
178.1395,-1.0,10,1,4,0,0
178.1395,-1.0,10,9,4,0,0
178.2171,-1.0,10,7,3,0,0
178.2946,-1.0,10,4,3,0,0
178.3721,-1.0,10,1,4,0,0
178.3721,-1.0,10,9,4,0,0
178.4496,-1.0,10,7,2,0,0
178.5271,-1.0,10,5,2,0,0
178.6047,-1.0,50,1,12,0,0
179.0698,-1.0,10,4,6,0,0
179.5349,-1.0,10,4,6,0,0
180.0,-1.0,10,4,6,0,0
180.4651,-1.0,82,4,6,0,0
180.4651,180.9302,110,4,6,0,0
180.5814,-1.0,900,4,6,0,0
180.6977,-1.0,900,4,6,0,0
180.8140,-1.0,900,4,6,0,0
180.9302,181.3953,110,5,4,0,0
181.0465,-1.0,900,5,4,0,0
181.1628,-1.0,900,5,4,0,0
181.2791,-1.0,900,5,4,0,0
181.3953,181.8605,110,6,2,0,0
181.5116,-1.0,900,6,2,0,0
181.6279,-1.0,900,6,2,0,0
181.7442,-1.0,900,6,2,0,0
182.3256,-1.0,20,1,3,0,0
182.3256,-1.0,80,6,2,0,0
182.3256,182.5581,100,6,2,0,0
182.3256,-1.0,20,10,3,0,0
182.4419,-1.0,900,6,2,0,0
182.5581,-1.0,50,1,3,0,0
182.5581,-1.0,50,4,2,0,0
182.5581,-1.0,10,8,2,0,0
182.7907,-1.0,80,4,2,0,0
182.7907,183.0233,100,4,2,0,0
182.7907,-1.0,10,6,2,0,0
182.7907,-1.0,10,10,3,0,0
182.9070,-1.0,900,4,2,0,0
183.0233,-1.0,10,1,3,0,0
183.0233,-1.0,50,8,2,0,0
183.0233,-1.0,50,10,3,0,0
183.2558,-1.0,20,1,3,0,0
183.2558,-1.0,10,8,2,0,0
183.2558,-1.0,80,10,3,0,0
183.2558,183.4884,100,10,3,0,0
183.3721,-1.0,900,10,3,0,0
183.4884,-1.0,50,1,3,0,0
183.4884,-1.0,50,4,2,0,0
183.4884,-1.0,10,6,2,0,0
183.6434,-1.0,10,8,2,0,0
183.7209,-1.0,80,4,2,0,0
183.7209,183.9535,100,4,2,0,0
183.7209,-1.0,10,6,2,0,0
183.8372,-1.0,900,4,2,0,0
183.9535,-1.0,80,1,3,0,0
183.9535,184.1860,100,1,3,0,0
183.9535,-1.0,50,6,2,0,0
183.9535,-1.0,50,10,3,0,0
184.0698,-1.0,900,1,3,0,0
184.1860,-1.0,80,4,2,0,0
184.1860,184.4186,100,4,2,0,0
184.1860,-1.0,10,8,2,0,0
184.1860,-1.0,20,10,3,0,0
184.3023,-1.0,900,4,2,0,0
184.4186,-1.0,10,1,3,0,0
184.4186,-1.0,50,8,2,0,0
184.4186,-1.0,50,10,3,0,0
184.5736,-1.0,10,4,2,0,0
184.6512,-1.0,10,1,3,0,0
184.6512,-1.0,50,6,2,0,0
184.6512,-1.0,50,10,3,0,0
184.8062,-1.0,10,4,2,0,0
184.8837,-1.0,10,1,3,0,0
184.8837,-1.0,50,6,2,0,0
184.8837,-1.0,50,8,2,0,0
185.0388,-1.0,10,4,2,0,0
185.1163,-1.0,10,1,3,0,0
185.1163,-1.0,50,6,2,0,0
185.1163,-1.0,50,8,2,0,0
185.1163,-1.0,50,10,3,0,0
185.3488,-1.0,10,1,3,0,0
185.3488,-1.0,10,4,2,0,0
185.5039,-1.0,80,8,2,0,0
185.5039,185.8140,100,8,2,0,0
185.5039,-1.0,80,10,3,0,0
185.5039,185.8140,100,10,3,0,0
185.5814,-1.0,10,1,3,0,0
185.6202,-1.0,900,8,2,0,0
185.6202,-1.0,900,10,3,0,0
185.6589,-1.0,10,4,2,0,0
185.7364,-1.0,10,6,2,0,0
185.7364,-1.0,900,8,2,0,0
185.7364,-1.0,900,10,3,0,0
185.8140,-1.0,10,1,3,0,0
185.8140,-1.0,10,4,2,0,0
186.0465,-1.0,20,1,3,0,0
186.0465,-1.0,80,4,2,0,0
186.0465,186.2791,100,4,2,0,0
186.0465,-1.0,20,10,3,0,0
186.1628,-1.0,900,4,2,0,0
186.2791,-1.0,10,1,3,0,0
186.2791,-1.0,50,8,2,0,0
186.2791,-1.0,50,10,3,0,0
186.5116,-1.0,10,4,2,0,0
186.5116,-1.0,80,6,2,0,0
186.5116,186.7442,100,6,2,0,0
186.5116,-1.0,10,10,3,0,0
186.6279,-1.0,900,6,2,0,0
186.7442,-1.0,50,1,3,0,0
186.7442,-1.0,50,4,2,0,0
186.7442,-1.0,10,8,2,0,0
186.9767,-1.0,80,4,2,0,0
186.9767,187.2093,100,4,2,0,0
186.9767,-1.0,10,6,2,0,0
186.9767,-1.0,20,10,3,0,0
187.0930,-1.0,900,4,2,0,0
187.2093,-1.0,10,1,3,0,0
187.2093,-1.0,50,10,3,0,0
187.3643,-1.0,10,4,2,0,0
187.4419,-1.0,10,1,3,0,0
187.4419,-1.0,80,6,2,0,0
187.4419,187.6744,100,6,2,0,0
187.4419,-1.0,10,8,2,0,0
187.5581,-1.0,900,6,2,0,0
187.6744,-1.0,50,1,3,0,0
187.6744,-1.0,50,4,2,0,0
187.6744,-1.0,10,10,3,0,0
187.9070,-1.0,10,1,3,0,0
187.9070,-1.0,10,4,2,0,0
187.9070,-1.0,10,8,2,0,0
187.9070,-1.0,81,10,3,0,0
187.9070,188.1395,101,10,3,0,0
188.0233,-1.0,900,10,3,0,0
188.1395,-1.0,10,4,2,0,0
188.1395,-1.0,80,6,2,0,0
188.1395,188.3721,100,6,2,0,0
188.2558,-1.0,900,6,2,0,0
188.3721,-1.0,10,1,3,0,0
188.3721,-1.0,10,8,2,0,0
188.3721,-1.0,10,10,3,0,0
188.6047,-1.0,10,1,3,0,0
188.6047,-1.0,10,6,2,0,0
188.7597,-1.0,10,4,2,0,0
188.7597,-1.0,10,10,3,0,0
188.8372,-1.0,81,1,3,0,0
188.8372,189.0698,101,1,3,0,0
188.8372,-1.0,10,6,2,0,0
188.9535,-1.0,900,1,3,0,0
189.0698,-1.0,10,4,2,0,0
189.0698,-1.0,10,8,2,0,0
189.0698,-1.0,10,10,3,0,0
189.3023,-1.0,10,1,3,0,0
189.3023,-1.0,10,10,3,0,0
189.3798,-1.0,10,4,2,0,0
189.4574,-1.0,10,6,2,0,0
189.5349,-1.0,10,1,3,0,0
189.5349,-1.0,10,10,3,0,0
189.6124,-1.0,10,8,2,0,0
189.6899,-1.0,10,6,2,0,0
189.7674,-1.0,83,1,3,0,0
189.7674,190.2326,110,1,3,0,0
189.7674,-1.0,20,10,3,0,0
189.8837,-1.0,900,1,3,0,0
190.0,-1.0,900,1,3,0,0
190.0,-1.0,40,1,3,0,0
190.0,-1.0,10,6,2,0,0
190.0,-1.0,10,10,3,0,0
190.1163,-1.0,900,1,3,0,0
190.2326,-1.0,10,6,2,0,0
190.2326,-1.0,10,8,2,0,0
190.2326,-1.0,83,10,3,0,0
190.2326,190.6977,110,10,3,0,0
190.3488,-1.0,900,10,3,0,0
190.4651,-1.0,10,1,3,0,0
190.4651,-1.0,10,4,2,0,0
190.4651,-1.0,900,10,3,0,0
190.4651,-1.0,40,10,3,0,0
190.5814,-1.0,900,10,3,0,0
190.6977,-1.0,81,1,3,0,0
190.6977,190.9302,101,1,3,0,0
190.6977,-1.0,10,4,2,0,0
190.8140,-1.0,900,1,3,0,0
190.9302,-1.0,10,4,2,0,0
190.9302,-1.0,10,6,2,0,0
190.9302,-1.0,10,10,3,0,0
191.0853,-1.0,10,8,2,0,0
191.1628,-1.0,80,4,2,0,0
191.1628,191.3953,100,4,2,0,0
191.1628,-1.0,10,6,2,0,0
191.2791,-1.0,900,4,2,0,0
191.3953,-1.0,10,1,3,0,0
191.3953,-1.0,50,6,2,0,0
191.3953,-1.0,50,8,2,0,0
191.6279,-1.0,81,1,3,0,0
191.6279,191.8605,101,1,3,0,0
191.6279,-1.0,10,6,2,0,0
191.6279,-1.0,10,10,3,0,0
191.7442,-1.0,900,1,3,0,0
191.8605,-1.0,10,4,2,0,0
191.8605,-1.0,50,6,2,0,0
191.8605,-1.0,50,8,2,0,0
192.0155,-1.0,20,1,3,0,0
192.0930,-1.0,10,4,2,0,0
192.0930,-1.0,50,6,2,0,0
192.0930,-1.0,50,10,3,0,0
192.2481,-1.0,20,1,3,0,0
192.3256,-1.0,10,4,2,0,0
192.3256,-1.0,50,8,2,0,0
192.3256,-1.0,50,10,3,0,0
192.4806,-1.0,20,1,3,0,0
192.5581,-1.0,10,4,2,0,0
192.5581,-1.0,50,6,2,0,0
192.5581,-1.0,50,8,2,0,0
192.5581,-1.0,50,10,3,0,0
192.7907,-1.0,10,1,3,0,0
192.7907,-1.0,10,4,2,0,0
192.9457,-1.0,80,6,2,0,0
192.9457,193.2558,100,6,2,0,0
192.9457,-1.0,80,10,3,0,0
192.9457,193.2558,100,10,3,0,0
193.0233,-1.0,10,1,3,0,0
193.0620,-1.0,900,6,2,0,0
193.0620,-1.0,900,10,3,0,0
193.1008,-1.0,10,4,2,0,0
193.1783,-1.0,900,6,2,0,0
193.1783,-1.0,10,8,2,0,0
193.1783,-1.0,900,10,3,0,0
193.2558,-1.0,10,1,3,0,0
193.2558,-1.0,10,4,2,0,0
193.4884,-1.0,20,1,3,0,0
193.4884,-1.0,10,6,2,0,0
193.4884,-1.0,83,10,3,0,0
193.4884,193.9535,110,10,3,0,0
193.6047,-1.0,900,10,3,0,0
193.7209,-1.0,10,1,3,0,0
193.7209,-1.0,10,4,2,0,0
193.7209,-1.0,900,10,3,0,0
193.7209,-1.0,40,10,3,0,0
193.8372,-1.0,900,10,3,0,0
193.9535,-1.0,83,1,3,0,0
193.9535,194.4186,110,1,3,0,0
193.9535,-1.0,10,4,2,0,0
194.0698,-1.0,900,1,3,0,0
194.1860,-1.0,900,1,3,0,0
194.1860,-1.0,40,1,3,0,0
194.1860,-1.0,10,6,2,0,0
194.1860,-1.0,10,10,3,0,0
194.3023,-1.0,900,1,3,0,0
194.4186,-1.0,80,8,2,0,0
194.4186,194.6512,100,8,2,0,0
194.4186,-1.0,20,10,3,0,0
194.5349,-1.0,900,8,2,0,0
194.6512,-1.0,10,1,3,0,0
194.6512,-1.0,10,6,2,0,0
194.8062,-1.0,10,4,2,0,0
194.8837,-1.0,80,1,3,0,0
194.8837,195.1163,100,1,3,0,0
194.8837,-1.0,10,6,2,0,0
194.8837,-1.0,10,10,3,0,0
195.0,-1.0,900,1,3,0,0
195.1163,-1.0,10,8,2,0,0
195.1938,-1.0,10,6,2,0,0
195.2713,-1.0,10,4,2,0,0
195.3488,-1.0,50,1,3,0,0
195.3488,-1.0,50,10,3,0,0
195.5814,-1.0,10,4,2,0,0
195.5814,-1.0,10,10,3,0,0
195.6589,-1.0,10,1,3,0,0
195.6589,-1.0,10,8,2,0,0
195.7364,-1.0,10,4,2,0,0
195.7364,-1.0,10,6,2,0,0
195.8140,-1.0,20,1,3,0,0
195.8140,-1.0,20,10,3,0,0
196.0465,-1.0,10,4,2,0,0
196.0465,-1.0,10,8,2,0,0
196.2791,-1.0,50,1,3,0,0
196.2791,-1.0,50,4,2,0,0
196.2791,-1.0,50,8,2,0,0
196.2791,-1.0,50,10,3,0,0
196.5116,-1.0,10,8,2,0,0
196.5116,-1.0,10,10,3,0,0
196.5891,-1.0,10,6,2,0,0
196.6667,-1.0,10,1,3,0,0
196.6667,-1.0,10,4,2,0,0
196.7442,-1.0,10,6,2,0,0
196.7442,-1.0,10,8,2,0,0
196.7442,-1.0,20,10,3,0,0
196.8217,-1.0,20,1,3,0,0
196.8217,-1.0,10,4,2,0,0
196.8992,-1.0,10,6,2,0,0
196.8992,-1.0,10,8,2,0,0
196.8992,-1.0,20,10,3,0,0
196.9767,-1.0,20,1,3,0,0
196.9767,-1.0,10,4,2,0,0
197.2093,-1.0,10,6,2,0,0
197.6744,-1.0,10,6,2,0,0
198.1395,-1.0,10,6,2,0,0
198.6047,-1.0,10,6,2,0,0
199.0698,-1.0,10,6,2,0,0
199.3023,-1.0,10,9,2,0,0
199.4574,-1.0,10,2,2,0,0
199.5349,-1.0,10,8,2,0,0
199.6899,-1.0,10,3,2,0,0
199.7674,-1.0,10,7,2,0,0
199.9225,-1.0,10,4,2,0,0
200.0,-1.0,82,6,2,0,0
200.0,200.6977,110,6,2,0,0
200.1163,-1.0,900,6,2,0,0
200.2326,-1.0,82,4,2,0,0
200.2326,200.6977,110,4,2,0,0
200.2326,-1.0,900,6,2,0,0
200.2326,-1.0,82,8,2,0,0
200.2326,200.6977,110,8,2,0,0
200.3488,-1.0,900,4,2,0,0
200.3488,-1.0,900,6,2,0,0
200.3488,-1.0,900,8,2,0,0
200.3876,-1.0,82,1,3,0,0
200.3876,200.6977,110,1,3,0,0
200.3876,-1.0,82,10,3,0,0
200.3876,200.6977,110,10,3,0,0
200.4651,-1.0,900,4,2,0,0
200.4651,-1.0,900,6,2,0,0
200.4651,-1.0,900,8,2,0,0
200.5039,-1.0,900,1,3,0,0
200.5039,-1.0,900,10,3,0,0
200.5814,-1.0,900,4,2,0,0
200.5814,-1.0,900,6,2,0,0
200.5814,-1.0,900,8,2,0,0
200.6202,-1.0,900,1,3,0,0
200.6202,-1.0,900,10,3,0,0