0.0,-1.0,80,4,2,0,0
0.0,0.6338,100,4,2,0,0
6.0704,6.0704,0,0,0,31,2010
0.2113,-1.0,900,4,2,0,0
44.7887,46.6901,0,0,0,15,10600
0.3169,-1.0,10,7,2,0,0
227.2676,227.2676,0,0,0,32,10600
0.4225,-1.0,900,4,2,0,0
122.5352,124.4366,0,0,0,15,10600
0.6338,-1.0,10,7,2,0,0
188.6056,188.6056,0,0,0,12,10600
0.9507,-1.0,10,2,2,0,0
189.4507,189.4507,0,0,0,14,10600
1.0563,-1.0,10,6,2,0,0
228.1127,228.1127,0,0,0,31,10600
1.1620,-1.0,10,4,2,0,0
228.5352,228.5352,0,0,0,34,10600
1.2676,-1.0,20,9,2,0,0
1.4789,-1.0,20,9,2,0,0
1.6901,-1.0,80,4,2,0,0
1.6901,2.3239,100,4,2,0,0
1.9014,-1.0,900,4,2,0,0
2.0070,-1.0,10,7,2,0,0
2.1127,-1.0,900,4,2,0,0
2.3239,-1.0,10,7,2,0,0
2.6408,-1.0,10,2,2,0,0
2.7465,-1.0,10,6,2,0,0
2.8521,-1.0,10,4,2,0,0
2.9577,-1.0,20,9,2,0,0
3.1690,-1.0,20,9,2,0,0
3.3803,-1.0,80,4,2,0,0
3.3803,4.0141,100,4,2,0,0
3.5915,-1.0,900,4,2,0,0
3.6972,-1.0,10,7,2,0,0
3.8028,-1.0,900,4,2,0,0
4.0141,-1.0,10,7,2,0,0
4.3310,-1.0,10,2,2,0,0
4.4366,-1.0,10,6,2,0,0
4.5423,-1.0,10,4,2,0,0
4.6479,-1.0,20,9,2,0,0
4.8592,-1.0,20,9,2,0,0
5.0704,-1.0,10,3,2,0,0
5.3873,-1.0,10,9,2,0,0
5.7042,-1.0,10,4,2,0,0
5.9155,-1.0,81,11,2,0,0
5.9155,6.0211,101,11,2,0,0
6.0211,-1.0,81,8,2,0,0
6.0211,6.1268,101,8,2,0,0
6.1268,-1.0,81,5,2,0,0
6.1268,6.2324,101,5,2,0,0
6.2324,-1.0,81,2,2,0,0
6.2324,6.3380,101,2,2,0,0
6.3380,-1.0,81,10,2,0,0
6.3380,6.4437,101,10,2,0,0
6.4437,-1.0,81,7,2,0,0
6.4437,6.5493,101,7,2,0,0
6.5493,-1.0,81,4,2,0,0
6.5493,6.6549,101,4,2,0,0
6.6549,-1.0,81,1,2,0,0
6.6549,6.7606,101,1,2,0,0
6.7606,-1.0,82,5,4,0,0
6.7606,7.1831,110,5,4,0,0
6.9718,-1.0,900,5,4,0,0
7.6056,-1.0,20,1,3,0,0
7.6056,-1.0,10,7,3,0,0
7.7113,-1.0,80,4,3,0,0
7.7113,8.0282,100,4,3,0,0
7.9225,-1.0,900,4,3,0,0
7.9225,-1.0,10,10,3,0,0
8.0282,-1.0,20,1,3,0,0
8.0282,-1.0,10,7,3,0,0
8.2394,-1.0,10,7,3,0,0
8.4507,-1.0,20,1,3,0,0
8.4507,-1.0,10,7,3,0,0
8.5563,-1.0,80,4,3,0,0
8.5563,8.8732,100,4,3,0,0
8.7676,-1.0,900,4,3,0,0
8.7676,-1.0,10,10,3,0,0
8.8732,-1.0,20,1,3,0,0
8.8732,-1.0,10,7,3,0,0
9.0845,-1.0,10,7,3,0,0
9.2958,-1.0,10,1,4,0,0
9.2958,-1.0,20,7,3,0,0
9.4014,-1.0,20,10,3,0,0
9.5070,-1.0,20,7,3,0,0
9.7183,-1.0,20,5,3,0,0
9.7183,-1.0,10,9,4,0,0
9.8239,-1.0,20,2,3,0,0
9.9296,-1.0,20,4,3,0,0
10.0352,-1.0,20,1,3,0,0
10.1408,-1.0,82,4,3,0,0
10.1408,10.5634,110,4,3,0,0
10.1408,-1.0,82,7,3,0,0
10.1408,10.5634,110,7,3,0,0
10.3521,-1.0,900,4,3,0,0
10.3521,-1.0,900,7,3,0,0
10.9859,-1.0,10,4,3,0,0
10.9859,-1.0,20,10,3,0,0
11.0915,-1.0,80,7,3,0,0
11.0915,11.4085,100,7,3,0,0
11.3028,-1.0,10,1,3,0,0
11.3028,-1.0,900,7,3,0,0
11.4085,-1.0,20,4,3,0,0
11.5141,-1.0,20,7,3,0,0
11.6197,-1.0,20,10,3,0,0
11.8310,-1.0,20,4,3,0,0
11.8310,-1.0,83,10,3,0,0
11.8310,11.9366,110,10,3,JumpScratch,-6
11.9366,-1.0,20,1,3,0,0
12.2535,-1.0,83,1,3,0,0
12.2535,12.3592,110,1,3,JumpScratch,6
12.2535,-1.0,20,7,3,0,0
12.3592,-1.0,20,10,3,0,0
12.6761,-1.0,20,4,3,0,0
12.6761,-1.0,83,10,3,0,0
12.6761,12.7817,110,10,3,JumpScratch,-6
12.7817,-1.0,20,1,3,0,0
13.0986,-1.0,20,1,4,0,0
13.0986,-1.0,20,9,4,0,0
13.3099,-1.0,20,3,4,0,0
13.3099,-1.0,20,7,4,0,0
13.5211,-1.0,81,1,3,0,0
13.5211,13.7324,101,1,3,0,0
13.5211,-1.0,81,10,3,0,0
13.5211,13.7324,101,10,3,0,0
13.8380,-1.0,81,1,4,0,0
13.8380,14.0493,101,1,4,0,0
13.8380,-1.0,81,9,4,0,0
13.8380,14.0493,101,9,4,0,0
14.1549,-1.0,81,1,5,0,0
14.1549,14.3662,101,1,5,0,0
14.1549,-1.0,81,8,5,0,0
14.1549,14.3662,101,8,5,0,0
14.4718,-1.0,81,1,6,0,0
14.4718,14.6831,101,1,6,0,0
14.4718,-1.0,81,7,6,0,0
14.4718,14.6831,101,7,6,0,0
14.7887,-1.0,81,2,5,0,0
14.7887,15.0,101,2,5,0,0
14.7887,-1.0,81,7,5,0,0
14.7887,15.0,101,7,5,0,0
15.1056,-1.0,81,3,4,0,0
15.1056,15.3169,101,3,4,0,0
15.1056,-1.0,81,7,4,0,0
15.1056,15.3169,101,7,4,0,0
15.4225,-1.0,81,4,3,0,0
15.4225,15.6338,101,4,3,0,0
15.4225,-1.0,81,7,3,0,0
15.4225,15.6338,101,7,3,0,0
15.7394,-1.0,81,3,4,0,0
15.7394,15.9507,101,3,4,0,0
15.7394,-1.0,81,7,4,0,0
15.7394,15.9507,101,7,4,0,0
16.0563,-1.0,20,2,5,0,0
16.0563,-1.0,20,7,5,0,0
16.2676,-1.0,20,1,6,0,0
16.2676,-1.0,20,7,6,0,0
16.4789,-1.0,50,1,6,0,0
16.4789,-1.0,50,7,6,0,0
16.9014,-1.0,81,1,3,0,0
16.9014,17.1127,101,1,3,0,0
16.9014,-1.0,10,10,3,0,0
17.1127,-1.0,10,7,3,0,0
17.2183,-1.0,10,10,3,0,0
17.3239,-1.0,81,4,3,0,0
17.3239,17.5352,101,4,3,0,0
17.4296,-1.0,10,7,3,0,0
17.5352,-1.0,10,10,3,0,0
17.7465,-1.0,81,1,3,0,0
17.7465,17.9577,101,1,3,0,0
17.7465,-1.0,10,7,3,0,0
17.8521,-1.0,10,10,3,0,0
18.0634,-1.0,10,7,3,0,0
18.1690,-1.0,20,4,3,0,0
18.1690,-1.0,10,10,3,0,0
18.3803,-1.0,10,1,3,0,0
18.4859,-1.0,10,4,3,0,0
18.5915,-1.0,50,7,6,0,0
18.6972,-1.0,10,4,3,0,0
18.8028,-1.0,50,6,6,0,0
18.9085,-1.0,10,4,3,0,0
19.0141,-1.0,20,5,6,0,0
19.1197,-1.0,80,1,3,0,0
19.1197,19.6479,100,1,3,0,0
19.3310,-1.0,900,1,3,0,0
19.3310,-1.0,82,10,3,0,0
19.3310,19.4366,110,10,3,JumpScratch,-6
19.4366,-1.0,80,4,3,0,0
19.4366,19.6479,100,4,3,0,0
19.4366,19.6479,110,7,3,0,0
19.5423,-1.0,900,1,3,0,0
20.0704,-1.0,10,4,3,0,0
20.1761,-1.0,10,7,3,0,0
20.2817,-1.0,10,1,3,0,0
20.2817,-1.0,81,10,3,0,0
20.2817,20.4930,101,10,3,0,0
20.4930,-1.0,10,4,3,0,0
20.5986,-1.0,10,1,3,0,0
20.7042,-1.0,81,7,3,0,0
20.7042,20.9155,101,7,3,0,0
20.8099,-1.0,10,4,3,0,0
20.9155,-1.0,10,1,3,0,0
21.1268,-1.0,10,4,3,0,0
21.1268,-1.0,81,10,3,0,0
21.1268,21.3380,101,10,3,0,0
21.2324,-1.0,10,1,3,0,0
21.4437,-1.0,10,4,3,0,0
21.5493,-1.0,10,1,3,0,0
21.5493,-1.0,20,7,3,0,0
21.7606,-1.0,10,10,3,0,0
21.8662,-1.0,10,7,3,0,0
21.9718,-1.0,50,1,6,0,0
22.0775,-1.0,10,7,3,0,0
22.1831,-1.0,50,2,6,0,0
22.2887,-1.0,10,7,3,0,0
22.3944,-1.0,20,3,6,0,0
22.5000,-1.0,80,10,3,0,0
22.5000,23.0282,100,10,3,0,0
22.7113,-1.0,82,1,3,0,0
22.7113,22.8169,110,1,3,JumpScratch,6
22.7113,-1.0,900,10,3,0,0
22.8169,23.0282,110,4,3,0,0
22.8169,-1.0,80,7,3,0,0
22.8169,23.0282,100,7,3,0,0
22.9225,-1.0,900,10,3,0,0
23.4507,-1.0,10,4,3,0,0
23.5563,-1.0,10,7,3,0,0
23.6620,-1.0,81,4,3,0,0
23.6620,23.8732,101,4,3,0,0
23.6620,-1.0,10,10,3,0,0
23.8732,-1.0,10,7,3,0,0
23.9789,-1.0,10,10,3,0,0
24.0845,-1.0,50,1,3,0,0
24.1901,-1.0,10,7,3,0,0
24.2958,-1.0,10,10,3,0,0
24.5070,-1.0,81,4,3,0,0
24.5070,24.7183,101,4,3,0,0
24.5070,-1.0,10,7,3,0,0
24.6127,-1.0,10,10,3,0,0
24.8239,-1.0,10,7,3,0,0
24.9296,-1.0,50,1,3,0,0
24.9296,-1.0,10,10,3,0,0
25.0352,-1.0,10,7,3,0,0
25.1408,-1.0,10,4,3,0,0
25.2465,-1.0,80,10,3,0,0
25.2465,25.4577,100,10,3,0,0
25.4577,-1.0,10,4,3,0,0
25.5634,-1.0,80,7,3,0,0
25.5634,25.7746,100,7,3,0,0
25.7746,-1.0,50,1,6,0,0
25.8803,-1.0,50,7,6,0,0
26.0915,-1.0,82,4,3,0,0
26.0915,26.4085,110,4,3,JumpScratch,-6
26.1972,-1.0,82,7,3,0,0
26.1972,26.4085,110,7,3,JumpScratch,6
26.3028,-1.0,900,4,3,0,0
26.8310,-1.0,10,4,3,0,0
26.8310,-1.0,10,7,3,0,0
27.0423,-1.0,20,1,4,0,0
27.0423,-1.0,20,9,4,0,0
27.2535,-1.0,10,1,3,0,0
27.2535,-1.0,10,10,3,0,0
27.3592,-1.0,10,4,2,0,0
27.3592,-1.0,10,8,2,0,0
27.5704,-1.0,10,1,4,0,0
27.5704,-1.0,10,9,4,0,0
27.6761,-1.0,82,5,2,0,0
27.6761,28.0986,110,5,2,JumpScratch,-6
27.6761,-1.0,82,7,2,0,0
27.6761,27.8873,110,7,2,JumpScratch,6
27.8873,-1.0,900,5,2,0,0
27.8873,28.3099,110,10,3,0,0
28.0986,28.3099,110,1,3,0,0
28.0986,-1.0,900,10,3,0,0
28.5211,-1.0,10,4,6,0,0
28.7324,-1.0,83,1,12,0,0
28.7324,29.1549,110,1,12,0,0
28.9437,-1.0,900,1,12,0,0
29.1549,29.5775,110,4,6,0,0
29.3662,-1.0,900,4,6,0,0
29.5775,30.0,110,6,2,0,0
29.7887,-1.0,900,6,2,0,0
30.4225,-1.0,20,1,3,0,0
30.4225,-1.0,10,7,3,0,0
30.4225,-1.0,83,10,3,0,0
30.4225,30.8451,110,10,3,0,0
30.6338,-1.0,10,4,3,0,0
30.6338,-1.0,900,10,3,0,0
30.8451,-1.0,50,1,3,0,0
31.0563,-1.0,10,4,3,0,0
31.2676,-1.0,20,1,3,0,0
31.2676,-1.0,10,7,3,0,0
31.2676,-1.0,83,10,3,0,0
31.2676,31.6901,110,10,3,0,0
31.4789,-1.0,10,4,3,0,0
31.4789,-1.0,900,10,3,0,0
31.5845,-1.0,10,7,3,0,0
31.6901,-1.0,50,1,3,0,0
31.9014,-1.0,10,4,3,0,0
32.1127,-1.0,50,1,3,0,0
32.1127,-1.0,50,4,3,0,0
32.1127,-1.0,81,7,4,0,0
32.1127,32.3239,101,7,4,0,0
32.5352,-1.0,81,2,5,0,0
32.5352,32.7465,101,2,5,0,0
32.5352,-1.0,50,7,3,0,0
32.5352,-1.0,50,10,3,0,0
32.8521,-1.0,10,7,6,0,0
32.9577,-1.0,50,1,3,0,0
32.9577,-1.0,50,4,3,0,0
32.9577,-1.0,81,7,6,0,0
32.9577,33.3803,101,7,6,0,0
33.1690,-1.0,900,7,6,0,0
33.3803,-1.0,20,1,3,0,0
33.3803,-1.0,20,4,3,0,0
33.8028,-1.0,83,1,3,0,0
33.8028,34.2254,110,1,3,0,0
33.8028,-1.0,10,4,3,0,0
33.8028,-1.0,20,10,3,0,0
34.0141,-1.0,900,1,3,0,0
34.0141,-1.0,10,7,3,0,0
34.2254,-1.0,50,10,3,0,0
34.4366,-1.0,10,7,3,0,0
34.6479,-1.0,83,1,3,0,0
34.6479,35.0704,110,1,3,0,0
34.6479,-1.0,10,4,3,0,0
34.6479,-1.0,20,10,3,0,0
34.8592,-1.0,900,1,3,0,0
34.8592,-1.0,10,7,3,0,0
35.0704,-1.0,50,10,3,0,0
35.2817,-1.0,10,7,3,0,0
35.4930,-1.0,20,1,3,0,0
35.4930,-1.0,50,7,3,0,0
35.4930,-1.0,50,10,3,0,0
35.5986,-1.0,10,4,3,0,0
35.9155,-1.0,50,1,3,0,0
35.9155,-1.0,50,4,3,0,0
35.9155,-1.0,20,10,3,0,0
36.0211,-1.0,10,7,3,0,0
36.3380,-1.0,20,1,3,0,0
36.3380,-1.0,50,7,3,0,0
36.3380,-1.0,50,10,3,0,0
36.4437,-1.0,10,4,3,0,0
36.7606,-1.0,10,4,3,0,0
36.7606,-1.0,10,10,3,0,0
36.9718,-1.0,10,1,3,0,0
36.9718,-1.0,10,7,3,0,0
37.1831,-1.0,20,1,6,0,0
37.1831,-1.0,50,7,6,0,0
37.3944,-1.0,50,1,6,0,0
37.3944,-1.0,81,7,6,0,0
37.3944,38.4507,101,7,6,0,0
37.6056,-1.0,900,7,6,0,0
37.8169,-1.0,10,1,3,0,0
37.8169,-1.0,900,7,6,0,0
37.9225,-1.0,10,5,3,0,0
38.0282,-1.0,20,1,3,0,0
38.0282,-1.0,900,7,6,0,0
38.2394,-1.0,10,1,3,0,0
38.2394,-1.0,900,7,6,0,0
38.3451,-1.0,10,5,3,0,0
38.4507,-1.0,20,1,3,0,0
38.8732,-1.0,50,1,6,0,0
38.8732,-1.0,20,7,6,0,0
39.0845,-1.0,81,1,6,0,0
39.0845,40.1408,101,1,6,0,0
39.0845,-1.0,50,7,6,0,0
39.2958,-1.0,900,1,6,0,0
39.5070,-1.0,900,1,6,0,0
39.5070,-1.0,10,10,3,0,0
39.6127,-1.0,10,6,3,0,0
39.7183,-1.0,900,1,6,0,0
39.7183,-1.0,20,10,3,0,0
39.9296,-1.0,900,1,6,0,0
39.9296,-1.0,10,10,3,0,0
40.0352,-1.0,20,6,3,0,0
40.2465,-1.0,10,6,3,0,0
40.3521,-1.0,20,10,3,0,0
40.5634,-1.0,81,1,3,0,0
40.5634,40.7746,101,1,3,0,0
40.5634,-1.0,50,9,4,0,0
40.7746,-1.0,10,7,3,0,0
40.8803,-1.0,50,1,4,0,0
40.8803,-1.0,81,10,3,0,0
40.8803,41.0915,101,10,3,0,0
41.0915,-1.0,10,4,3,0,0
41.1972,-1.0,81,1,3,0,0
41.1972,41.4085,101,1,3,0,0
41.1972,-1.0,50,8,5,0,0
41.4085,-1.0,10,7,3,0,0
41.5141,-1.0,50,1,5,0,0
41.5141,-1.0,81,10,3,0,0
41.5141,41.7254,101,10,3,0,0
41.7254,-1.0,10,4,3,0,0
41.8310,-1.0,81,1,3,0,0
41.8310,42.0423,101,1,3,0,0
41.8310,-1.0,50,7,6,0,0
42.0423,-1.0,10,7,3,0,0
42.1479,-1.0,50,1,6,0,0
42.1479,-1.0,81,10,3,0,0
42.1479,42.3592,101,10,3,0,0
42.3592,-1.0,81,4,3,0,0
42.3592,42.4648,101,4,3,0,0
42.4648,-1.0,81,7,4,0,0
42.4648,42.6761,101,7,4,0,0
42.6761,-1.0,81,2,5,0,0
42.6761,42.8873,101,2,5,0,0
42.8873,-1.0,81,7,6,0,0
42.8873,43.0986,101,7,6,0,0
43.0986,-1.0,20,1,6,0,0
43.3099,-1.0,20,1,3,0,0
43.3099,-1.0,20,4,3,0,0
43.3099,-1.0,20,7,3,0,0
43.3099,-1.0,20,10,3,0,0
43.5211,-1.0,50,1,3,0,0
43.5211,-1.0,50,4,3,0,0
43.5211,-1.0,50,7,3,0,0
43.5211,-1.0,50,10,3,0,0
43.9437,-1.0,20,1,3,0,0
43.9437,-1.0,20,4,2,0,0
43.9437,-1.0,20,8,2,0,0
43.9437,-1.0,20,10,3,0,0
44.3662,-1.0,10,1,3,0,0
44.3662,-1.0,10,10,3,0,0
44.5775,-1.0,10,1,3,0,0
44.5775,-1.0,10,8,2,0,0
44.7887,-1.0,20,1,3,0,0
44.7887,-1.0,50,10,3,0,0
45.2113,-1.0,10,1,3,0,0
45.2113,-1.0,10,10,3,0,0
45.4225,-1.0,10,4,2,0,0
45.4225,-1.0,10,10,3,0,0
45.6338,-1.0,50,1,3,0,0
45.6338,-1.0,20,10,3,0,0
46.0563,-1.0,10,1,3,0,0
46.0563,-1.0,10,10,3,0,0
46.2676,-1.0,10,8,2,0,0
46.3732,-1.0,10,6,2,0,0
46.4789,-1.0,10,4,2,0,0
46.6901,-1.0,10,8,2,0,0
46.9014,-1.0,80,6,2,0,0
46.9014,50.2817,100,6,2,0,0
47.1127,-1.0,900,6,2,0,0
47.3239,-1.0,82,4,2,0,0
47.3239,47.4296,110,4,2,JumpScratch,6
47.3239,-1.0,900,6,2,0,0
47.5352,-1.0,900,6,2,0,0
47.7465,-1.0,900,6,2,0,0
47.7465,-1.0,82,8,3,0,0
47.7465,47.8521,110,8,3,JumpScratch,-8
47.9577,-1.0,900,6,2,0,0
48.1690,-1.0,82,2,4,0,0
48.1690,48.2746,110,2,4,JumpScratch,10
48.1690,-1.0,900,6,2,0,0
48.2746,48.5915,110,8,4,0,0
48.3803,-1.0,900,6,2,0,0
48.4859,-1.0,900,8,4,0,0
48.5915,-1.0,900,6,2,0,0
48.8028,-1.0,900,6,2,0,0
49.0141,-1.0,900,6,2,0,0
49.0141,-1.0,82,8,2,0,0
49.0141,49.1197,110,8,2,JumpScratch,-6
49.2254,-1.0,900,6,2,0,0
49.4366,-1.0,82,3,3,0,0
49.4366,49.5423,110,3,3,JumpScratch,8
49.4366,-1.0,900,6,2,0,0
49.6479,-1.0,900,6,2,0,0
49.8592,-1.0,900,6,2,0,0
49.8592,-1.0,82,8,4,0,0
49.8592,49.9648,110,8,4,JumpScratch,-10
49.9648,50.2817,110,2,4,0,0
50.0704,-1.0,900,6,2,0,0
50.1761,-1.0,900,2,4,0,0
50.7042,-1.0,20,1,6,0,0
50.7042,-1.0,50,7,6,0,0
51.1268,-1.0,10,1,5,0,0
51.1268,-1.0,20,8,5,0,0
51.3380,-1.0,10,4,3,0,0
51.5493,-1.0,50,1,4,0,0
51.5493,-1.0,20,9,4,0,0
51.7606,-1.0,10,10,3,0,0
51.8662,-1.0,10,7,3,0,0
51.9718,-1.0,20,1,3,0,0
51.9718,-1.0,20,10,3,0,0
52.1831,-1.0,10,4,3,0,0
52.3944,-1.0,50,1,6,0,0
52.3944,-1.0,20,7,6,0,0
52.8169,-1.0,20,1,5,0,0
52.8169,-1.0,10,8,5,0,0
53.0282,-1.0,10,7,3,0,0
53.2394,-1.0,20,1,4,0,0
53.2394,-1.0,50,9,4,0,0
53.4507,-1.0,10,1,3,0,0
53.5563,-1.0,10,4,3,0,0
53.6620,-1.0,20,1,3,0,0
53.6620,-1.0,20,10,3,0,0
53.8732,-1.0,10,7,3,0,0
54.0845,-1.0,20,1,4,0,0
54.0845,-1.0,20,5,4,0,0
54.0845,-1.0,20,9,4,0,0
54.5070,-1.0,20,9,4,0,0
54.7183,-1.0,82,9,4,0,0
54.7183,55.7746,110,9,4,0,0
54.9296,-1.0,20,1,4,0,0
54.9296,-1.0,900,9,4,0,0
55.1408,-1.0,82,1,4,0,0
55.1408,55.7746,110,1,4,0,0
55.1408,-1.0,900,9,4,0,0
55.3521,-1.0,900,1,4,0,0
55.3521,-1.0,20,5,4,0,0
55.3521,-1.0,900,9,4,0,0
55.5634,-1.0,900,1,4,0,0
55.5634,-1.0,82,5,4,0,0
55.5634,55.7746,110,5,4,0,0
55.5634,-1.0,900,9,4,0,0
56.1972,-1.0,10,6,2,0,0
56.3028,-1.0,82,6,2,0,0
56.3028,56.6197,110,6,2,JumpScratch,4
56.5141,-1.0,900,6,2,0,0
56.6197,56.7254,110,8,2,JumpScratch,-4
56.7254,57.0423,110,6,2,0,0
56.9366,-1.0,900,6,2,0,0
57.4648,-1.0,81,1,3,0,0
57.4648,57.7817,101,1,3,0,0
57.4648,-1.0,50,7,3,0,0
57.4648,-1.0,50,10,3,0,0
57.6761,-1.0,900,1,3,0,0
57.7817,-1.0,10,4,3,0,0
57.8873,-1.0,20,1,3,0,0
57.8873,-1.0,20,7,4,0,0
58.0986,-1.0,10,2,3,0,0
58.0986,-1.0,10,5,3,0,0
58.3099,-1.0,50,1,3,0,0
58.3099,-1.0,50,4,3,0,0
58.3099,-1.0,81,10,3,0,0
58.3099,58.6268,101,10,3,0,0
58.5211,-1.0,900,10,3,0,0
58.6268,-1.0,10,7,3,0,0
58.7324,-1.0,20,3,4,0,0
58.7324,-1.0,20,10,3,0,0
58.9437,-1.0,10,6,3,0,0
58.9437,-1.0,10,9,3,0,0
59.1549,-1.0,81,1,3,0,0
59.1549,59.4718,101,1,3,0,0
59.1549,-1.0,50,7,3,0,0
59.1549,-1.0,50,10,3,0,0
59.3662,-1.0,900,1,3,0,0
59.4718,-1.0,10,4,3,0,0
59.5775,-1.0,20,1,3,0,0
59.5775,-1.0,20,7,4,0,0
59.7887,-1.0,10,2,3,0,0
59.7887,-1.0,10,5,3,0,0
60.0,-1.0,20,1,3,0,0
60.0,-1.0,20,10,3,0,0
60.1056,-1.0,10,4,3,0,0
60.2113,-1.0,10,7,3,0,0
60.3169,-1.0,10,10,3,0,0
60.4225,-1.0,10,4,3,0,0
60.5282,-1.0,10,7,3,0,0
60.6338,-1.0,10,10,3,0,0
60.7394,-1.0,10,7,3,0,0
60.8451,-1.0,50,1,6,0,0
60.9507,-1.0,10,7,3,0,0
61.0563,-1.0,10,10,3,0,0
61.1620,-1.0,50,1,6,0,0
61.3732,-1.0,10,7,3,0,0
61.3732,-1.0,10,10,3,0,0
61.4789,-1.0,10,4,3,0,0
61.5845,-1.0,10,1,3,0,0
61.6901,-1.0,81,7,3,0,0
61.6901,61.9014,101,7,3,0,0
61.6901,-1.0,81,10,3,0,0
61.6901,61.9014,101,10,3,0,0
61.9014,-1.0,10,1,3,0,0
61.9014,-1.0,10,4,3,0,0
62.0070,-1.0,50,7,6,0,0
62.3239,-1.0,10,4,3,0,0
62.3239,-1.0,10,7,3,0,0
62.5352,-1.0,20,1,3,0,0
62.5352,-1.0,20,4,3,0,0
62.5352,-1.0,50,7,6,0,0
62.7465,-1.0,10,5,4,0,0
62.9577,-1.0,50,1,6,0,0
62.9577,-1.0,20,7,3,0,0
62.9577,-1.0,20,10,3,0,0
63.1690,-1.0,10,5,4,0,0
63.3803,-1.0,20,1,3,0,0
63.3803,-1.0,83,10,3,0,0
63.3803,63.8028,110,10,3,0,0
63.5915,-1.0,20,4,3,0,0
63.5915,-1.0,83,7,3,0,0
63.5915,63.8028,110,7,3,0,0
63.5915,-1.0,900,10,3,0,0
63.8028,-1.0,20,1,3,0,0
63.8028,-1.0,20,4,3,0,0
64.2254,-1.0,50,1,3,0,0
64.2254,-1.0,50,4,3,0,0
64.2254,-1.0,81,10,3,0,0
64.2254,64.5423,101,10,3,0,0
64.4366,-1.0,900,10,3,0,0
64.5423,-1.0,10,7,3,0,0
64.6479,-1.0,20,3,4,0,0
64.6479,-1.0,20,10,3,0,0
64.8592,-1.0,10,6,3,0,0
64.8592,-1.0,10,9,3,0,0
65.0704,-1.0,81,1,3,0,0
65.0704,65.3873,101,1,3,0,0
65.0704,-1.0,50,7,3,0,0
65.0704,-1.0,50,10,3,0,0
65.2817,-1.0,900,1,3,0,0
65.3873,-1.0,10,4,3,0,0
65.4930,-1.0,20,1,3,0,0
65.4930,-1.0,20,10,3,0,0
65.5986,-1.0,10,7,3,0,0
65.7042,-1.0,10,4,3,0,0
65.8099,-1.0,10,7,3,0,0
65.9155,-1.0,50,1,3,0,0
65.9155,-1.0,50,4,3,0,0
65.9155,-1.0,81,10,3,0,0
65.9155,66.2324,101,10,3,0,0
66.1268,-1.0,900,10,3,0,0
66.2324,-1.0,10,7,3,0,0
66.3380,-1.0,20,3,4,0,0
66.3380,-1.0,20,10,3,0,0
66.5493,-1.0,10,6,3,0,0
66.5493,-1.0,10,9,3,0,0
66.7606,-1.0,20,1,3,0,0
66.7606,-1.0,20,4,3,0,0
66.8662,-1.0,10,10,3,0,0
66.9718,-1.0,10,7,3,0,0
67.0775,-1.0,10,4,3,0,0
67.1831,-1.0,20,7,3,0,0
67.1831,-1.0,20,10,3,0,0
67.2887,-1.0,20,1,3,0,0
67.2887,-1.0,20,4,3,0,0
67.3944,-1.0,10,7,3,0,0
67.5000,-1.0,10,4,3,0,0
67.6056,-1.0,81,7,3,0,0
67.6056,67.8169,101,7,3,0,0
67.6056,-1.0,81,10,3,0,0
67.6056,67.8169,101,10,3,0,0
67.8169,-1.0,10,1,3,0,0
67.8169,-1.0,10,4,3,0,0
67.9225,-1.0,50,7,6,0,0
68.1338,-1.0,10,1,3,0,0
68.1338,-1.0,10,4,3,0,0
68.2394,-1.0,10,7,3,0,0
68.3451,-1.0,10,10,3,0,0
68.4507,-1.0,81,1,3,0,0
68.4507,68.6620,101,1,3,0,0
68.4507,-1.0,81,4,3,0,0
68.4507,68.6620,101,4,3,0,0
68.6620,-1.0,10,7,3,0,0
68.6620,-1.0,10,10,3,0,0
68.7676,-1.0,50,1,6,0,0
69.0845,-1.0,81,10,3,0,0
69.0845,69.2958,101,10,3,0,0
69.2958,-1.0,20,4,3,0,0
69.4014,-1.0,10,7,3,0,0
69.5070,-1.0,10,1,3,0,0
69.6127,-1.0,10,4,3,0,0
69.7183,-1.0,20,10,3,0,0
69.8239,-1.0,10,7,3,0,0
69.9296,-1.0,10,4,3,0,0
70.0352,-1.0,10,1,3,0,0
70.1408,-1.0,20,10,3,0,0
70.2465,-1.0,10,7,3,0,0
70.3521,-1.0,10,4,3,0,0
70.4577,-1.0,10,7,3,0,0
70.5634,-1.0,20,1,3,0,0
70.6690,-1.0,10,4,3,0,0
70.7746,-1.0,10,7,3,0,0
70.8803,-1.0,10,10,3,0,0
70.9859,-1.0,50,1,3,0,0
70.9859,-1.0,50,4,3,0,0
71.0915,-1.0,83,5,3,0,0
71.0915,71.3028,110,5,3,JumpScratch,4
71.0915,-1.0,83,9,3,0,0
71.0915,71.3028,110,9,3,JumpScratch,4
71.4085,-1.0,20,1,3,0,0
71.4085,-1.0,20,4,3,0,0
71.6197,-1.0,10,7,3,0,0
71.6197,-1.0,10,10,3,0,0
71.8310,-1.0,50,1,3,0,0
71.8310,-1.0,50,4,3,0,0
71.9366,-1.0,83,5,3,0,0
71.9366,72.1479,110,5,3,JumpScratch,4
71.9366,-1.0,83,9,3,0,0
71.9366,72.1479,110,9,3,JumpScratch,4
72.2535,-1.0,20,1,3,0,0
72.2535,-1.0,20,4,3,0,0
72.4648,-1.0,10,7,3,0,0
72.4648,-1.0,10,10,3,0,0
72.6761,-1.0,50,1,3,0,0
72.6761,-1.0,50,4,3,0,0
72.7817,-1.0,83,5,3,0,0
72.7817,72.9930,110,5,3,JumpScratch,4
72.7817,-1.0,83,9,3,0,0
72.7817,72.9930,110,9,3,JumpScratch,4
73.0986,-1.0,20,1,3,0,0
73.0986,-1.0,20,4,3,0,0
73.3099,-1.0,10,7,3,0,0
73.3099,-1.0,10,10,3,0,0
73.5211,-1.0,10,1,3,0,0
73.6268,-1.0,10,4,3,0,0
73.7324,-1.0,10,7,3,0,0
73.8380,-1.0,10,10,3,0,0
73.9437,-1.0,10,4,3,0,0
74.0493,-1.0,10,7,3,0,0
74.2606,-1.0,20,5,2,0,0
74.2606,-1.0,20,10,2,0,0
74.3662,-1.0,20,2,2,0,0
74.3662,-1.0,20,7,2,0,0
74.5775,-1.0,10,11,2,0,0
74.6831,-1.0,10,8,2,0,0
74.7887,-1.0,10,5,2,0,0
74.8944,-1.0,10,8,2,0,0
75.0,-1.0,10,5,2,0,0
75.1056,-1.0,10,2,2,0,0
75.2113,-1.0,10,6,3,0,0
75.3169,-1.0,10,11,2,0,0
75.4225,-1.0,10,8,2,0,0
75.5282,-1.0,10,5,2,0,0
75.6338,-1.0,10,1,3,0,0
75.7394,-1.0,10,4,3,0,0
75.8451,-1.0,10,7,3,0,0
75.9507,-1.0,10,10,3,0,0
76.0563,-1.0,20,1,3,0,0
76.0563,-1.0,20,7,3,0,0
76.3732,-1.0,20,4,3,0,0
76.3732,-1.0,20,10,3,0,0
76.6901,-1.0,20,1,3,0,0
76.6901,-1.0,20,4,3,0,0
76.6901,-1.0,50,7,3,0,0
77.0070,-1.0,50,4,3,0,0
77.0070,-1.0,20,7,3,0,0
77.0070,-1.0,20,10,3,0,0
77.3239,-1.0,20,1,3,0,0
77.3239,-1.0,20,5,3,0,0
77.3239,-1.0,50,10,3,0,0
77.5352,-1.0,50,1,3,0,0
77.5352,-1.0,20,6,3,0,0
77.5352,-1.0,20,10,3,0,0
77.7465,-1.0,83,2,3,0,0
77.7465,78.0634,110,2,3,JumpScratch,-4
77.7465,-1.0,83,6,3,0,0
77.7465,78.0634,110,6,3,JumpScratch,-4
77.7465,-1.0,50,10,3,0,0
77.9577,-1.0,900,2,3,0,0
77.9577,-1.0,900,6,3,0,0
78.1690,-1.0,20,7,3,0,0
78.1690,-1.0,20,10,3,0,0
78.3803,-1.0,10,1,3,0,0
78.3803,-1.0,10,4,3,0,0
78.5915,-1.0,50,7,3,0,0
78.5915,-1.0,50,10,3,0,0
78.6972,-1.0,83,2,3,0,0
78.6972,78.9085,110,2,3,JumpScratch,-4
78.6972,-1.0,83,6,3,0,0
78.6972,78.9085,110,6,3,JumpScratch,-4
79.0141,-1.0,20,7,3,0,0
79.0141,-1.0,20,10,3,0,0
79.2254,-1.0,10,1,3,0,0
79.2254,-1.0,10,4,3,0,0
79.4366,-1.0,50,7,3,0,0
79.4366,-1.0,50,10,3,0,0
79.5423,-1.0,83,2,3,0,0
79.5423,79.7535,110,2,3,JumpScratch,-4
79.5423,-1.0,83,6,3,0,0
79.5423,79.7535,110,6,3,JumpScratch,-4
79.8592,-1.0,20,7,3,0,0
79.8592,-1.0,20,10,3,0,0
80.0704,-1.0,10,1,3,0,0
80.0704,-1.0,10,4,3,0,0
80.2764,-1.0,20,5,2,0,0
80.2817,-1.0,20,2,2,0,0
80.2870,-1.0,20,8,2,0,0
80.3873,-1.0,10,11,2,0,0
80.4930,-1.0,10,8,2,0,0
80.5986,-1.0,10,5,2,0,0
80.7042,-1.0,10,2,2,0,0
80.8099,-1.0,10,8,2,0,0
80.9155,-1.0,10,5,2,0,0
81.0211,-1.0,10,11,2,0,0
81.1268,-1.0,20,2,2,0,0
81.1268,-1.0,20,5,2,0,0
81.3380,-1.0,20,1,3,0,0
81.4084,-1.0,10,4,3,0,0
81.4789,-1.0,10,7,3,0,0
81.5493,-1.0,20,2,3,0,0
81.6197,-1.0,10,5,3,0,0
81.6901,-1.0,10,8,3,0,0
81.7606,-1.0,20,3,3,0,0
81.8310,-1.0,10,6,3,0,0
81.9014,-1.0,10,9,3,0,0
81.9718,-1.0,83,4,4,0,0
81.9718,82.0246,110,4,4,JumpScratch,-5
82.0246,82.0775,110,3,4,JumpScratch,-5
82.0775,82.1303,110,2,4,JumpScratch,-5
82.1831,-1.0,83,6,4,0,0
82.1831,82.2359,110,6,4,JumpScratch,5
82.2359,82.2887,110,7,4,JumpScratch,5
82.2887,82.3415,110,8,4,JumpScratch,5
82.3944,-1.0,83,4,4,0,0
82.3944,82.4472,110,4,4,JumpScratch,-5
82.4472,82.5000,110,3,4,JumpScratch,-5
82.5000,82.5528,110,2,4,JumpScratch,-5
82.6056,-1.0,20,7,6,0,0
83.0282,-1.0,20,1,3,0,0
83.0282,-1.0,20,4,3,0,0
83.0282,-1.0,20,7,3,0,0
83.2394,-1.0,20,4,3,0,0
83.2394,-1.0,20,7,3,0,0
83.2394,-1.0,20,10,3,0,0
83.4507,-1.0,20,1,3,0,0
83.4507,-1.0,20,4,3,0,0
83.4507,-1.0,20,7,3,0,0
83.6620,-1.0,83,4,3,0,0
83.6620,84.0845,110,4,3,0,0
83.6620,-1.0,83,7,3,0,0
83.6620,84.0845,110,7,3,0,0
83.6620,-1.0,83,10,3,0,0
83.6620,83.8732,110,10,3,JumpScratch,-12
83.8732,84.0845,110,1,3,0,0
84.5070,-1.0,20,1,3,0,0
84.5070,-1.0,20,4,3,0,0
84.5070,-1.0,82,7,3,0,0
84.5070,84.9296,110,7,3,0,0
84.5070,-1.0,82,10,3,0,0
84.5070,84.9296,110,10,3,0,0
84.7183,-1.0,900,7,3,0,0
84.7183,-1.0,900,10,3,0,0
84.9296,-1.0,50,1,3,0,0
84.9296,-1.0,50,4,3,0,0
85.3521,-1.0,20,1,3,0,0
85.3521,-1.0,10,7,3,0,0
85.4577,-1.0,80,4,3,0,0
85.4577,85.7746,100,4,3,0,0
85.6690,-1.0,900,4,3,0,0
85.6690,-1.0,10,10,3,0,0
85.7746,-1.0,20,1,3,0,0
85.7746,-1.0,10,7,3,0,0
85.9859,-1.0,10,7,3,0,0
86.1972,-1.0,20,1,3,0,0
86.1972,-1.0,10,7,3,0,0
86.3028,-1.0,80,4,3,0,0
86.3028,86.6197,100,4,3,0,0
86.5141,-1.0,900,4,3,0,0
86.5141,-1.0,10,10,3,0,0
86.6197,-1.0,20,1,3,0,0
86.6197,-1.0,10,7,3,0,0
86.8310,-1.0,10,7,3,0,0
87.0423,-1.0,10,1,4,0,0
87.0423,-1.0,20,7,3,0,0
87.1479,-1.0,20,10,3,0,0
87.2535,-1.0,20,7,3,0,0
87.4648,-1.0,20,5,3,0,0
87.4648,-1.0,10,9,4,0,0
87.5704,-1.0,20,2,3,0,0
87.6761,-1.0,20,4,3,0,0
87.7817,-1.0,20,1,3,0,0
87.8873,-1.0,82,4,3,0,0
87.8873,88.3099,110,4,3,0,0
87.8873,-1.0,82,7,3,0,0
87.8873,88.3099,110,7,3,0,0
88.0986,-1.0,900,4,3,0,0
88.0986,-1.0,900,7,3,0,0
88.7324,-1.0,10,4,3,0,0
88.7324,-1.0,20,10,3,0,0
88.8380,-1.0,80,7,3,0,0
88.8380,89.1549,100,7,3,0,0
89.0493,-1.0,10,1,3,0,0
89.0493,-1.0,900,7,3,0,0
89.1549,-1.0,20,4,3,0,0
89.2606,-1.0,20,7,3,0,0
89.3662,-1.0,20,10,3,0,0
89.5775,-1.0,20,4,3,0,0
89.5775,-1.0,83,10,3,0,0
89.5775,89.6831,110,10,3,JumpScratch,-6
89.6831,-1.0,20,1,3,0,0
90.0,-1.0,83,1,3,0,0
90.0,90.1056,110,1,3,JumpScratch,6
90.0,-1.0,20,7,3,0,0
90.1056,-1.0,20,10,3,0,0
90.4225,-1.0,20,4,3,0,0
90.4225,-1.0,83,10,3,0,0
90.4225,90.5282,110,10,3,JumpScratch,-6
90.5282,-1.0,20,1,3,0,0
90.8451,-1.0,20,3,4,0,0
90.8451,-1.0,20,7,4,0,0
91.0563,-1.0,20,1,4,0,0
91.0563,-1.0,20,9,4,0,0
91.2676,-1.0,81,4,3,0,0
91.2676,91.4789,101,4,3,0,0
91.2676,-1.0,81,7,3,0,0
91.2676,91.4789,101,7,3,0,0
91.5845,-1.0,81,3,4,0,0
91.5845,91.7958,101,3,4,0,0
91.5845,-1.0,81,7,4,0,0
91.5845,91.7958,101,7,4,0,0
91.9014,-1.0,81,2,5,0,0
91.9014,92.1127,101,2,5,0,0
91.9014,-1.0,81,7,5,0,0
91.9014,92.1127,101,7,5,0,0
92.2183,-1.0,81,1,6,0,0
92.2183,92.4296,101,1,6,0,0
92.2183,-1.0,81,7,6,0,0
92.2183,92.4296,101,7,6,0,0
92.5352,-1.0,81,1,5,0,0
92.5352,92.7465,101,1,5,0,0
92.5352,-1.0,81,8,5,0,0
92.5352,92.7465,101,8,5,0,0
92.8521,-1.0,81,1,4,0,0
92.8521,93.0634,101,1,4,0,0
92.8521,-1.0,81,9,4,0,0
92.8521,93.0634,101,9,4,0,0
93.1690,-1.0,81,1,3,0,0
93.1690,93.3803,101,1,3,0,0
93.1690,-1.0,81,10,3,0,0
93.1690,93.3803,101,10,3,0,0
93.4859,-1.0,81,1,4,0,0
93.4859,93.6972,101,1,4,0,0
93.4859,-1.0,81,9,4,0,0
93.4859,93.6972,101,9,4,0,0
93.8028,-1.0,20,1,5,0,0
93.8028,-1.0,20,8,5,0,0
94.0141,-1.0,20,1,6,0,0
94.0141,-1.0,20,7,6,0,0
94.2254,-1.0,50,1,6,0,0
94.2254,-1.0,50,7,6,0,0
94.4366,-1.0,10,5,2,0,0
94.5423,-1.0,10,8,2,0,0
94.6479,-1.0,80,5,2,0,0
94.6479,96.3380,100,5,2,0,0
94.6479,-1.0,10,11,2,0,0
94.8592,-1.0,900,5,2,0,0
94.8592,-1.0,10,11,2,0,0
94.9648,-1.0,10,8,2,0,0
95.0704,-1.0,900,5,2,0,0
95.1761,-1.0,10,8,2,0,0
95.2817,-1.0,900,5,2,0,0
95.2817,-1.0,10,11,2,0,0
95.4930,-1.0,900,5,2,0,0
95.4930,-1.0,10,11,2,0,0
95.5986,-1.0,10,8,2,0,0
95.7042,-1.0,900,5,2,0,0
95.8099,-1.0,10,8,2,0,0
95.9155,-1.0,900,5,2,0,0
95.9155,-1.0,10,11,2,0,0
96.1268,-1.0,900,5,2,0,0
96.1268,-1.0,10,11,2,0,0
96.2324,-1.0,10,8,2,0,0
96.3380,-1.0,80,2,2,0,0
96.3380,97.0775,100,2,2,0,0
96.4437,-1.0,10,8,2,0,0
96.5493,-1.0,900,2,2,0,0
96.5493,-1.0,10,11,2,0,0
96.7606,-1.0,900,2,2,0,0
96.7606,-1.0,10,8,2,0,0
96.8662,-1.0,80,11,2,0,0
96.8662,97.1831,100,11,2,0,0
96.9718,-1.0,900,2,2,0,0
97.0775,-1.0,82,5,2,0,0
97.0775,97.3944,110,5,2,JumpScratch,-3
97.0775,-1.0,900,11,2,0,0
97.1831,-1.0,82,8,2,0,0
97.1831,97.3944,110,8,2,JumpScratch,3
97.2887,-1.0,900,5,2,0,0
97.8169,-1.0,10,4,2,0,0
98.0282,-1.0,10,1,2,0,0
98.0282,-1.0,80,7,2,0,0
98.0282,99.7183,100,7,2,0,0
98.2394,-1.0,10,1,2,0,0
98.2394,-1.0,900,7,2,0,0
98.3451,-1.0,10,4,2,0,0
98.4507,-1.0,900,7,2,0,0
98.5563,-1.0,10,4,2,0,0
98.6620,-1.0,10,1,2,0,0
98.6620,-1.0,900,7,2,0,0
98.8732,-1.0,10,1,2,0,0
98.8732,-1.0,900,7,2,0,0
98.9789,-1.0,10,4,2,0,0
99.0845,-1.0,900,7,2,0,0
99.1901,-1.0,10,4,2,0,0
99.2958,-1.0,10,1,2,0,0
99.2958,-1.0,900,7,2,0,0
99.5070,-1.0,10,1,2,0,0
99.5070,-1.0,900,7,2,0,0
99.6127,-1.0,10,4,2,0,0
99.7183,-1.0,80,10,2,0,0
99.7183,100.4577,100,10,2,0,0
99.8239,-1.0,10,4,2,0,0
99.9296,-1.0,10,1,2,0,0
99.9296,-1.0,900,10,2,0,0
100.1408,-1.0,10,4,2,0,0
100.1408,-1.0,900,10,2,0,0
100.2465,-1.0,80,1,2,0,0
100.2465,100.5634,100,1,2,0,0
100.3521,-1.0,900,10,2,0,0
100.4577,-1.0,900,1,2,0,0
100.4577,-1.0,82,7,2,0,0
100.4577,100.7746,110,7,2,JumpScratch,3
100.5634,-1.0,82,4,2,0,0
100.5634,100.7746,110,4,2,JumpScratch,-3
100.6690,-1.0,900,7,2,0,0
100.9859,-1.0,10,10,3,0,0
101.0915,-1.0,10,7,3,0,0
101.1972,-1.0,10,4,3,0,0
101.3028,-1.0,10,1,3,0,0
101.4085,-1.0,81,7,3,0,0
101.4085,101.6197,101,7,3,0,0
101.6197,-1.0,10,1,3,0,0
101.7254,-1.0,10,4,3,0,0
101.8310,-1.0,50,10,3,0,0
101.9366,-1.0,10,4,3,0,0
102.0423,-1.0,10,1,3,0,0
102.2535,-1.0,10,1,3,0,0
102.2535,-1.0,81,7,3,0,0
102.2535,102.4648,101,7,3,0,0
102.3592,-1.0,10,4,3,0,0
102.5704,-1.0,10,4,3,0,0
102.6761,-1.0,10,1,3,0,0
102.6761,-1.0,50,10,3,0,0
102.7817,-1.0,10,4,3,0,0
102.8873,-1.0,10,7,3,0,0
102.9930,-1.0,80,1,3,0,0
102.9930,103.2042,100,1,3,0,0
103.2042,-1.0,10,7,3,0,0
103.3099,-1.0,80,4,3,0,0
103.3099,103.5211,100,4,3,0,0
103.5211,-1.0,50,7,6,0,0
103.6268,-1.0,50,1,6,0,0
103.8380,-1.0,82,7,3,0,0
103.8380,104.1549,110,7,3,JumpScratch,6
103.9437,-1.0,82,4,3,0,0
103.9437,104.1549,110,4,3,JumpScratch,-6
104.0493,-1.0,900,7,3,0,0
104.5775,-1.0,10,4,3,0,0
104.5775,-1.0,10,7,3,0,0
104.7887,-1.0,20,1,4,0,0
104.7887,-1.0,20,9,4,0,0
105.0,-1.0,10,4,2,0,0
105.0,-1.0,10,11,2,0,0
105.1056,-1.0,10,1,2,0,0
105.1056,-1.0,10,8,2,0,0
105.3169,-1.0,10,4,2,0,0
105.3169,-1.0,10,11,2,0,0
105.4225,-1.0,82,1,2,0,0
105.4225,105.8451,110,1,2,JumpScratch,6
105.4225,-1.0,82,8,2,0,0
105.4225,105.6338,110,8,2,JumpScratch,5
105.6338,-1.0,900,1,2,0,0
105.6338,106.0563,110,10,3,JumpScratch,-5
105.8451,106.0563,110,4,3,JumpScratch,-5
105.8451,-1.0,900,10,3,0,0
106.2676,-1.0,10,4,6,0,0
106.4789,-1.0,83,1,12,0,0
106.4789,106.5317,110,1,12,JumpScratch,12
106.5317,106.5845,110,5,8,JumpScratch,8
106.5845,106.9014,110,9,4,JumpScratch,-12
106.7958,-1.0,900,9,4,0,0
106.9014,106.9542,110,1,8,JumpScratch,-8
106.9542,107.3239,110,1,4,JumpScratch,12
107.1831,-1.0,900,1,4,0,0
107.3239,107.3768,110,5,8,JumpScratch,8
107.3768,107.7465,110,9,4,0,0
107.6056,-1.0,900,9,4,0,0
107.7465,-1.0,50,1,4,0,0
107.9577,-1.0,20,1,12,0,0
108.1690,-1.0,83,1,3,0,0
108.1690,108.5915,110,1,3,0,0
108.1690,-1.0,10,4,3,0,0
108.1690,-1.0,20,10,3,0,0
108.3803,-1.0,900,1,3,0,0
108.3803,-1.0,10,4,3,0,0
108.5915,-1.0,50,10,3,0,0
108.8028,-1.0,10,4,3,0,0
109.0141,-1.0,83,1,3,0,0
109.0141,109.4366,110,1,3,0,0
109.0141,-1.0,10,4,3,0,0
109.0141,-1.0,20,10,3,0,0
109.2254,-1.0,900,1,3,0,0
109.2254,-1.0,10,7,3,0,0
109.3310,-1.0,10,4,3,0,0
109.4366,-1.0,50,10,3,0,0
109.6479,-1.0,10,4,3,0,0
109.8592,-1.0,81,3,4,0,0
109.8592,110.0704,101,3,4,0,0
109.8592,-1.0,50,7,3,0,0
109.8592,-1.0,50,10,3,0,0
110.2817,-1.0,50,1,3,0,0
110.2817,-1.0,50,4,3,0,0
110.2817,-1.0,81,7,5,0,0
110.2817,110.4930,101,7,5,0,0
110.5986,-1.0,10,1,6,0,0
110.7042,-1.0,81,1,6,0,0
110.7042,111.1268,101,1,6,0,0
110.7042,-1.0,50,7,3,0,0
110.7042,-1.0,50,10,3,0,0
110.9155,-1.0,900,1,6,0,0
111.1268,-1.0,20,7,3,0,0
111.1268,-1.0,20,10,3,0,0
111.5493,-1.0,20,1,3,0,0
111.5493,-1.0,10,7,3,0,0
111.5493,-1.0,83,10,3,0,0
111.5493,111.9718,110,10,3,0,0
111.7606,-1.0,10,7,3,0,0
111.7606,-1.0,900,10,3,0,0
111.9718,-1.0,50,1,3,0,0
112.1831,-1.0,10,7,3,0,0
112.3944,-1.0,20,1,3,0,0
112.3944,-1.0,10,7,3,0,0
112.3944,-1.0,83,10,3,0,0
112.3944,112.8169,110,10,3,0,0
112.6056,-1.0,10,4,3,0,0
112.6056,-1.0,900,10,3,0,0
112.7113,-1.0,10,7,3,0,0
112.8169,-1.0,50,1,3,0,0
113.0282,-1.0,10,7,3,0,0
113.2394,-1.0,20,4,3,0,0
113.2394,-1.0,50,7,3,0,0
113.2394,-1.0,50,10,3,0,0
113.3451,-1.0,10,1,3,0,0
113.6620,-1.0,50,1,3,0,0
113.6620,-1.0,50,4,3,0,0
113.6620,-1.0,20,7,3,0,0
113.7676,-1.0,10,10,3,0,0
114.0845,-1.0,20,4,3,0,0
114.0845,-1.0,50,7,3,0,0
114.0845,-1.0,50,10,3,0,0
114.1901,-1.0,10,1,3,0,0
114.5070,-1.0,10,4,3,0,0
114.5070,-1.0,10,10,3,0,0
114.7183,-1.0,10,1,3,0,0
114.7183,-1.0,10,7,3,0,0
114.9296,-1.0,50,1,6,0,0
114.9296,-1.0,20,7,6,0,0
115.1408,-1.0,81,1,6,0,0
115.1408,116.1972,101,1,6,0,0
115.1408,-1.0,50,7,6,0,0
115.3521,-1.0,900,1,6,0,0
115.5634,-1.0,10,6,4,0,0
115.7746,-1.0,900,1,6,0,0
115.7746,-1.0,20,10,3,0,0
115.9859,-1.0,900,1,6,0,0
115.9859,-1.0,10,10,3,0,0
116.0915,-1.0,10,6,4,0,0
116.1972,-1.0,20,10,3,0,0
116.4085,-1.0,20,6,4,0,0
116.6197,-1.0,20,1,6,0,0
116.6197,-1.0,50,7,6,0,0
116.8310,-1.0,50,1,6,0,0
116.8310,-1.0,81,7,6,0,0
116.8310,117.8873,101,7,6,0,0
117.0423,-1.0,900,7,6,0,0
117.2535,-1.0,10,4,4,0,0
117.3592,-1.0,10,1,3,0,0
117.4648,-1.0,20,4,4,0,0
117.6761,-1.0,20,4,4,0,0
117.7817,-1.0,10,1,3,0,0
117.9930,-1.0,10,1,3,0,0
118.0986,-1.0,20,4,4,0,0
118.3099,-1.0,50,3,4,0,0
118.3099,-1.0,81,7,3,0,0
118.3099,118.5211,101,7,3,0,0
118.5211,-1.0,10,1,3,0,0
118.6268,-1.0,81,4,3,0,0
118.6268,118.8380,101,4,3,0,0
118.6268,-1.0,50,7,4,0,0
118.8380,-1.0,10,10,3,0,0
118.9437,-1.0,50,3,4,0,0
118.9437,-1.0,81,7,3,0,0
118.9437,119.1549,101,7,3,0,0
119.1549,-1.0,10,1,3,0,0
119.2606,-1.0,81,4,3,0,0
119.2606,119.4718,101,4,3,0,0
119.2606,-1.0,50,7,4,0,0
119.4718,-1.0,10,10,3,0,0
119.5775,-1.0,50,3,4,0,0
119.5775,-1.0,81,7,3,0,0
119.5775,119.7887,101,7,3,0,0
119.7887,-1.0,10,1,3,0,0
119.8944,-1.0,81,4,3,0,0
119.8944,120.1056,101,4,3,0,0
119.8944,-1.0,50,7,4,0,0
120.1056,-1.0,81,7,3,0,0
120.1056,120.2113,101,7,3,0,0
120.2113,-1.0,81,3,4,0,0
120.2113,120.4225,101,3,4,0,0
120.4225,-1.0,81,7,5,0,0
120.4225,120.6338,101,7,5,0,0
120.6338,-1.0,81,1,6,0,0
120.6338,120.8451,101,1,6,0,0
120.8451,-1.0,20,7,6,0,0
121.0563,-1.0,20,1,3,0,0
121.0563,-1.0,20,4,3,0,0
121.0563,-1.0,20,7,3,0,0
121.0563,-1.0,20,10,3,0,0
121.2676,-1.0,50,1,3,0,0
121.2676,-1.0,50,4,3,0,0
121.2676,-1.0,50,7,3,0,0
121.2676,-1.0,50,10,3,0,0
121.6901,-1.0,20,1,3,0,0
121.6901,-1.0,20,4,2,0,0
121.6901,-1.0,20,8,2,0,0
121.6901,-1.0,20,10,3,0,0
122.1127,-1.0,10,1,3,0,0
122.1127,-1.0,10,6,2,0,0
122.3239,-1.0,10,1,3,0,0
122.3239,-1.0,10,8,2,0,0
122.5352,-1.0,20,1,3,0,0
122.5352,-1.0,50,10,3,0,0
122.9577,-1.0,10,6,2,0,0
122.9577,-1.0,10,10,3,0,0
123.1690,-1.0,10,4,2,0,0
123.1690,-1.0,10,10,3,0,0
123.3803,-1.0,50,1,3,0,0
123.3803,-1.0,20,10,3,0,0
123.8028,-1.0,10,1,3,0,0
123.8028,-1.0,10,10,3,0,0
124.0141,-1.0,10,4,2,0,0
124.1197,-1.0,10,6,2,0,0
124.2254,-1.0,10,8,2,0,0
124.4366,-1.0,10,4,2,0,0
124.6479,-1.0,80,6,2,0,0
124.6479,128.0282,100,6,2,0,0
124.8592,-1.0,900,6,2,0,0
125.0704,-1.0,82,4,2,0,0
125.0704,125.1761,110,4,2,JumpScratch,6
125.0704,-1.0,900,6,2,0,0
125.2817,-1.0,900,6,2,0,0
125.4930,-1.0,900,6,2,0,0
125.4930,-1.0,82,9,3,0,0
125.4930,125.5986,110,9,3,JumpScratch,-10
125.7042,-1.0,900,6,2,0,0
125.9155,-1.0,82,1,4,0,0
125.9155,126.0211,110,1,4,JumpScratch,12
125.9155,-1.0,900,6,2,0,0
126.0211,126.3380,110,9,4,0,0
126.1268,-1.0,900,6,2,0,0
126.2324,-1.0,900,9,4,0,0
126.3380,-1.0,900,6,2,0,0
126.5493,-1.0,900,6,2,0,0
126.7606,-1.0,900,6,2,0,0
126.7606,-1.0,82,8,2,0,0
126.7606,126.8662,110,8,2,JumpScratch,-6
126.9718,-1.0,900,6,2,0,0
127.1831,-1.0,82,2,3,0,0
127.1831,127.2887,110,2,3,JumpScratch,10
127.1831,-1.0,900,6,2,0,0
127.3944,-1.0,900,6,2,0,0
127.6056,-1.0,900,6,2,0,0
127.6056,-1.0,82,9,4,0,0
127.6056,127.7113,110,9,4,JumpScratch,-12
127.7113,128.0282,110,1,4,0,0
127.8169,-1.0,900,6,2,0,0
127.9225,-1.0,900,1,4,0,0
128.4507,-1.0,50,1,6,0,0
128.4507,-1.0,20,7,6,0,0
128.8732,-1.0,20,1,5,0,0
128.8732,-1.0,10,8,5,0,0
129.0845,-1.0,10,7,3,0,0
129.2958,-1.0,20,1,4,0,0
129.2958,-1.0,50,9,4,0,0
129.5070,-1.0,10,1,3,0,0
129.6127,-1.0,10,4,3,0,0
129.7183,-1.0,20,1,3,0,0
129.7183,-1.0,20,10,3,0,0
129.9296,-1.0,10,7,3,0,0
130.1408,-1.0,20,1,6,0,0
130.1408,-1.0,50,7,6,0,0
130.5634,-1.0,10,1,5,0,0
130.5634,-1.0,20,8,5,0,0
130.7746,-1.0,10,4,3,0,0
130.9859,-1.0,50,1,4,0,0
130.9859,-1.0,20,9,4,0,0
131.1972,-1.0,10,10,3,0,0
131.3028,-1.0,10,7,3,0,0
131.4085,-1.0,20,1,3,0,0
131.4085,-1.0,20,10,3,0,0
131.6197,-1.0,10,4,3,0,0
131.8310,-1.0,20,1,4,0,0
131.8310,-1.0,20,5,4,0,0
131.8310,-1.0,20,9,4,0,0
132.2535,-1.0,20,5,4,0,0
132.4648,-1.0,82,5,4,0,0
132.4648,133.5211,110,5,4,0,0
132.6761,-1.0,20,1,4,0,0
132.6761,-1.0,900,5,4,0,0
132.8873,-1.0,82,1,4,0,0
132.8873,133.5211,110,1,4,0,0
132.8873,-1.0,900,5,4,0,0
133.0986,-1.0,900,1,4,0,0
133.0986,-1.0,900,5,4,0,0
133.0986,-1.0,20,9,4,0,0
133.3099,-1.0,900,1,4,0,0
133.3099,-1.0,900,5,4,0,0
133.3099,-1.0,82,9,4,0,0
133.3099,133.5211,110,9,4,0,0
133.9437,-1.0,10,6,2,0,0
134.0493,-1.0,82,6,2,0,0
134.0493,134.3662,110,6,2,JumpScratch,-4
134.2606,-1.0,900,6,2,0,0
134.3662,134.4718,110,4,2,JumpScratch,4
134.4718,134.7887,110,6,2,0,0
134.6831,-1.0,900,6,2,0,0
135.2113,-1.0,81,4,3,0,0
135.2113,135.5282,101,4,3,0,0
135.2113,-1.0,50,7,3,0,0
135.2113,-1.0,50,10,3,0,0
135.4225,-1.0,900,4,3,0,0
135.5282,-1.0,10,7,3,0,0
135.6338,-1.0,20,1,4,0,0
135.6338,-1.0,20,10,3,0,0
135.8451,-1.0,10,6,3,0,0
135.8451,-1.0,10,9,3,0,0
136.0563,-1.0,50,1,3,0,0
136.0563,-1.0,50,4,3,0,0
136.0563,-1.0,81,7,3,0,0
136.0563,136.3732,101,7,3,0,0
136.2676,-1.0,900,7,3,0,0
136.3732,-1.0,10,4,3,0,0
136.4789,-1.0,20,1,3,0,0
136.4789,-1.0,20,9,4,0,0
136.6901,-1.0,10,2,3,0,0
136.6901,-1.0,10,5,3,0,0
136.9014,-1.0,81,4,3,0,0
136.9014,137.2183,101,4,3,0,0
136.9014,-1.0,50,7,3,0,0
136.9014,-1.0,50,10,3,0,0
137.1127,-1.0,900,4,3,0,0
137.2183,-1.0,10,7,3,0,0
137.3239,-1.0,20,1,4,0,0
137.3239,-1.0,20,10,3,0,0
137.5352,-1.0,10,6,3,0,0
137.5352,-1.0,10,9,3,0,0
137.7465,-1.0,20,1,3,0,0
137.7465,-1.0,20,10,3,0,0
137.8521,-1.0,10,4,3,0,0
137.9577,-1.0,10,7,3,0,0
138.0634,-1.0,10,10,3,0,0
138.1690,-1.0,10,1,3,0,0
138.2746,-1.0,10,7,3,0,0
138.3803,-1.0,10,4,3,0,0
138.4859,-1.0,10,1,3,0,0
138.5915,-1.0,50,7,6,0,0
138.6972,-1.0,10,1,3,0,0
138.8028,-1.0,10,4,3,0,0
138.9085,-1.0,50,7,6,0,0
139.1197,-1.0,10,1,3,0,0
139.1197,-1.0,10,4,3,0,0
139.2254,-1.0,10,10,3,0,0
139.3310,-1.0,10,7,3,0,0
139.4366,-1.0,81,1,3,0,0
139.4366,139.6479,101,1,3,0,0
139.4366,-1.0,81,4,3,0,0
139.4366,139.6479,101,4,3,0,0
139.6479,-1.0,10,7,3,0,0
139.6479,-1.0,10,10,3,0,0
139.7535,-1.0,50,1,6,0,0
140.0704,-1.0,10,4,3,0,0
140.0704,-1.0,10,7,3,0,0
140.2817,-1.0,20,1,3,0,0
140.2817,-1.0,20,4,3,0,0
140.2817,-1.0,50,7,6,0,0
140.4930,-1.0,10,5,4,0,0
140.7042,-1.0,50,1,6,0,0
140.7042,-1.0,20,7,3,0,0
140.7042,-1.0,20,10,3,0,0
140.9155,-1.0,10,5,4,0,0
141.1268,-1.0,83,1,3,0,0
141.1268,141.5493,110,1,3,0,0
141.1268,-1.0,20,10,3,0,0
141.3380,-1.0,900,1,3,0,0
141.3380,-1.0,83,4,3,0,0
141.3380,141.5493,110,4,3,0,0
141.3380,-1.0,20,7,3,0,0
141.5493,-1.0,20,7,3,0,0
141.5493,-1.0,20,10,3,0,0
141.9718,-1.0,50,1,3,0,0
141.9718,-1.0,50,4,3,0,0
141.9718,-1.0,81,7,3,0,0
141.9718,142.2887,101,7,3,0,0
142.1831,-1.0,900,7,3,0,0
142.2887,-1.0,10,4,3,0,0
142.3944,-1.0,20,1,3,0,0
142.3944,-1.0,20,9,4,0,0
142.6056,-1.0,10,2,3,0,0
142.6056,-1.0,10,5,3,0,0
142.8169,-1.0,81,4,3,0,0
142.8169,143.1338,101,4,3,0,0
142.8169,-1.0,50,7,3,0,0
142.8169,-1.0,50,10,3,0,0
143.0282,-1.0,900,4,3,0,0
143.1338,-1.0,10,7,3,0,0
143.2394,-1.0,20,1,3,0,0
143.2394,-1.0,20,10,3,0,0
143.3451,-1.0,10,4,3,0,0
143.4507,-1.0,10,7,3,0,0
143.5563,-1.0,10,10,3,0,0
143.6620,-1.0,50,1,3,0,0
143.6620,-1.0,50,4,3,0,0
143.6620,-1.0,81,7,3,0,0
143.6620,143.9789,101,7,3,0,0
143.8732,-1.0,900,7,3,0,0
143.9789,-1.0,10,4,3,0,0
144.0845,-1.0,20,1,3,0,0
144.0845,-1.0,20,9,4,0,0
144.2958,-1.0,10,2,3,0,0
144.2958,-1.0,10,5,3,0,0
144.5070,-1.0,20,1,3,0,0
144.5070,-1.0,20,10,3,0,0
144.6127,-1.0,10,7,3,0,0
144.7183,-1.0,10,4,3,0,0
144.8239,-1.0,10,7,3,0,0
144.9296,-1.0,20,1,3,0,0
144.9296,-1.0,20,4,3,0,0
145.0352,-1.0,20,7,3,0,0
145.0352,-1.0,20,10,3,0,0
145.1408,-1.0,10,4,3,0,0
145.2465,-1.0,10,7,3,0,0
145.3521,-1.0,81,1,3,0,0
145.3521,145.5634,101,1,3,0,0
145.3521,-1.0,81,4,3,0,0
145.3521,145.5634,101,4,3,0,0
145.5634,-1.0,10,7,3,0,0
145.5634,-1.0,10,10,3,0,0
145.6690,-1.0,50,1,6,0,0
145.8803,-1.0,10,7,3,0,0
145.8803,-1.0,10,10,3,0,0
145.9859,-1.0,10,1,3,0,0
146.0915,-1.0,10,4,3,0,0
146.1972,-1.0,81,7,3,0,0
146.1972,146.4085,101,7,3,0,0
146.1972,-1.0,81,10,3,0,0
146.1972,146.4085,101,10,3,0,0
146.4085,-1.0,10,1,3,0,0
146.4085,-1.0,10,4,3,0,0
146.5141,-1.0,50,7,6,0,0
146.8310,-1.0,81,1,3,0,0
146.8310,147.0423,101,1,3,0,0
147.0423,-1.0,20,4,3,0,0
147.1479,-1.0,10,7,3,0,0
147.2535,-1.0,10,10,3,0,0
147.3592,-1.0,10,7,3,0,0
147.4648,-1.0,20,1,3,0,0
147.5704,-1.0,10,4,3,0,0
147.6761,-1.0,10,7,3,0,0
147.7817,-1.0,10,4,3,0,0
147.8873,-1.0,20,10,3,0,0
147.9930,-1.0,10,7,3,0,0
148.0986,-1.0,10,4,3,0,0
148.2042,-1.0,10,1,3,0,0
148.3099,-1.0,20,7,3,0,0
148.4155,-1.0,10,4,3,0,0
148.5211,-1.0,10,7,3,0,0
148.6268,-1.0,10,10,3,0,0
148.7324,-1.0,50,1,3,0,0
148.7324,-1.0,50,4,3,0,0
148.8380,-1.0,83,5,3,0,0
148.8380,149.0493,110,5,3,JumpScratch,4
148.8380,-1.0,83,9,3,0,0
148.8380,149.0493,110,9,3,JumpScratch,4
149.1549,-1.0,20,1,3,0,0
149.1549,-1.0,20,4,3,0,0
149.3662,-1.0,10,7,3,0,0
149.3662,-1.0,10,10,3,0,0
149.5775,-1.0,50,1,3,0,0
149.5775,-1.0,50,4,3,0,0
149.6831,-1.0,83,5,3,0,0
149.6831,149.8944,110,5,3,JumpScratch,4
149.6831,-1.0,83,9,3,0,0
149.6831,149.8944,110,9,3,JumpScratch,4
150.0,-1.0,20,1,3,0,0
150.0,-1.0,20,4,3,0,0
150.2113,-1.0,10,7,3,0,0
150.2113,-1.0,10,10,3,0,0
150.4225,-1.0,50,1,3,0,0
150.4225,-1.0,50,4,3,0,0
150.5282,-1.0,83,5,3,0,0
150.5282,150.7394,110,5,3,JumpScratch,4
150.5282,-1.0,83,9,3,0,0
150.5282,150.7394,110,9,3,JumpScratch,4
150.8451,-1.0,20,1,3,0,0
150.8451,-1.0,20,4,3,0,0
151.0563,-1.0,10,7,3,0,0
151.0563,-1.0,10,10,3,0,0
151.2676,-1.0,10,1,3,0,0
151.3732,-1.0,10,4,3,0,0
151.4789,-1.0,10,7,3,0,0
151.5845,-1.0,10,10,3,0,0
151.6901,-1.0,10,4,3,0,0
151.7958,-1.0,10,7,3,0,0
152.0070,-1.0,20,5,2,0,0
152.0070,-1.0,20,10,2,0,0
152.1127,-1.0,20,2,2,0,0
152.1127,-1.0,20,7,2,0,0
152.3239,-1.0,10,10,3,0,0
152.4296,-1.0,10,7,2,0,0
152.5352,-1.0,10,4,2,0,0
152.6408,-1.0,10,8,2,0,0
152.7465,-1.0,10,5,2,0,0
152.8521,-1.0,10,1,3,0,0
152.9577,-1.0,10,5,5,0,0
153.0634,-1.0,10,11,2,0,0
153.1690,-1.0,10,8,2,0,0
153.2746,-1.0,10,5,2,0,0
153.3803,-1.0,10,1,3,0,0
153.4859,-1.0,10,4,3,0,0
153.5915,-1.0,10,7,3,0,0
153.6972,-1.0,10,10,3,0,0
153.8028,-1.0,20,1,3,0,0
153.8028,-1.0,20,7,3,0,0
154.1197,-1.0,20,4,3,0,0
154.1197,-1.0,20,10,3,0,0
154.4366,-1.0,20,1,3,0,0
154.4366,-1.0,20,4,3,0,0
154.4366,-1.0,50,7,3,0,0
154.7535,-1.0,50,4,3,0,0
154.7535,-1.0,20,7,3,0,0
154.7535,-1.0,20,10,3,0,0
155.0704,-1.0,20,1,3,0,0
155.0704,-1.0,20,5,3,0,0
155.0704,-1.0,50,10,3,0,0
155.2817,-1.0,50,1,3,0,0
155.2817,-1.0,20,6,3,0,0
155.2817,-1.0,20,10,3,0,0
155.4930,-1.0,83,2,3,0,0
155.4930,155.8099,110,2,3,JumpScratch,-4
155.4930,-1.0,83,6,3,0,0
155.4930,155.8099,110,6,3,JumpScratch,-4
155.4930,-1.0,50,10,3,0,0
155.7042,-1.0,900,2,3,0,0
155.7042,-1.0,900,6,3,0,0
155.9155,-1.0,20,7,3,0,0
155.9155,-1.0,20,10,3,0,0
156.1268,-1.0,10,1,3,0,0
156.1268,-1.0,10,4,3,0,0
156.3380,-1.0,50,7,3,0,0
156.3380,-1.0,50,10,3,0,0
156.4437,-1.0,83,2,3,0,0
156.4437,156.6549,110,2,3,JumpScratch,-4
156.4437,-1.0,83,6,3,0,0
156.4437,156.6549,110,6,3,JumpScratch,-4
156.7606,-1.0,20,7,3,0,0
156.7606,-1.0,20,10,3,0,0
156.9718,-1.0,10,1,3,0,0
156.9718,-1.0,10,4,3,0,0
157.1831,-1.0,50,7,3,0,0
157.1831,-1.0,50,10,3,0,0
157.2887,-1.0,83,2,3,0,0
157.2887,157.5000,110,2,3,JumpScratch,-4
157.2887,-1.0,83,6,3,0,0
157.2887,157.5000,110,6,3,JumpScratch,-4
157.6056,-1.0,20,7,3,0,0
157.6056,-1.0,20,10,3,0,0
157.8169,-1.0,10,1,3,0,0
157.8169,-1.0,10,4,3,0,0
158.0229,-1.0,20,5,2,0,0
158.0282,-1.0,20,2,2,0,0
158.0335,-1.0,20,8,2,0,0
158.1338,-1.0,10,11,2,0,0
158.2394,-1.0,10,8,2,0,0
158.3451,-1.0,10,5,2,0,0
158.4507,-1.0,10,11,2,0,0
158.5563,-1.0,10,1,2,0,0
158.6620,-1.0,10,4,2,0,0
158.7676,-1.0,10,7,2,0,0
158.8732,-1.0,20,1,2,0,0
158.8732,-1.0,20,4,2,0,0
159.0845,-1.0,20,1,3,0,0
159.1549,-1.0,10,4,3,0,0
159.2254,-1.0,10,7,3,0,0
159.2958,-1.0,20,2,3,0,0
159.3662,-1.0,10,5,3,0,0
159.4366,-1.0,10,8,3,0,0
159.5070,-1.0,20,3,3,0,0
159.5775,-1.0,10,6,3,0,0
159.6479,-1.0,10,9,3,0,0
159.7183,-1.0,83,4,4,0,0
159.7183,159.7711,110,4,4,JumpScratch,-5
159.7711,159.8239,110,3,4,JumpScratch,-5
159.8239,159.8768,110,2,4,JumpScratch,-5
159.9296,-1.0,83,6,4,0,0
159.9296,159.9824,110,6,4,JumpScratch,5
159.9824,160.0352,110,7,4,JumpScratch,5
160.0352,160.0880,110,8,4,JumpScratch,5
160.1408,-1.0,83,4,4,0,0
160.1408,160.1937,110,4,4,JumpScratch,-5
160.1937,160.2465,110,3,4,JumpScratch,-5
160.2465,160.2993,110,2,4,JumpScratch,-5
160.3521,-1.0,20,7,6,0,0
160.7746,-1.0,20,4,3,0,0
160.7746,-1.0,20,7,3,0,0
160.7746,-1.0,20,10,3,0,0
160.9859,-1.0,20,1,3,0,0
160.9859,-1.0,20,4,3,0,0
160.9859,-1.0,20,7,3,0,0
161.1972,-1.0,20,4,3,0,0
161.1972,-1.0,20,7,3,0,0
161.1972,-1.0,20,10,3,0,0
161.4085,-1.0,83,1,3,0,0
161.4085,161.8310,110,1,3,0,0
161.4085,-1.0,83,4,3,0,0
161.4085,161.8310,110,4,3,0,0
161.4085,-1.0,83,7,3,0,0
161.4085,161.8310,110,7,3,0,0
161.6197,-1.0,900,1,3,0,0
161.6197,-1.0,900,4,3,0,0
161.6197,-1.0,900,7,3,0,0
162.2535,-1.0,80,8,2,0,0
162.2535,163.0986,100,8,2,0,0
162.2535,-1.0,80,11,2,0,0
162.2535,163.0986,100,11,2,0,0
162.4648,-1.0,900,8,2,0,0
162.4648,-1.0,900,11,2,0,0
162.6761,-1.0,10,5,2,0,0
162.6761,-1.0,900,8,2,0,0
162.6761,-1.0,900,11,2,0,0
162.8873,-1.0,10,5,2,0,0
162.8873,-1.0,900,8,2,0,0
162.8873,-1.0,900,11,2,0,0
163.0986,-1.0,50,1,3,0,0
163.3099,-1.0,80,5,2,0,0
163.3099,163.5211,100,5,2,0,0
163.5211,-1.0,80,8,2,0,0
163.5211,163.7324,100,8,2,0,0
163.7324,-1.0,80,11,2,0,0
163.7324,163.9437,100,11,2,0,0
163.9437,-1.0,50,4,3,0,0
164.1549,-1.0,10,7,2,0,0
164.2606,-1.0,80,4,2,0,0
164.2606,164.5775,100,4,2,0,0
164.4718,-1.0,900,4,2,0,0
164.5775,-1.0,80,1,2,0,0
164.5775,164.7887,100,1,2,0,0
164.7887,-1.0,50,7,3,0,0
165.0,-1.0,10,5,2,0,0
165.1056,-1.0,80,8,2,0,0
165.1056,165.4225,100,8,2,0,0
165.3169,-1.0,900,8,2,0,0
165.4225,-1.0,80,11,2,0,0
165.4225,165.6338,100,11,2,0,0
165.6338,-1.0,80,1,2,0,0
165.6338,166.4789,100,1,2,0,0
165.6338,-1.0,80,4,2,0,0
165.6338,166.4789,100,4,2,0,0
165.8451,-1.0,900,1,2,0,0
165.8451,-1.0,900,4,2,0,0
166.0563,-1.0,900,1,2,0,0
166.0563,-1.0,900,4,2,0,0
166.0563,-1.0,10,7,2,0,0
166.2676,-1.0,900,1,2,0,0
166.2676,-1.0,900,4,2,0,0
166.2676,-1.0,10,7,2,0,0
166.4789,-1.0,50,10,3,0,0
166.6901,-1.0,80,7,2,0,0
166.6901,166.9014,100,7,2,0,0
166.9014,-1.0,80,4,2,0,0
166.9014,167.1127,100,4,2,0,0
167.1127,-1.0,80,1,2,0,0
167.1127,167.3239,100,1,2,0,0
167.3239,-1.0,50,7,3,0,0
167.5352,-1.0,10,5,2,0,0
167.6408,-1.0,80,8,2,0,0
167.6408,167.9577,100,8,2,0,0
167.8521,-1.0,900,8,2,0,0
167.9577,-1.0,80,11,2,0,0
167.9577,168.1690,100,11,2,0,0
168.1690,-1.0,50,4,3,0,0
168.3803,-1.0,10,7,2,0,0
168.4859,-1.0,80,4,2,0,0
168.4859,168.8028,100,4,2,0,0
168.6972,-1.0,900,4,2,0,0
168.8028,-1.0,80,1,2,0,0
168.8028,169.0141,100,1,2,0,0
169.0141,-1.0,80,8,2,0,0
169.0141,169.8592,100,8,2,0,0
169.0141,-1.0,80,11,2,0,0
169.0141,169.8592,100,11,2,0,0
169.2254,-1.0,900,8,2,0,0
169.2254,-1.0,900,11,2,0,0
169.4366,-1.0,10,5,2,0,0
169.4366,-1.0,900,8,2,0,0
169.4366,-1.0,900,11,2,0,0
169.6479,-1.0,10,5,2,0,0
169.6479,-1.0,900,8,2,0,0
169.6479,-1.0,900,11,2,0,0
169.8592,-1.0,50,1,3,0,0
170.0704,-1.0,80,5,2,0,0
170.0704,170.2817,100,5,2,0,0
170.2817,-1.0,80,8,2,0,0
170.2817,170.4930,100,8,2,0,0
170.4930,-1.0,80,11,2,0,0
170.4930,170.7042,100,11,2,0,0
170.7042,-1.0,80,1,2,0,0
170.7042,171.5493,100,1,2,0,0
170.7042,-1.0,82,7,2,0,0
170.7042,171.1268,110,7,2,JumpScratch,5
170.9155,-1.0,900,1,2,0,0
170.9155,-1.0,900,7,2,0,0
171.1268,-1.0,900,1,2,0,0
171.1268,-1.0,80,4,2,0,0
171.1268,171.5493,100,4,2,0,0
171.1268,171.5493,110,10,2,JumpScratch,-5
171.3380,-1.0,900,1,2,0,0
171.3380,-1.0,900,4,2,0,0
171.3380,-1.0,900,10,2,0,0
171.7606,-1.0,80,5,2,0,0
171.7606,171.9718,100,5,2,0,0
171.9718,-1.0,80,8,2,0,0
171.9718,172.1831,100,8,2,0,0
172.1831,-1.0,80,11,2,0,0
172.1831,172.3944,100,11,2,0,0
172.3944,-1.0,82,5,3,0,0
172.3944,172.7113,110,5,3,JumpScratch,-5
172.6056,-1.0,900,5,3,0,0
172.6056,-1.0,10,8,2,0,0
172.7113,173.0282,110,3,3,JumpScratch,-5
172.7113,-1.0,10,10,3,0,0
172.9225,-1.0,900,3,3,0,0
172.9225,-1.0,10,6,3,0,0
173.0282,173.6620,110,1,3,JumpScratch,6
173.0282,-1.0,80,9,3,0,0
173.0282,173.6620,100,9,3,0,0
173.2394,-1.0,900,1,3,0,0
173.2394,-1.0,900,9,3,0,0
173.4507,-1.0,900,1,3,0,0
173.4507,-1.0,900,9,3,0,0
173.8732,-1.0,10,7,3,0,0
174.0845,-1.0,82,6,3,0,0
174.0845,174.4014,110,6,3,JumpScratch,5
174.2958,-1.0,10,4,2,0,0
174.2958,-1.0,900,6,3,0,0
174.4014,-1.0,10,1,3,0,0
174.4014,174.7183,110,8,3,JumpScratch,5
174.6127,-1.0,10,5,3,0,0
174.6127,-1.0,900,8,3,0,0
174.7183,-1.0,80,2,3,0,0
174.7183,175.3521,100,2,3,0,0
174.7183,175.3521,110,10,3,JumpScratch,-6
174.9296,-1.0,900,2,3,0,0
174.9296,-1.0,900,10,3,0,0
175.1408,-1.0,900,2,3,0,0
175.1408,-1.0,900,10,3,0,0
175.7746,-1.0,83,1,3,0,0
175.7746,177.0423,110,1,3,0,0
175.7746,-1.0,10,8,2,0,0
175.7746,-1.0,10,11,2,0,0
175.9859,-1.0,900,1,3,0,0
176.1972,-1.0,900,1,3,0,0
176.1972,-1.0,40,1,3,0,0
176.1972,-1.0,10,7,2,0,0
176.4085,-1.0,900,1,3,0,0
176.4085,-1.0,10,7,2,0,0
176.6197,-1.0,900,1,3,0,0
176.6197,-1.0,40,1,3,0,0
176.6197,-1.0,10,8,2,0,0
176.6197,-1.0,10,11,2,0,0
176.8310,-1.0,900,1,3,0,0
177.0423,-1.0,20,5,3,0,0
177.0423,-1.0,20,9,3,0,0
177.4648,-1.0,10,1,2,0,0
177.4648,-1.0,10,4,2,0,0
177.4648,-1.0,83,10,3,0,0
177.4648,178.7324,110,10,3,0,0
177.6761,-1.0,900,10,3,0,0
177.8873,-1.0,10,5,2,0,0
177.8873,-1.0,900,10,3,0,0
177.8873,-1.0,40,10,3,0,0
178.0986,-1.0,10,5,2,0,0
178.0986,-1.0,900,10,3,0,0
178.0986,-1.0,40,10,3,0,0
178.2042,-1.0,40,10,3,0,0
178.3099,-1.0,10,1,2,0,0
178.3099,-1.0,10,4,2,0,0
178.3099,-1.0,900,10,3,0,0
178.3099,-1.0,40,10,3,0,0
178.5211,-1.0,900,10,3,0,0
178.5211,-1.0,40,10,3,0,0
178.7324,-1.0,20,2,3,0,0
178.7324,-1.0,20,6,3,0,0
179.1549,-1.0,83,1,3,0,0
179.1549,180.4225,110,1,3,0,0
179.1549,-1.0,10,8,2,0,0
179.1549,-1.0,10,11,2,0,0
179.3662,-1.0,900,1,3,0,0
179.5775,-1.0,900,1,3,0,0
179.5775,-1.0,40,1,3,0,0
179.5775,-1.0,10,7,2,0,0
179.7887,-1.0,900,1,3,0,0
179.7887,-1.0,10,7,2,0,0
180.0,-1.0,900,1,3,0,0
180.0,-1.0,40,1,3,0,0
180.0,-1.0,10,6,3,0,0
180.0,-1.0,10,10,3,0,0
180.2113,-1.0,900,1,3,0,0
180.4225,-1.0,20,5,3,0,0
180.4225,-1.0,20,9,3,0,0
180.8451,-1.0,10,1,2,0,0
180.8451,-1.0,10,4,2,0,0
180.8451,-1.0,83,10,3,0,0
180.8451,182.1127,110,10,3,0,0
181.0563,-1.0,900,10,3,0,0
181.2676,-1.0,10,5,2,0,0
181.2676,-1.0,900,10,3,0,0
181.2676,-1.0,40,10,3,0,0
181.4789,-1.0,10,5,2,0,0
181.4789,-1.0,900,10,3,0,0
181.4789,-1.0,40,10,3,0,0
181.5845,-1.0,40,10,3,0,0
181.6901,-1.0,10,1,3,0,0
181.6901,-1.0,10,5,3,0,0
181.6901,-1.0,900,10,3,0,0
181.6901,-1.0,40,10,3,0,0
181.9014,-1.0,900,10,3,0,0
181.9014,-1.0,40,10,3,0,0
182.1127,-1.0,20,2,3,0,0
182.1127,-1.0,20,6,3,0,0
182.5352,-1.0,20,1,6,0,0
182.5352,-1.0,80,11,2,0,0
182.5352,182.8521,100,11,2,0,0
182.7465,-1.0,900,11,2,0,0
182.8521,-1.0,10,8,2,0,0
182.9577,-1.0,10,1,6,0,0
183.1690,-1.0,10,8,2,0,0
183.3803,-1.0,10,1,6,0,0
183.3803,-1.0,80,11,2,0,0
183.3803,183.6972,100,11,2,0,0
183.5915,-1.0,900,11,2,0,0
183.6972,-1.0,10,8,2,0,0
183.8028,-1.0,10,1,6,0,0
183.9085,-1.0,10,10,2,0,0
184.0141,-1.0,10,7,2,0,0
184.1197,-1.0,10,4,2,0,0
184.2254,-1.0,80,1,2,0,0
184.2254,184.5423,100,1,2,0,0
184.2254,-1.0,20,7,6,0,0
184.4366,-1.0,900,1,2,0,0
184.5423,-1.0,10,4,2,0,0
184.6479,-1.0,10,7,6,0,0
184.8592,-1.0,10,4,2,0,0
185.0704,-1.0,80,1,2,0,0
185.0704,185.3873,100,1,2,0,0
185.0704,-1.0,10,7,6,0,0
185.2817,-1.0,900,1,2,0,0
185.3873,-1.0,10,4,2,0,0
185.4930,-1.0,10,7,6,0,0
185.7042,-1.0,10,4,2,0,0
185.9155,-1.0,20,1,3,0,0
185.9155,-1.0,20,4,3,0,0
186.0211,-1.0,10,7,2,0,0
186.1268,-1.0,10,5,2,0,0
186.2324,-1.0,10,7,2,0,0
186.3380,-1.0,10,5,2,0,0
186.4437,-1.0,10,7,2,0,0
186.5493,-1.0,10,5,2,0,0
186.6549,-1.0,10,7,2,0,0
186.7606,-1.0,10,4,3,0,0
186.8662,-1.0,10,7,3,0,0
186.9718,-1.0,10,3,4,0,0
187.0775,-1.0,10,7,4,0,0
187.1831,-1.0,10,2,5,0,0
187.2887,-1.0,10,7,5,0,0
187.3944,-1.0,10,1,6,0,0
187.5000,-1.0,10,7,6,0,0
189.2958,-1.0,81,1,3,0,0
189.2958,189.6127,101,1,3,0,0
189.2958,-1.0,81,4,3,0,0
189.2958,189.6127,101,4,3,0,0
189.2958,-1.0,81,7,3,0,0
189.2958,189.6127,101,7,3,0,0
189.2958,-1.0,81,10,3,0,0
189.2958,189.6127,101,10,3,0,0
189.5070,-1.0,900,1,3,0,0
189.5070,-1.0,900,4,3,0,0
189.5070,-1.0,900,7,3,0,0
189.5070,-1.0,900,10,3,0,0
189.9296,-1.0,20,1,3,0,0
189.9296,-1.0,20,4,3,0,0
189.9296,-1.0,20,7,3,0,0
189.9296,-1.0,20,10,3,0,0
190.1408,-1.0,81,1,3,0,0
190.1408,190.3521,101,1,3,0,0
190.1408,-1.0,81,4,3,0,0
190.1408,190.3521,101,4,3,0,0
190.1408,-1.0,81,7,3,0,0
190.1408,190.3521,101,7,3,0,0
190.1408,-1.0,81,10,3,0,0
190.1408,190.3521,101,10,3,0,0
190.4577,-1.0,50,1,3,0,0
190.4577,-1.0,50,4,3,0,0
190.4577,-1.0,50,7,3,0,0
190.4577,-1.0,50,10,3,0,0
190.7746,-1.0,20,1,3,0,0
190.7746,-1.0,20,4,3,0,0
190.7746,-1.0,20,7,3,0,0
190.7746,-1.0,20,10,3,0,0
190.9859,-1.0,10,7,3,0,0
190.9859,-1.0,20,10,3,0,0
191.0915,-1.0,20,1,3,0,0
191.0915,-1.0,10,4,3,0,0
191.1972,-1.0,10,7,3,0,0
191.1972,-1.0,20,10,3,0,0
191.3028,-1.0,20,1,3,0,0
191.3028,-1.0,10,4,3,0,0
191.4085,-1.0,83,9,4,0,0
191.4085,191.4613,110,9,4,JumpScratch,-5
191.4613,191.5141,110,8,3,JumpScratch,-4
191.5141,191.5669,110,7,3,JumpScratch,-4
191.5669,191.6197,110,6,3,JumpScratch,-4
191.6197,191.6725,110,5,3,JumpScratch,-4
191.6725,191.7254,110,4,3,JumpScratch,-4
191.7254,191.7782,110,3,3,JumpScratch,-5
191.8310,-1.0,83,9,4,0,0
191.8310,191.9366,110,9,4,JumpScratch,-8
191.9366,192.2535,110,5,4,0,0
192.1479,-1.0,900,5,4,0,0
192.6761,-1.0,20,1,3,0,0
192.6761,-1.0,81,10,3,0,0
192.6761,193.0986,101,10,3,0,0
192.8873,-1.0,10,4,3,0,0
192.8873,-1.0,900,10,3,0,0
192.9930,-1.0,10,7,3,0,0
193.0986,-1.0,50,1,5,0,0
193.2042,-1.0,10,6,3,0,0
193.2042,-1.0,10,9,3,0,0
193.4155,-1.0,10,4,3,0,0
193.5211,-1.0,81,1,3,0,0
193.5211,193.9437,101,1,3,0,0
193.5211,-1.0,20,10,3,0,0
193.7324,-1.0,900,1,3,0,0
193.7324,-1.0,10,7,3,0,0
193.8380,-1.0,10,4,3,0,0
193.9437,-1.0,50,8,5,0,0
194.1549,-1.0,10,4,3,0,0
194.1549,-1.0,10,7,3,0,0
194.3662,-1.0,81,1,3,0,0
194.3662,194.5775,101,1,3,0,0
194.3662,-1.0,81,4,3,0,0
194.3662,194.5775,101,4,3,0,0
194.3662,-1.0,50,9,4,0,0
194.5775,-1.0,10,7,3,0,0
194.7887,-1.0,50,1,4,0,0
194.7887,-1.0,81,7,3,0,0
194.7887,195.0,101,7,3,0,0
194.7887,-1.0,81,10,3,0,0
194.7887,195.0,101,10,3,0,0
195.0,-1.0,10,4,3,0,0
195.2113,-1.0,81,1,3,0,0
195.2113,195.4225,101,1,3,0,0
195.2113,-1.0,81,4,3,0,0
195.2113,195.4225,101,4,3,0,0
195.2113,-1.0,50,9,4,0,0
195.4225,-1.0,10,7,3,0,0
195.6338,-1.0,50,1,6,0,0
195.6338,-1.0,50,7,6,0,0
196.0563,-1.0,50,1,3,0,0
196.0563,-1.0,50,4,3,0,0
196.0563,-1.0,81,10,3,0,0
196.0563,196.3732,101,10,3,0,0
196.2676,-1.0,900,10,3,0,0
196.3732,-1.0,10,4,3,0,0
196.4789,-1.0,20,1,3,0,0
196.4789,-1.0,20,7,4,0,0
196.6901,-1.0,10,2,3,0,0
196.6901,-1.0,10,5,3,0,0
196.9014,-1.0,81,1,3,0,0
196.9014,197.2183,101,1,3,0,0
196.9014,-1.0,50,7,3,0,0
196.9014,-1.0,50,10,3,0,0
197.1127,-1.0,900,1,3,0,0
197.2183,-1.0,10,7,3,0,0
197.3239,-1.0,20,4,3,0,0
197.3239,-1.0,20,10,3,0,0
197.4296,-1.0,10,1,3,0,0
197.5352,-1.0,10,4,3,0,0
197.6408,-1.0,10,7,3,0,0
197.7465,-1.0,50,1,3,0,0
197.7465,-1.0,50,4,3,0,0
197.7465,-1.0,81,10,3,0,0
197.7465,198.0634,101,10,3,0,0
197.9577,-1.0,900,10,3,0,0
198.0634,-1.0,10,4,3,0,0
198.1690,-1.0,20,1,3,0,0
198.1690,-1.0,20,7,4,0,0
198.3803,-1.0,10,2,3,0,0
198.3803,-1.0,10,5,3,0,0
198.5915,-1.0,20,1,3,0,0
198.5915,-1.0,20,10,3,0,0
198.6972,-1.0,10,7,3,0,0
198.8028,-1.0,10,4,3,0,0
198.9085,-1.0,10,7,3,0,0
199.0141,-1.0,10,1,3,0,0
199.1197,-1.0,10,4,3,0,0
199.2254,-1.0,10,7,3,0,0
199.3310,-1.0,10,10,3,0,0
199.4366,-1.0,81,1,3,0,0
199.4366,199.6479,101,1,3,0,0
199.4366,-1.0,81,4,3,0,0
199.4366,199.6479,101,4,3,0,0
199.6479,-1.0,10,7,3,0,0
199.6479,-1.0,10,10,3,0,0
199.7535,-1.0,50,1,6,0,0
199.9648,-1.0,10,7,3,0,0
199.9648,-1.0,10,10,3,0,0
200.0704,-1.0,10,4,3,0,0
200.1761,-1.0,10,1,3,0,0
200.2817,-1.0,81,7,3,0,0
200.2817,200.4930,101,7,3,0,0
200.2817,-1.0,81,10,3,0,0
200.2817,200.4930,101,10,3,0,0
200.4930,-1.0,10,1,3,0,0
200.4930,-1.0,10,4,3,0,0
200.5986,-1.0,50,7,6,0,0
200.9155,-1.0,81,4,3,0,0
200.9155,201.1268,101,4,3,0,0
201.1268,-1.0,20,10,3,0,0
201.2324,-1.0,10,7,3,0,0
201.3380,-1.0,10,4,3,0,0
201.4437,-1.0,10,10,3,0,0
201.5493,-1.0,20,1,3,0,0
201.6549,-1.0,10,4,3,0,0
201.7606,-1.0,10,7,3,0,0
201.8662,-1.0,10,1,3,0,0
201.9718,-1.0,20,7,3,0,0
202.0775,-1.0,10,10,3,0,0
202.1831,-1.0,10,4,3,0,0
202.2887,-1.0,10,7,3,0,0
202.3944,-1.0,20,1,3,0,0
202.5000,-1.0,10,4,3,0,0
202.6056,-1.0,10,7,3,0,0
202.7113,-1.0,10,10,3,0,0
202.8169,-1.0,50,1,3,0,0
202.8169,-1.0,50,4,3,0,0
202.9225,-1.0,83,5,3,0,0
202.9225,203.1338,110,5,3,JumpScratch,4
202.9225,-1.0,83,9,3,0,0
202.9225,203.1338,110,9,3,JumpScratch,4
203.2394,-1.0,20,1,3,0,0
203.2394,-1.0,20,4,3,0,0
203.4507,-1.0,10,7,3,0,0
203.4507,-1.0,10,10,3,0,0
203.6620,-1.0,50,1,3,0,0
203.6620,-1.0,50,4,3,0,0
203.7676,-1.0,83,5,3,0,0
203.7676,203.9789,110,5,3,JumpScratch,4
203.7676,-1.0,83,9,3,0,0
203.7676,203.9789,110,9,3,JumpScratch,4
204.0845,-1.0,20,1,4,0,0
204.0845,-1.0,20,5,3,0,0
204.2958,-1.0,10,7,3,0,0
204.2958,-1.0,10,10,3,0,0
204.5070,-1.0,50,1,3,0,0
204.5070,-1.0,50,4,3,0,0
204.6127,-1.0,83,5,3,0,0
204.6127,204.8239,110,5,3,JumpScratch,4
204.6127,-1.0,83,9,3,0,0
204.6127,204.8239,110,9,3,JumpScratch,4
204.9296,-1.0,20,1,5,0,0
204.9296,-1.0,20,6,3,0,0
205.1408,-1.0,10,7,3,0,0
205.1408,-1.0,10,10,3,0,0
205.3521,-1.0,10,1,3,0,0
205.4577,-1.0,10,4,3,0,0
205.5634,-1.0,10,7,3,0,0
205.6690,-1.0,10,10,3,0,0
205.7746,-1.0,10,1,3,0,0
205.7746,-1.0,10,4,3,0,0
205.8803,-1.0,10,7,3,0,0
205.8803,-1.0,10,10,3,0,0
206.0915,-1.0,20,5,2,0,0
206.0915,-1.0,20,10,3,0,0
206.1972,-1.0,20,1,3,0,0
206.1972,-1.0,20,7,2,0,0
206.4085,-1.0,10,10,3,0,0
206.5141,-1.0,10,7,2,0,0
206.6197,-1.0,10,4,2,0,0
206.7254,-1.0,10,8,2,0,0
206.8310,-1.0,10,5,2,0,0
206.9366,-1.0,10,1,3,0,0
207.0423,-1.0,10,7,2,0,0
207.0423,-1.0,10,10,3,0,0
207.1479,-1.0,10,4,2,0,0
207.2535,-1.0,10,7,2,0,0
207.3592,-1.0,10,10,2,0,0
207.4648,-1.0,10,1,3,0,0
207.4648,-1.0,10,5,2,0,0
207.5704,-1.0,10,8,2,0,0
207.6761,-1.0,10,5,2,0,0
207.7817,-1.0,10,2,2,0,0
207.8873,-1.0,20,7,3,0,0
207.8873,-1.0,20,10,3,0,0
208.2042,-1.0,20,4,3,0,0
208.2042,-1.0,20,7,3,0,0
208.5211,-1.0,20,1,3,0,0
208.5211,-1.0,50,7,3,0,0
208.5211,-1.0,50,10,3,0,0
208.8380,-1.0,50,1,3,0,0
208.8380,-1.0,50,4,3,0,0
208.8380,-1.0,20,10,3,0,0
209.1549,-1.0,20,1,3,0,0
209.1549,-1.0,20,5,3,0,0
209.1549,-1.0,50,10,3,0,0
209.3662,-1.0,50,1,3,0,0
209.3662,-1.0,20,6,3,0,0
209.3662,-1.0,20,10,3,0,0
209.5775,-1.0,83,2,3,0,0
209.5775,209.8944,110,2,3,JumpScratch,-4
209.5775,-1.0,83,6,3,0,0
209.5775,209.8944,110,6,3,JumpScratch,-4
209.5775,-1.0,50,10,3,0,0
209.7887,-1.0,900,2,3,0,0
209.7887,-1.0,900,6,3,0,0
210.0,-1.0,20,7,3,0,0
210.0,-1.0,20,10,3,0,0
210.2113,-1.0,10,1,3,0,0
210.2113,-1.0,10,4,3,0,0
210.4225,-1.0,50,7,3,0,0
210.4225,-1.0,50,10,3,0,0
210.5282,-1.0,83,2,3,0,0
210.5282,210.7394,110,2,3,JumpScratch,-4
210.5282,-1.0,83,6,3,0,0
210.5282,210.7394,110,6,3,JumpScratch,-4
210.8451,-1.0,20,6,3,0,0
210.8451,-1.0,20,9,4,0,0
211.0563,-1.0,10,1,3,0,0
211.0563,-1.0,10,4,3,0,0
211.2676,-1.0,50,7,3,0,0
211.2676,-1.0,50,10,3,0,0
211.3732,-1.0,83,2,3,0,0
211.3732,211.5845,110,2,3,JumpScratch,-4
211.3732,-1.0,83,6,3,0,0
211.3732,211.5845,110,6,3,JumpScratch,-4
211.6901,-1.0,20,5,3,0,0
211.6901,-1.0,20,8,5,0,0
211.9014,-1.0,10,1,3,0,0
211.9014,-1.0,10,4,3,0,0
212.1074,-1.0,20,5,2,0,0
212.1127,-1.0,20,2,2,0,0
212.1180,-1.0,20,8,2,0,0
212.2183,-1.0,10,11,2,0,0
212.3239,-1.0,10,8,2,0,0
212.4296,-1.0,10,5,2,0,0
212.5352,-1.0,10,8,2,0,0
212.5352,-1.0,10,11,2,0,0
212.6408,-1.0,10,1,2,0,0
212.7465,-1.0,10,4,2,0,0
212.8521,-1.0,10,7,2,0,0
212.9577,-1.0,20,1,2,0,0
212.9577,-1.0,20,4,2,0,0
213.1690,-1.0,20,1,2,0,0
213.2394,-1.0,10,3,3,0,0
213.3099,-1.0,10,6,3,0,0
213.3803,-1.0,20,2,3,0,0
213.4507,-1.0,10,5,3,0,0
213.5211,-1.0,10,8,3,0,0
213.5915,-1.0,20,3,4,0,0
213.6620,-1.0,10,7,3,0,0
213.7324,-1.0,10,10,3,0,0
213.8028,-1.0,83,5,4,0,0
213.8028,213.8556,110,5,4,JumpScratch,-5
213.8556,213.9085,110,4,3,JumpScratch,-5
213.9085,213.9613,110,2,3,JumpScratch,-4
214.0141,-1.0,83,5,4,0,0
214.0141,214.0669,110,5,4,JumpScratch,5
214.0669,214.1197,110,7,3,JumpScratch,5
214.1197,214.1725,110,9,3,JumpScratch,4
214.2254,-1.0,83,5,4,0,0
214.2254,214.2782,110,5,4,JumpScratch,-5
214.2782,214.3310,110,4,3,JumpScratch,-5
214.3310,214.3838,110,2,3,JumpScratch,-4
214.4366,-1.0,20,1,12,0,0
214.8592,-1.0,20,1,3,0,0
214.8592,-1.0,20,4,3,0,0
214.8592,-1.0,20,7,3,0,0
215.0704,-1.0,20,4,3,0,0
215.0704,-1.0,20,7,3,0,0
215.0704,-1.0,20,10,3,0,0
215.2817,-1.0,20,1,3,0,0
215.2817,-1.0,20,4,3,0,0
215.2817,-1.0,20,7,3,0,0
215.4930,-1.0,83,4,3,0,0
215.4930,215.9155,110,4,3,0,0
215.4930,-1.0,83,7,3,0,0
215.4930,215.9155,110,7,3,0,0
215.4930,-1.0,83,10,3,0,0
215.4930,215.7042,110,10,3,JumpScratch,-12
215.7042,215.9155,110,1,3,0,0
216.3380,-1.0,20,1,3,0,0
216.3380,-1.0,20,4,3,0,0
216.3380,-1.0,82,7,3,0,0
216.3380,216.7606,110,7,3,0,0
216.3380,-1.0,82,10,3,0,0
216.3380,216.7606,110,10,3,0,0
216.5493,-1.0,900,7,3,0,0
216.5493,-1.0,900,10,3,0,0
216.7606,-1.0,50,1,3,0,0
216.7606,-1.0,50,4,3,0,0
217.1831,-1.0,10,1,3,0,0
217.1831,-1.0,20,7,3,0,0
217.2887,-1.0,80,10,3,0,0
217.2887,217.6056,100,10,3,0,0
217.5000,-1.0,10,4,3,0,0
217.5000,-1.0,900,10,3,0,0
217.6056,-1.0,10,1,3,0,0
217.6056,-1.0,20,7,3,0,0
217.8169,-1.0,10,1,3,0,0
218.0282,-1.0,10,1,3,0,0
218.0282,-1.0,20,7,3,0,0
218.1338,-1.0,80,10,3,0,0
218.1338,218.4507,100,10,3,0,0
218.3451,-1.0,10,4,3,0,0
218.3451,-1.0,900,10,3,0,0
218.4507,-1.0,10,1,3,0,0
218.4507,-1.0,20,7,3,0,0
218.6620,-1.0,10,1,3,0,0
218.8732,-1.0,20,4,3,0,0
218.8732,-1.0,10,9,4,0,0
218.9789,-1.0,20,1,3,0,0
219.0845,-1.0,20,4,3,0,0
219.2958,-1.0,10,1,4,0,0
219.2958,-1.0,20,6,3,0,0
219.4014,-1.0,20,9,3,0,0
219.5070,-1.0,20,7,3,0,0
219.6127,-1.0,20,10,3,0,0
219.7183,-1.0,82,4,3,0,0
219.7183,220.1408,110,4,3,0,0
219.7183,-1.0,82,7,3,0,0
219.7183,220.1408,110,7,3,0,0
219.9296,-1.0,900,4,3,0,0
219.9296,-1.0,900,7,3,0,0
220.5634,-1.0,10,4,3,0,0
220.5634,-1.0,20,10,3,0,0
220.6690,-1.0,80,7,3,0,0
220.6690,220.9859,100,7,3,0,0
220.8803,-1.0,10,1,3,0,0
220.8803,-1.0,900,7,3,0,0
220.9859,-1.0,20,4,3,0,0
221.0915,-1.0,20,7,3,0,0
221.1972,-1.0,20,10,3,0,0
221.4085,-1.0,20,4,3,0,0
221.4085,-1.0,83,10,3,0,0
221.4085,221.5141,110,10,3,JumpScratch,-6
221.5141,-1.0,20,1,3,0,0
221.8310,-1.0,83,1,3,0,0
221.8310,221.9366,110,1,3,JumpScratch,6
221.8310,-1.0,20,7,3,0,0
221.9366,-1.0,20,10,3,0,0
222.2535,-1.0,20,4,3,0,0
222.2535,-1.0,83,10,3,0,0
222.2535,222.3592,110,10,3,JumpScratch,-6
222.3592,-1.0,20,1,3,0,0
222.6761,-1.0,20,3,4,0,0
222.6761,-1.0,20,7,4,0,0
222.8873,-1.0,20,1,4,0,0
222.8873,-1.0,20,9,4,0,0
223.0986,-1.0,81,3,3,0,0
223.0986,223.3099,101,3,3,0,0
223.0986,-1.0,80,6,2,0,0
223.0986,223.3099,100,6,2,0,0
223.0986,-1.0,81,8,3,0,0
223.0986,223.3099,101,8,3,0,0
223.4155,-1.0,81,3,2,0,0
223.4155,223.6268,101,3,2,0,0
223.4155,-1.0,80,6,2,0,0
223.4155,223.6268,100,6,2,0,0
223.4155,-1.0,81,9,2,0,0
223.4155,223.6268,101,9,2,0,0
223.7324,-1.0,81,2,3,0,0
223.7324,223.9437,101,2,3,0,0
223.7324,-1.0,80,6,2,0,0
223.7324,223.9437,100,6,2,0,0
223.7324,-1.0,81,9,3,0,0
223.7324,223.9437,101,9,3,0,0
224.0493,-1.0,81,2,2,0,0
224.0493,224.2606,101,2,2,0,0
224.0493,-1.0,80,6,2,0,0
224.0493,224.2606,100,6,2,0,0
224.0493,-1.0,81,10,2,0,0
224.0493,224.2606,101,10,2,0,0
224.3662,-1.0,81,1,3,0,0
224.3662,224.5775,101,1,3,0,0
224.3662,-1.0,80,6,2,0,0
224.3662,224.5775,100,6,2,0,0
224.3662,-1.0,81,10,3,0,0
224.3662,224.5775,101,10,3,0,0
224.6831,-1.0,81,2,2,0,0
224.6831,224.8944,101,2,2,0,0
224.6831,-1.0,80,6,2,0,0
224.6831,224.8944,100,6,2,0,0
224.6831,-1.0,81,10,2,0,0
224.6831,224.8944,101,10,2,0,0
225.0,-1.0,81,2,3,0,0
225.0,225.2113,101,2,3,0,0
225.0,-1.0,80,6,2,0,0
225.0,225.2113,100,6,2,0,0
225.0,-1.0,81,9,3,0,0
225.0,225.2113,101,9,3,0,0
225.3169,-1.0,81,3,2,0,0
225.3169,225.5282,101,3,2,0,0
225.3169,-1.0,80,6,2,0,0
225.3169,225.5282,100,6,2,0,0
225.3169,-1.0,81,9,2,0,0
225.3169,225.5282,101,9,2,0,0
225.6338,-1.0,20,1,5,0,0
225.6338,-1.0,10,6,2,0,0
225.6338,-1.0,20,8,5,0,0
225.8451,-1.0,20,1,4,0,0
225.8451,-1.0,10,6,2,0,0
225.8451,-1.0,20,9,4,0,0
226.0563,-1.0,50,1,3,0,0
226.0563,-1.0,50,5,4,0,0
226.0563,-1.0,50,10,3,0,0