0.4138,-1.0,80,9,4,0,0
0.4138,2.0690,100,9,4,0,0
13.6552,25.2414,0,0,0,12,10930
0.6207,-1.0,900,9,4,0,0
53.3793,60.0,0,0,0,14,10930
0.8276,-1.0,900,9,4,0,0
66.6207,73.2414,0,0,0,14,10930
1.0345,-1.0,900,9,4,0,0
1.2414,-1.0,900,9,4,0,0
1.4483,-1.0,900,9,4,0,0
1.6552,-1.0,900,9,4,0,0
1.8621,-1.0,900,9,4,0,0
3.7241,-1.0,80,1,4,0,0
3.7241,5.3793,100,1,4,0,0
3.9310,-1.0,900,1,4,0,0
4.1379,-1.0,900,1,4,0,0
4.3448,-1.0,900,1,4,0,0
4.5517,-1.0,900,1,4,0,0
4.7586,-1.0,900,1,4,0,0
4.9655,-1.0,900,1,4,0,0
5.1724,-1.0,900,1,4,0,0
7.0345,-1.0,80,7,4,0,0
7.0345,8.6897,100,7,4,0,0
7.2414,-1.0,900,7,4,0,0
7.4483,-1.0,900,7,4,0,0
7.6552,-1.0,900,7,4,0,0
7.8621,-1.0,900,7,4,0,0
8.0690,-1.0,900,7,4,0,0
8.2759,-1.0,900,7,4,0,0
8.4828,-1.0,900,7,4,0,0
10.3448,-1.0,80,3,4,0,0
10.3448,12.8276,100,3,4,0,0
10.5517,-1.0,900,3,4,0,0
10.7586,-1.0,900,3,4,0,0
10.9655,-1.0,900,3,4,0,0
11.1724,-1.0,900,3,4,0,0
11.3793,-1.0,900,3,4,0,0
11.5862,-1.0,900,3,4,0,0
11.7931,-1.0,900,3,4,0,0
12.0,-1.0,900,3,4,0,0
12.0,-1.0,30,3,4,0,0
12.2069,-1.0,900,3,4,0,0
12.4138,-1.0,900,3,4,0,0
12.4138,-1.0,30,3,4,0,0
12.6207,-1.0,900,3,4,0,0
13.6552,-1.0,20,7,6,0,0
14.0690,-1.0,10,1,6,0,0
14.4828,-1.0,10,7,6,0,0
15.3103,-1.0,10,1,6,0,0
15.7241,-1.0,10,7,6,0,0
16.1379,-1.0,10,1,6,0,0
16.9655,-1.0,10,7,6,0,0
17.3793,-1.0,10,1,6,0,0
17.7931,-1.0,10,7,6,0,0
18.6207,-1.0,80,1,6,0,0
18.6207,19.4483,100,1,6,0,0
18.8276,-1.0,900,1,6,0,0
19.0345,-1.0,900,1,6,0,0
19.2414,-1.0,900,1,6,0,0
20.2759,-1.0,20,1,6,0,0
20.6897,-1.0,10,7,6,0,0
21.1034,-1.0,10,1,6,0,0
21.9310,-1.0,10,7,6,0,0
22.3448,-1.0,10,1,6,0,0
22.7586,-1.0,10,7,6,0,0
23.5862,-1.0,10,1,6,0,0
24.0,-1.0,10,7,6,0,0
24.4138,-1.0,10,1,6,0,0
25.2414,-1.0,80,7,6,0,0
25.2414,26.0690,100,7,6,0,0
25.4483,-1.0,900,7,6,0,0
25.6552,-1.0,900,7,6,0,0
25.8621,-1.0,900,7,6,0,0
26.8966,-1.0,10,1,4,0,0
27.7241,-1.0,10,9,4,0,0
28.5517,-1.0,10,3,4,0,0
28.9655,-1.0,10,7,4,0,0
29.3793,-1.0,10,3,4,0,0
30.2069,-1.0,10,9,4,0,0
31.0345,-1.0,10,1,4,0,0
31.8621,-1.0,80,7,4,0,0
31.8621,32.6897,100,7,4,0,0
32.0690,-1.0,900,7,4,0,0
32.2759,-1.0,900,7,4,0,0
32.4828,-1.0,900,7,4,0,0
33.5172,-1.0,10,1,4,0,0
33.9310,-1.0,10,7,4,0,0
34.3448,-1.0,10,1,4,0,0
35.1724,-1.0,10,9,4,0,0
35.5862,-1.0,10,3,4,0,0
36.0,-1.0,10,9,4,0,0
36.8276,-1.0,80,1,4,0,0
36.8276,38.4828,100,1,4,0,0
37.0345,-1.0,900,1,4,0,0
37.2414,-1.0,900,1,4,0,0
37.4483,-1.0,900,1,4,0,0
37.6552,-1.0,900,1,4,0,0
37.8621,-1.0,900,1,4,0,0
38.0690,-1.0,900,1,4,0,0
38.2759,-1.0,900,1,4,0,0
40.1379,-1.0,81,7,6,0,0
40.1379,40.9655,101,7,6,0,0
40.3448,-1.0,900,7,6,0,0
40.5517,-1.0,900,7,6,0,0
40.7586,-1.0,900,7,6,0,0
41.7931,-1.0,10,1,4,0,0
42.2069,-1.0,10,7,4,0,0
42.6207,-1.0,10,1,4,0,0
43.4483,-1.0,10,7,4,0,0
44.2759,-1.0,10,3,4,0,0
45.1034,-1.0,20,7,6,0,0
45.5172,-1.0,20,1,6,0,0
45.9310,-1.0,20,7,6,0,0
46.7586,-1.0,81,1,6,0,0
46.7586,47.5862,101,1,6,0,0
46.9655,-1.0,900,1,6,0,0
47.1724,-1.0,900,1,6,0,0
47.3793,-1.0,900,1,6,0,0
48.4138,-1.0,10,9,4,0,0
48.8276,-1.0,10,3,4,0,0
49.2414,-1.0,10,9,4,0,0
50.0690,-1.0,10,1,4,0,0
50.8966,-1.0,10,9,4,0,0
51.7241,-1.0,10,5,4,0,0
53.3793,-1.0,20,10,3,0,0
54.2069,-1.0,20,1,3,0,0
55.0345,-1.0,10,7,3,0,0
55.4483,-1.0,10,4,3,0,0
55.8621,-1.0,10,7,3,0,0
56.6897,-1.0,10,1,3,0,0
57.5172,-1.0,10,7,3,0,0
58.3448,-1.0,80,4,3,0,0
58.3448,59.5862,100,4,3,0,0
58.5517,-1.0,900,4,3,0,0
58.7586,-1.0,900,4,3,0,0
58.7586,-1.0,30,4,3,0,0
58.9655,-1.0,900,4,3,0,0
59.1724,-1.0,900,4,3,0,0
59.1724,-1.0,30,4,3,0,0
59.3793,-1.0,900,4,3,0,0
60.0,-1.0,10,10,3,0,0
60.8276,-1.0,10,1,3,0,0
61.6552,-1.0,80,7,3,0,0
61.6552,62.4828,100,7,3,0,0
61.8621,-1.0,900,7,3,0,0
62.0690,-1.0,900,7,3,0,0
62.0690,-1.0,30,7,3,0,0
62.2759,-1.0,900,7,3,0,0
63.3103,-1.0,10,3,4,0,0
64.1379,-1.0,10,7,4,0,0
64.9655,-1.0,81,1,3,0,0
64.9655,66.2069,101,1,3,0,0
65.1724,-1.0,900,1,3,0,0
65.3793,-1.0,900,1,3,0,0
65.3793,-1.0,30,1,3,0,0
65.5862,-1.0,900,1,3,0,0
65.7931,-1.0,900,1,3,0,0
65.7931,-1.0,30,1,3,0,0
66.0,-1.0,900,1,3,0,0
66.6207,-1.0,20,7,3,0,0
67.4483,-1.0,20,4,3,0,0
68.2759,-1.0,10,10,3,0,0
68.6897,-1.0,10,1,3,0,0
69.1034,-1.0,10,10,3,0,0
69.9310,-1.0,10,4,3,0,0
70.7586,-1.0,10,7,3,0,0
71.5862,-1.0,80,1,3,0,0
71.5862,72.8276,100,1,3,0,0
71.7931,-1.0,900,1,3,0,0
72.0,-1.0,900,1,3,0,0
72.0,-1.0,30,1,3,0,0
72.2069,-1.0,900,1,3,0,0
72.4138,-1.0,900,1,3,0,0
72.4138,-1.0,30,1,3,0,0
72.6207,-1.0,900,1,3,0,0
73.2414,-1.0,10,7,3,0,0
74.0690,-1.0,10,4,3,0,0
74.8966,-1.0,80,10,3,0,0
74.8966,75.7241,100,10,3,0,0
75.1034,-1.0,900,10,3,0,0
75.3103,-1.0,900,10,3,0,0
75.3103,-1.0,30,10,3,0,0
75.5172,-1.0,900,10,3,0,0
76.5517,-1.0,10,1,4,0,0
77.3793,-1.0,10,7,4,0,0
78.2069,-1.0,80,3,4,0,0
78.2069,79.0345,100,3,4,0,0
78.4138,-1.0,900,3,4,0,0
78.6207,-1.0,900,3,4,0,0
78.6207,-1.0,30,3,4,0,0
78.8276,-1.0,900,3,4,0,0
79.8621,-1.0,20,9,4,0,0
80.6897,-1.0,20,1,4,0,0
81.5172,-1.0,10,7,4,0,0
81.9310,-1.0,10,3,4,0,0
82.3448,-1.0,10,7,4,0,0
83.1724,-1.0,80,1,4,0,0
83.1724,85.6552,100,1,4,0,0
83.3793,-1.0,900,1,4,0,0
83.5862,-1.0,900,1,4,0,0
83.7931,-1.0,900,1,4,0,0
84.0,-1.0,900,1,4,0,0
84.2069,-1.0,900,1,4,0,0
84.4138,-1.0,900,1,4,0,0
84.6207,-1.0,900,1,4,0,0
84.8276,-1.0,900,1,4,0,0
85.0345,-1.0,900,1,4,0,0
85.2414,-1.0,900,1,4,0,0
85.4483,-1.0,900,1,4,0,0
86.4828,-1.0,20,7,4,0,0
87.3103,-1.0,20,3,4,0,0
88.1379,-1.0,10,9,4,0,0
88.5517,-1.0,10,1,4,0,0
88.9655,-1.0,10,9,4,0,0
89.7931,-1.0,80,3,4,0,0
89.7931,92.2759,100,3,4,0,0
90.0,-1.0,900,3,4,0,0
90.2069,-1.0,900,3,4,0,0
90.4138,-1.0,900,3,4,0,0
90.6207,-1.0,900,3,4,0,0
90.8276,-1.0,900,3,4,0,0
91.0345,-1.0,900,3,4,0,0
91.2414,-1.0,900,3,4,0,0
91.4483,-1.0,900,3,4,0,0
91.6552,-1.0,900,3,4,0,0
91.8621,-1.0,900,3,4,0,0
92.0690,-1.0,900,3,4,0,0
93.1034,-1.0,10,9,4,0,0
93.9310,-1.0,10,1,4,0,0
94.7586,-1.0,10,7,4,0,0
95.1724,-1.0,10,3,4,0,0
95.5862,-1.0,10,9,4,0,0
96.4138,-1.0,10,3,4,0,0
96.8276,-1.0,10,7,4,0,0
97.2414,-1.0,10,1,4,0,0
98.0690,-1.0,80,5,4,0,0
98.0690,98.8966,100,5,4,0,0
98.2759,-1.0,900,5,4,0,0
98.4828,-1.0,900,5,4,0,0
98.4828,-1.0,30,5,4,0,0
98.6897,-1.0,900,5,4,0,0