0.0,-1.0,50,6,7,0,0
45.1081,45.1081,0,0,0,11,10770
0.3243,-1.0,50,1,7,0,0
47.7027,47.7027,0,0,0,11,10770
0.6486,-1.0,50,6,7,0,0
50.2973,50.2973,0,0,0,11,10770
0.8108,-1.0,50,1,6,0,0
55.4865,55.4865,0,0,0,11,10771
0.9730,-1.0,50,8,5,0,0
56.7838,56.7838,0,0,0,11,10771
1.1351,-1.0,50,1,4,0,0
58.0811,58.0811,0,0,0,11,10771
1.2973,-1.0,10,5,4,0,0
59.3784,59.3784,0,0,0,11,10771
1.4595,-1.0,50,1,4,0,0
60.6757,60.6757,0,0,0,11,10771
1.4595,-1.0,50,9,4,0,0
61.9730,61.9730,0,0,0,11,10771
1.7838,-1.0,10,4,6,0,0
63.2703,63.2703,0,0,0,11,10771
1.9459,-1.0,50,1,5,0,0
64.5676,64.5676,0,0,0,11,10771
1.9459,-1.0,50,8,5,0,0
75.8919,81.7297,0,0,0,15,10771
2.2703,-1.0,20,2,5,0,0
86.6216,86.6216,0,0,0,11,10770
2.2703,-1.0,20,7,5,0,0
87.2703,87.2703,0,0,0,11,10770
2.4324,-1.0,20,2,5,0,0
87.9189,87.9189,0,0,0,11,10770
2.4324,-1.0,20,7,5,0,0
88.5676,88.5676,0,0,0,11,10770
2.5946,-1.0,50,1,12,0,0
89.2162,89.2162,0,0,0,11,10770
5.1892,-1.0,50,1,12,0,0
89.8649,89.8649,0,0,0,11,10770
7.7838,-1.0,50,1,12,0,0
90.5135,90.5135,0,0,0,11,10770
9.7297,-1.0,82,5,2,0,0
9.7297,9.7703,110,5,2,JumpScratch,-4
91.1622,91.1622,0,0,0,11,10770
9.7297,-1.0,82,7,2,0,0
9.7297,9.7703,110,7,2,JumpScratch,4
91.8108,91.8108,0,0,0,11,10770
9.7703,9.8108,110,3,2,JumpScratch,-4
92.4595,92.4595,0,0,0,11,10770
9.7703,9.8108,110,9,2,JumpScratch,4
93.1081,93.1081,0,0,0,11,10770
10.3784,-1.0,50,1,12,0,0
93.7568,93.7568,0,0,0,11,10770
11.6757,-1.0,50,1,12,0,0
94.4054,94.4054,0,0,0,11,10770
12.3243,-1.0,50,1,12,0,0
95.0541,95.0541,0,0,0,11,10770
12.5676,-1.0,50,1,12,0,0
95.7027,95.7027,0,0,0,11,10770
12.6486,-1.0,50,1,12,0,0
96.3514,96.3514,0,0,0,11,10770
12.8108,-1.0,50,1,12,0,0
97.0,97.0,0,0,0,11,10770
12.9730,-1.0,50,1,12,0,0
97.6486,97.6486,0,0,0,11,10770
13.2973,-1.0,10,10,3,0,0
98.2973,98.2973,0,0,0,11,10770
13.3784,-1.0,10,6,2,0,0
98.9459,98.9459,0,0,0,11,10770
13.4595,-1.0,10,8,3,0,0
99.5946,99.5946,0,0,0,11,10770
13.5405,-1.0,10,4,2,0,0
100.2432,100.2432,0,0,0,11,10770
13.6216,-1.0,10,6,3,0,0
100.8919,100.8919,0,0,0,11,10770
13.7027,-1.0,10,2,2,0,0
101.5405,101.5405,0,0,0,11,10770
13.7838,-1.0,10,5,3,0,0
102.1892,102.1892,0,0,0,11,10770
13.8649,-1.0,10,2,2,0,0
102.8378,102.8378,0,0,0,11,10770
13.9459,-1.0,10,6,3,0,0
103.4865,103.4865,0,0,0,11,10770
14.0270,-1.0,10,4,2,0,0
104.1351,104.1351,0,0,0,11,10770
14.1081,-1.0,10,8,3,0,0
104.7838,104.7838,0,0,0,11,10770
14.1892,-1.0,10,6,2,0,0
105.4324,105.4324,0,0,0,11,10770
14.2703,-1.0,10,10,3,0,0
106.0811,106.0811,0,0,0,11,10770
14.3514,-1.0,10,6,2,0,0
106.7297,106.7297,0,0,0,11,10770
14.4324,-1.0,10,8,3,0,0
14.5135,-1.0,10,4,2,0,0
14.5946,-1.0,10,6,3,0,0
14.6757,-1.0,10,2,2,0,0
14.7568,-1.0,10,5,3,0,0
14.8378,-1.0,10,1,2,0,0
14.9189,-1.0,10,4,3,0,0
15.0,-1.0,10,1,2,0,0
15.0811,-1.0,10,5,3,0,0
15.1622,-1.0,10,2,2,0,0
15.2432,-1.0,10,6,3,0,0
15.3243,-1.0,10,4,2,0,0
15.4054,-1.0,10,8,3,0,0
15.4865,-1.0,10,6,2,0,0
15.5676,-1.0,50,1,12,0,0
15.8919,-1.0,10,1,3,0,0
15.9730,-1.0,10,6,2,0,0
16.0541,-1.0,10,3,3,0,0
16.1351,-1.0,10,8,2,0,0
16.2162,-1.0,10,5,3,0,0
16.2973,-1.0,10,10,2,0,0
16.3784,-1.0,10,6,3,0,0
16.4595,-1.0,10,10,2,0,0
16.5405,-1.0,10,5,3,0,0
16.6216,-1.0,10,8,2,0,0
16.7027,-1.0,10,3,3,0,0
16.7838,-1.0,10,6,2,0,0
16.8649,-1.0,10,1,3,0,0
16.9459,-1.0,10,6,2,0,0
17.0270,-1.0,10,3,3,0,0
17.1081,-1.0,10,8,2,0,0
17.1892,-1.0,10,5,3,0,0
17.2703,-1.0,10,10,2,0,0
17.3514,-1.0,10,6,3,0,0
17.4324,-1.0,10,11,2,0,0
17.5135,-1.0,10,7,3,0,0
17.5946,-1.0,10,11,2,0,0
17.6757,-1.0,10,6,3,0,0
17.7568,-1.0,10,10,2,0,0
17.8378,-1.0,10,5,3,0,0
17.9189,-1.0,10,8,2,0,0
18.0,-1.0,10,3,3,0,0
18.0811,-1.0,10,6,2,0,0
18.1622,-1.0,50,1,12,0,0
18.3243,-1.0,10,9,3,0,0
18.4054,-1.0,10,5,2,0,0
18.4865,-1.0,10,7,3,0,0
18.5676,-1.0,10,3,2,0,0
18.6486,-1.0,10,5,3,0,0
18.7297,-1.0,10,1,2,0,0
18.8108,-1.0,10,3,3,0,0
18.8919,-1.0,10,1,2,0,0
18.9730,-1.0,10,5,3,0,0
19.0541,-1.0,10,3,2,0,0
19.1351,-1.0,10,7,3,0,0
19.2162,-1.0,10,5,2,0,0
19.2973,-1.0,10,9,3,0,0
19.3784,-1.0,10,7,2,0,0
19.4595,-1.0,50,1,12,0,0
19.6216,-1.0,10,2,3,0,0
19.7027,-1.0,10,7,2,0,0
19.7838,-1.0,10,4,3,0,0
19.8649,-1.0,10,9,2,0,0
19.9459,-1.0,10,6,3,0,0
20.0270,-1.0,10,11,2,0,0
20.1081,-1.0,10,7,3,0,0
20.1892,-1.0,10,11,2,0,0
20.2703,-1.0,10,6,3,0,0
20.3514,-1.0,10,9,2,0,0
20.4324,-1.0,10,4,3,0,0
20.5135,-1.0,10,7,2,0,0
20.5946,-1.0,10,2,3,0,0
20.6757,-1.0,10,5,2,0,0
20.7568,-1.0,82,1,3,0,0
20.7568,20.7973,110,1,3,JumpScratch,5
20.7568,-1.0,81,10,3,0,0
20.7568,21.0811,101,10,3,0,0
20.7973,20.8378,110,3,3,JumpScratch,-4
20.8378,20.8784,110,2,3,JumpScratch,5
20.8784,20.9189,110,4,3,JumpScratch,-4
20.9189,20.9595,110,3,3,JumpScratch,5
20.9189,-1.0,900,10,3,0,0
20.9595,21.0,110,5,3,JumpScratch,-4
21.0,21.0405,110,4,3,JumpScratch,5
21.0405,21.0811,110,6,3,JumpScratch,-4
21.0811,21.1216,110,5,3,JumpScratch,5
21.1216,21.1622,110,7,3,JumpScratch,-4
21.1622,21.2027,110,6,3,JumpScratch,5
21.2027,21.2432,110,8,3,JumpScratch,-4
21.2432,21.2838,110,7,3,JumpScratch,5
21.2838,21.3243,110,9,3,JumpScratch,-4
21.3243,21.3649,110,8,3,JumpScratch,5
21.3649,21.4054,110,10,3,JumpScratch,-5
21.4054,-1.0,81,1,3,0,0
21.4054,21.7297,101,1,3,0,0
21.4054,21.4459,110,8,3,JumpScratch,4
21.4459,21.4865,110,9,3,JumpScratch,-5
21.4865,21.5270,110,7,3,JumpScratch,4
21.5270,21.5676,110,8,3,JumpScratch,-5
21.5676,-1.0,900,1,3,0,0
21.5676,21.6081,110,6,3,JumpScratch,4
21.6081,21.6486,110,7,3,JumpScratch,-5
21.6486,21.6892,110,5,3,JumpScratch,4
21.6892,21.7297,110,6,3,JumpScratch,-5
21.7297,21.7703,110,4,3,JumpScratch,4
21.7703,21.8108,110,5,3,JumpScratch,-5
21.8108,21.8514,110,3,3,JumpScratch,4
21.8514,21.8919,110,4,3,JumpScratch,-5
21.8919,21.9324,110,2,3,JumpScratch,4
21.9324,21.9730,110,3,3,JumpScratch,-5
21.9730,22.0135,110,1,3,JumpScratch,4
22.0135,22.0541,110,2,3,JumpScratch,-4
22.0541,-1.0,50,9,4,0,0
22.3784,-1.0,50,1,5,0,0
22.3784,-1.0,50,8,5,0,0
22.7027,-1.0,50,1,6,0,0
22.7027,-1.0,50,7,6,0,0
23.0270,-1.0,10,7,6,0,0
23.1081,-1.0,10,1,6,0,0
23.1892,-1.0,10,5,6,0,0
23.2703,-1.0,10,3,6,0,0
23.3514,-1.0,20,1,4,0,0
23.3514,-1.0,50,7,6,0,0
23.5135,-1.0,10,5,4,0,0
23.6757,-1.0,50,1,6,0,0
23.6757,-1.0,20,9,4,0,0
23.8378,-1.0,10,5,4,0,0
24.0,-1.0,20,1,4,0,0
24.0,-1.0,50,7,6,0,0
24.1622,-1.0,10,4,3,0,0
24.2432,-1.0,10,7,3,0,0
24.3243,-1.0,50,1,6,0,0
24.3243,-1.0,20,9,4,0,0
24.4865,-1.0,10,5,4,0,0
24.6486,-1.0,81,1,4,0,0
24.6486,24.8108,101,1,4,0,0
24.6486,-1.0,50,7,6,0,0
24.8108,-1.0,10,5,4,0,0
24.9730,-1.0,50,1,6,0,0
24.9730,-1.0,81,9,4,0,0
24.9730,25.1351,101,9,4,0,0
25.1351,-1.0,10,5,4,0,0
25.2973,-1.0,50,1,6,0,0
25.2973,-1.0,50,7,6,0,0
25.6216,-1.0,10,1,4,0,0
25.6216,-1.0,10,7,4,0,0
25.7838,-1.0,10,2,4,0,0
25.7838,-1.0,10,8,4,0,0
25.9459,-1.0,50,1,6,0,0
25.9459,-1.0,20,9,4,0,0
26.1081,-1.0,10,5,4,0,0
26.2703,-1.0,20,1,4,0,0
26.2703,-1.0,50,7,6,0,0
26.4324,-1.0,10,5,4,0,0
26.5946,-1.0,50,1,6,0,0
26.5946,-1.0,20,9,4,0,0
26.7568,-1.0,10,7,3,0,0
26.8378,-1.0,10,4,3,0,0
26.9189,-1.0,20,1,4,0,0
26.9189,-1.0,50,7,6,0,0
27.0811,-1.0,10,5,4,0,0
27.2432,-1.0,50,1,6,0,0
27.2432,-1.0,83,9,4,0,0
27.2432,27.4054,110,9,4,JumpScratch,-7
27.4054,-1.0,10,1,4,0,0
27.4054,27.5676,110,6,4,JumpScratch,6
27.5676,-1.0,83,1,4,0,0
27.5676,27.7297,110,1,4,JumpScratch,7
27.7297,27.8919,110,4,4,JumpScratch,-6
27.7297,-1.0,10,9,4,0,0
27.8919,-1.0,83,9,4,0,0
27.8919,28.0541,110,9,4,JumpScratch,-6
28.0541,-1.0,10,1,4,0,0
28.2162,-1.0,10,7,6,0,0
28.2973,-1.0,10,1,6,0,0
28.3784,-1.0,10,5,6,0,0
28.4595,-1.0,10,3,6,0,0
28.5405,-1.0,20,1,4,0,0
28.5405,-1.0,50,7,6,0,0
28.7027,-1.0,10,5,4,0,0
28.8649,-1.0,50,1,6,0,0
28.8649,-1.0,20,9,4,0,0
29.0270,-1.0,10,5,4,0,0
29.1892,-1.0,20,1,4,0,0
29.1892,-1.0,50,7,6,0,0
29.3514,-1.0,10,4,3,0,0
29.4324,-1.0,10,7,3,0,0
29.5135,-1.0,50,1,6,0,0
29.5135,-1.0,20,9,4,0,0
29.6757,-1.0,10,5,4,0,0
29.8378,-1.0,81,1,4,0,0
29.8378,30.0,101,1,4,0,0
29.8378,-1.0,50,7,6,0,0
30.0,-1.0,10,5,4,0,0
30.1622,-1.0,50,1,6,0,0
30.1622,-1.0,81,9,4,0,0
30.1622,30.3243,101,9,4,0,0
30.3243,-1.0,10,5,4,0,0
30.4865,-1.0,81,1,4,0,0
30.4865,30.6486,101,1,4,0,0
30.4865,-1.0,50,7,6,0,0
30.6486,-1.0,10,5,4,0,0
30.8108,-1.0,10,3,4,0,0
30.8108,-1.0,10,9,4,0,0
30.9730,-1.0,10,2,4,0,0
30.9730,-1.0,10,8,4,0,0
31.1351,-1.0,50,1,6,0,0
31.1351,-1.0,20,9,4,0,0
31.2973,-1.0,10,5,4,0,0
31.4595,-1.0,20,1,4,0,0
31.4595,-1.0,50,7,6,0,0
31.6216,-1.0,10,5,4,0,0
31.7838,-1.0,50,1,6,0,0
31.7838,-1.0,20,9,4,0,0
31.9459,-1.0,10,7,3,0,0
32.0270,-1.0,10,4,3,0,0
32.1081,-1.0,20,7,6,0,0
32.1892,-1.0,10,1,3,0,0
32.2703,-1.0,10,7,3,0,0
32.3514,-1.0,10,4,3,0,0
32.4324,-1.0,50,1,3,0,0
32.4324,-1.0,50,10,3,0,0
32.5946,-1.0,10,8,3,0,0
32.6757,-1.0,10,6,2,0,0
32.7568,-1.0,10,8,3,0,0
32.8378,-1.0,10,3,3,0,0
32.9189,-1.0,10,6,2,0,0
33.0,-1.0,10,3,3,0,0
33.0811,-1.0,10,10,3,0,0
33.1622,-1.0,10,4,3,0,0
33.2432,-1.0,10,7,3,0,0
33.3243,-1.0,10,1,3,0,0
33.4054,-1.0,82,6,3,0,0
33.4054,33.4459,110,6,3,JumpScratch,4
33.4459,33.4865,110,7,3,JumpScratch,4
33.4865,33.5270,110,8,3,JumpScratch,4
33.5270,33.5676,110,9,3,JumpScratch,4
33.5676,-1.0,82,5,3,0,0
33.5676,33.6081,110,5,3,JumpScratch,-4
33.6081,33.6486,110,4,3,JumpScratch,-4
33.6486,33.6892,110,3,3,JumpScratch,-4
33.6892,33.7297,110,2,3,JumpScratch,-4
33.7297,-1.0,20,7,4,0,0
33.8919,-1.0,83,6,3,0,0
33.8919,34.2973,110,6,3,JumpScratch,-8
33.8919,-1.0,50,9,4,0,0
34.0541,-1.0,900,6,3,0,0
34.2162,-1.0,83,10,3,0,0
34.2162,34.2568,110,10,3,JumpScratch,-8
34.2568,34.6216,110,5,3,JumpScratch,8
34.4189,-1.0,900,5,3,0,0
34.5405,-1.0,83,1,3,0,0
34.5405,34.5811,110,1,3,JumpScratch,8
34.5811,34.8649,110,6,3,JumpScratch,-8
34.7432,-1.0,900,6,3,0,0
34.8649,-1.0,20,10,3,0,0
35.0270,-1.0,20,9,4,0,0
35.1081,-1.0,10,1,3,0,0
35.1892,-1.0,20,7,4,0,0
35.2703,-1.0,10,4,3,0,0
35.3514,-1.0,20,5,4,0,0
35.4324,-1.0,10,7,3,0,0
35.5135,-1.0,20,3,4,0,0
35.5946,-1.0,10,10,3,0,0
35.6757,-1.0,20,1,4,0,0
35.7568,-1.0,10,10,3,0,0
35.8378,-1.0,20,3,4,0,0
35.9189,-1.0,10,7,3,0,0
36.0,-1.0,20,5,4,0,0
36.0811,-1.0,10,4,3,0,0
36.1622,-1.0,20,7,4,0,0
36.2432,-1.0,10,1,3,0,0
36.3243,-1.0,20,6,3,0,0
36.3243,-1.0,50,9,4,0,0
36.4865,-1.0,50,1,4,0,0
36.4865,-1.0,83,5,3,0,0
36.4865,36.8919,110,5,3,JumpScratch,8
36.6486,-1.0,900,5,3,0,0
36.8108,-1.0,83,1,3,0,0
36.8108,36.8514,110,1,3,JumpScratch,8
36.8514,37.2162,110,6,3,JumpScratch,-8
37.0135,-1.0,900,6,3,0,0
37.1351,-1.0,83,10,3,0,0
37.1351,37.1757,110,10,3,JumpScratch,-8
37.1757,37.4595,110,5,3,JumpScratch,8
37.3378,-1.0,900,5,3,0,0
37.4595,-1.0,20,1,3,0,0
37.6216,-1.0,20,1,4,0,0
37.7027,-1.0,10,10,3,0,0
37.7838,-1.0,20,3,4,0,0
37.8649,-1.0,10,7,3,0,0
37.9459,-1.0,20,5,4,0,0
38.0270,-1.0,10,4,3,0,0
38.1081,-1.0,20,7,4,0,0
38.1892,-1.0,10,1,3,0,0
38.2703,-1.0,20,9,4,0,0
38.3514,-1.0,10,1,3,0,0
38.4324,-1.0,20,7,4,0,0
38.5135,-1.0,10,4,3,0,0
38.5946,-1.0,20,5,4,0,0
38.6757,-1.0,10,7,3,0,0
38.7568,-1.0,20,3,4,0,0
38.8378,-1.0,10,10,3,0,0
38.9189,-1.0,50,1,3,0,0
38.9189,-1.0,20,4,4,0,0
39.0811,-1.0,83,5,4,0,0
39.0811,39.4865,110,5,4,JumpScratch,-8
39.0811,-1.0,50,9,4,0,0
39.2432,-1.0,900,5,4,0,0
39.4054,-1.0,83,9,4,0,0
39.4054,39.4459,110,9,4,JumpScratch,-8
39.4459,39.8108,110,5,4,JumpScratch,8
39.6081,-1.0,900,5,4,0,0
39.7297,-1.0,83,1,4,0,0
39.7297,39.7703,110,1,4,JumpScratch,8
39.7703,40.0541,110,5,4,JumpScratch,-8
39.9324,-1.0,900,5,4,0,0
40.0541,-1.0,20,9,4,0,0
40.2162,-1.0,20,9,4,0,0
40.2973,-1.0,10,1,3,0,0
40.3784,-1.0,20,7,4,0,0
40.4595,-1.0,10,4,3,0,0
40.5405,-1.0,20,5,4,0,0
40.6216,-1.0,10,7,3,0,0
40.7027,-1.0,20,3,4,0,0
40.7838,-1.0,10,10,3,0,0
40.8649,-1.0,20,1,4,0,0
40.9459,-1.0,10,10,3,0,0
41.0270,-1.0,20,3,4,0,0
41.1081,-1.0,10,7,3,0,0
41.1892,-1.0,20,5,4,0,0
41.2703,-1.0,10,4,3,0,0
41.3514,-1.0,20,7,4,0,0
41.4324,-1.0,10,1,3,0,0
41.5135,-1.0,20,5,4,0,0
41.5135,-1.0,50,9,4,0,0
41.6757,-1.0,50,1,4,0,0
41.6757,-1.0,83,5,4,0,0
41.6757,42.0811,110,5,4,JumpScratch,8
41.8378,-1.0,900,5,4,0,0
42.0,-1.0,83,1,4,0,0
42.0,42.0405,110,1,4,JumpScratch,8
42.0405,42.4054,110,5,4,JumpScratch,-8
42.2027,-1.0,900,5,4,0,0
42.3243,-1.0,83,9,4,0,0
42.3243,42.3649,110,9,4,JumpScratch,-8
42.3649,42.6486,110,5,4,JumpScratch,8
42.5270,-1.0,900,5,4,0,0
42.6486,-1.0,20,1,4,0,0
42.8108,-1.0,20,1,4,0,0
42.8919,-1.0,10,10,3,0,0
42.9730,-1.0,20,3,4,0,0
43.0541,-1.0,10,7,3,0,0
43.1351,-1.0,20,5,4,0,0
43.2162,-1.0,10,4,3,0,0
43.2973,-1.0,20,7,4,0,0
43.3784,-1.0,10,1,3,0,0
43.4595,-1.0,20,9,4,0,0
43.5405,-1.0,10,1,3,0,0
43.6216,-1.0,20,7,4,0,0
43.7027,-1.0,10,4,3,0,0
43.7838,-1.0,20,1,12,0,0
43.9459,-1.0,20,1,12,0,0
44.1081,-1.0,20,3,4,0,0
44.1081,-1.0,50,9,4,0,0
44.2703,-1.0,50,1,4,0,0
44.2703,-1.0,20,7,4,0,0
44.4324,-1.0,10,6,3,0,0
44.5946,-1.0,20,1,5,0,0
44.5946,-1.0,50,8,5,0,0
44.7568,-1.0,10,3,3,0,0
44.7568,-1.0,10,7,3,0,0
44.9189,-1.0,20,1,4,0,0
44.9189,-1.0,50,7,6,0,0
45.0811,-1.0,10,3,3,0,0
45.0811,-1.0,10,6,3,0,0
45.2432,-1.0,83,1,3,0,0
45.2432,45.2838,110,1,3,JumpScratch,4
45.2432,-1.0,50,6,7,0,0
45.2838,45.3243,110,2,3,JumpScratch,-4
45.3243,45.3649,110,1,3,JumpScratch,4
45.3649,45.4054,110,2,3,JumpScratch,-4
45.4054,45.4459,110,1,3,JumpScratch,4
45.4054,-1.0,10,7,3,0,0
45.4459,45.4865,110,2,3,JumpScratch,-4
45.4865,45.5270,110,1,3,JumpScratch,4
45.5270,45.5676,110,2,3,JumpScratch,-4
45.5676,45.6081,110,1,3,JumpScratch,4
45.5676,-1.0,10,10,3,0,0
45.6081,45.6486,110,2,3,JumpScratch,-4
45.6486,45.6892,110,1,3,JumpScratch,4
45.6892,45.7297,110,2,3,JumpScratch,-4
45.7297,45.7703,110,1,3,JumpScratch,4
45.7297,-1.0,10,6,3,0,0
45.7703,45.8108,110,2,3,JumpScratch,-4
45.8108,45.8514,110,1,3,JumpScratch,4
45.8514,45.8919,110,2,3,JumpScratch,-4
45.8919,45.9324,110,1,3,JumpScratch,4
45.8919,-1.0,10,10,3,0,0
45.9324,45.9730,110,2,3,JumpScratch,-4
45.9730,46.0135,110,1,3,JumpScratch,4
46.0135,46.0541,110,2,3,JumpScratch,-4
46.0541,-1.0,20,7,4,0,0
46.2162,-1.0,10,1,3,0,0
46.2162,-1.0,10,7,3,0,0
46.3784,-1.0,10,4,3,0,0
46.3784,-1.0,10,7,3,0,0
46.5405,-1.0,10,4,3,0,0
46.5405,-1.0,10,10,3,0,0
46.7027,-1.0,50,1,4,0,0
46.7027,-1.0,20,7,4,0,0
46.8649,-1.0,20,3,4,0,0
46.8649,-1.0,50,9,4,0,0
47.0270,-1.0,10,5,3,0,0
47.1892,-1.0,50,1,5,0,0
47.1892,-1.0,20,8,5,0,0
47.3514,-1.0,10,4,3,0,0
47.3514,-1.0,10,8,3,0,0
47.5135,-1.0,50,1,6,0,0
47.5135,-1.0,20,9,4,0,0
47.6757,-1.0,10,5,3,0,0
47.6757,-1.0,10,8,3,0,0
47.8378,-1.0,50,1,7,0,0
47.8378,-1.0,83,10,3,0,0
47.8378,47.8784,110,10,3,JumpScratch,-4
47.8784,47.9189,110,9,3,JumpScratch,4
47.9189,47.9595,110,10,3,JumpScratch,-4
47.9595,48.0,110,9,3,JumpScratch,4
48.0,-1.0,10,4,3,0,0
48.0,48.0405,110,10,3,JumpScratch,-4
48.0405,48.0811,110,9,3,JumpScratch,4
48.0811,48.1216,110,10,3,JumpScratch,-4
48.1216,48.1622,110,9,3,JumpScratch,4
48.1622,-1.0,10,1,3,0,0
48.1622,48.2027,110,10,3,JumpScratch,-4
48.2027,48.2432,110,9,3,JumpScratch,4
48.2432,48.2838,110,10,3,JumpScratch,-4
48.2838,48.3243,110,9,3,JumpScratch,4
48.3243,-1.0,10,5,3,0,0
48.3243,48.3649,110,10,3,JumpScratch,-4
48.3649,48.4054,110,9,3,JumpScratch,4
48.4054,48.4459,110,10,3,JumpScratch,-4
48.4459,48.4865,110,9,3,JumpScratch,4
48.4865,-1.0,10,1,3,0,0
48.4865,48.5270,110,10,3,JumpScratch,-4
48.5270,48.5676,110,9,3,JumpScratch,4
48.5676,48.6081,110,10,3,JumpScratch,-4
48.6081,48.6486,110,9,3,JumpScratch,4
48.6486,-1.0,20,3,4,0,0
48.8108,-1.0,10,4,3,0,0
48.8108,-1.0,10,10,3,0,0
48.9730,-1.0,10,4,3,0,0
48.9730,-1.0,10,7,3,0,0
49.1351,-1.0,10,1,3,0,0
49.1351,-1.0,10,7,3,0,0
49.2973,-1.0,20,3,5,0,0
49.2973,-1.0,50,9,4,0,0
49.4595,-1.0,50,1,4,0,0
49.4595,-1.0,20,6,5,0,0
49.6216,-1.0,10,5,4,0,0
49.7838,-1.0,20,1,5,0,0
49.7838,-1.0,50,8,5,0,0
49.9459,-1.0,10,2,4,0,0
49.9459,-1.0,10,7,4,0,0
50.1081,-1.0,20,1,4,0,0
50.1081,-1.0,50,7,6,0,0
50.2703,-1.0,10,2,4,0,0
50.2703,-1.0,10,6,4,0,0
50.4324,-1.0,83,1,3,0,0
50.4324,50.4730,110,1,3,JumpScratch,4
50.4324,-1.0,50,6,7,0,0
50.4730,50.5135,110,2,3,JumpScratch,-4
50.5135,50.5541,110,1,3,JumpScratch,4
50.5541,50.5946,110,2,3,JumpScratch,-4
50.5946,50.6351,110,1,3,JumpScratch,4
50.5946,-1.0,10,7,4,0,0
50.6351,50.6757,110,2,3,JumpScratch,-4
50.6757,50.7162,110,1,3,JumpScratch,4
50.7162,50.7568,110,2,3,JumpScratch,-4
50.7568,50.7973,110,1,3,JumpScratch,4
50.7568,-1.0,10,9,4,0,0
50.7973,50.8378,110,2,3,JumpScratch,-4
50.8378,50.8784,110,1,3,JumpScratch,4
50.8784,50.9189,110,2,3,JumpScratch,-4
50.9189,50.9595,110,1,3,JumpScratch,4
50.9189,-1.0,10,6,4,0,0
50.9595,51.0,110,2,3,JumpScratch,-4
51.0,51.0405,110,1,3,JumpScratch,4
51.0405,51.0811,110,2,3,JumpScratch,-4
51.0811,51.1216,110,1,3,JumpScratch,4
51.0811,-1.0,10,9,4,0,0
51.1216,51.1622,110,2,3,JumpScratch,-4
51.1622,51.2027,110,1,3,JumpScratch,4
51.2027,51.2432,110,2,3,JumpScratch,-4
51.2432,-1.0,20,7,4,0,0
51.4054,-1.0,10,1,3,0,0
51.4054,-1.0,10,7,3,0,0
51.5676,-1.0,10,4,3,0,0
51.5676,-1.0,10,7,3,0,0
51.7297,-1.0,10,4,3,0,0
51.7297,-1.0,10,10,3,0,0
51.8919,-1.0,20,1,6,0,0
51.8919,-1.0,50,7,6,0,0
52.5405,-1.0,50,1,6,0,0
52.5405,-1.0,20,7,6,0,0
53.1892,-1.0,10,5,4,0,0
53.1892,-1.0,20,9,4,0,0
53.3514,-1.0,20,1,4,0,0
53.3514,-1.0,10,5,4,0,0
53.5135,-1.0,10,5,4,0,0
53.5135,-1.0,20,9,4,0,0
53.6757,-1.0,20,1,4,0,0
53.6757,-1.0,10,5,4,0,0
53.8378,-1.0,10,9,4,0,0
53.8784,-1.0,10,3,4,0,0
53.9595,-1.0,10,7,4,0,0
54.0,-1.0,10,1,4,0,0
54.1622,-1.0,83,10,3,0,0
54.1622,54.2027,110,10,3,JumpScratch,-4
54.2027,54.2432,110,9,2,JumpScratch,-3
54.2432,54.2838,110,8,2,JumpScratch,-3
54.3243,-1.0,83,4,3,0,0
54.3243,54.3649,110,4,3,JumpScratch,-4
54.3649,54.4054,110,3,2,JumpScratch,-3
54.4054,54.4459,110,2,2,JumpScratch,-3
54.4865,-1.0,20,7,6,0,0
54.8108,-1.0,50,1,4,0,0
54.8108,-1.0,83,9,4,0,0
54.8108,54.8514,110,9,4,JumpScratch,-6
54.8514,54.8919,110,7,4,JumpScratch,-6
54.8919,54.9324,110,5,4,JumpScratch,-6
54.9324,54.9730,110,3,4,JumpScratch,-6
54.9730,55.1757,110,1,3,JumpScratch,5
55.1351,-1.0,83,10,3,0,0
55.1351,55.1757,110,10,3,JumpScratch,-5
55.1757,55.2162,110,3,3,JumpScratch,4
55.1757,55.2162,110,8,3,JumpScratch,-4
55.2162,55.2568,110,4,3,JumpScratch,-5
55.2162,55.2568,110,7,3,JumpScratch,5
55.2568,55.2973,110,2,3,JumpScratch,-4
55.2568,55.2973,110,9,3,JumpScratch,4
55.2973,55.3378,110,1,3,JumpScratch,4
55.2973,55.3378,110,10,3,JumpScratch,-4
55.3378,55.3784,110,2,3,JumpScratch,4
55.3378,55.3784,110,9,3,JumpScratch,-4
55.3784,55.4189,110,3,3,JumpScratch,4
55.3784,55.4189,110,8,3,JumpScratch,-4
55.4189,55.4595,110,4,3,JumpScratch,-6
55.4189,55.4595,110,7,3,JumpScratch,6
55.6216,-1.0,83,5,4,0,0
55.6216,55.6622,110,5,4,JumpScratch,-6
55.6216,-1.0,50,10,3,0,0
55.6622,55.7027,110,3,3,JumpScratch,-5
55.9459,-1.0,50,1,3,0,0
55.9459,-1.0,83,5,4,0,0
55.9459,55.9865,110,5,4,JumpScratch,6
55.9865,56.0270,110,8,3,JumpScratch,5
56.1081,-1.0,83,5,4,0,0
56.1081,56.1486,110,5,4,JumpScratch,-6
56.1081,-1.0,50,10,3,0,0
56.1486,56.1892,110,3,3,JumpScratch,-5
56.1892,56.4324,110,1,4,0,0
56.3514,-1.0,900,1,4,0,0
56.4324,-1.0,83,10,3,0,0
56.4324,56.4730,110,10,3,JumpScratch,-4
56.4730,56.5135,110,9,3,JumpScratch,-5
56.5135,56.5541,110,7,3,JumpScratch,-4
56.5541,56.5946,110,6,2,JumpScratch,-3
56.5946,56.6351,110,5,2,JumpScratch,3
56.6351,56.6757,110,6,2,JumpScratch,4
56.6757,56.7162,110,7,3,JumpScratch,5
56.7162,56.7568,110,9,3,JumpScratch,4
56.7568,-1.0,20,1,5,0,0
56.7568,56.7973,110,10,3,JumpScratch,-5
56.7973,56.8378,110,8,3,JumpScratch,-5
56.8378,56.8784,110,6,3,JumpScratch,-4
56.8784,56.9189,110,5,2,JumpScratch,-3
56.9189,56.9595,110,4,2,JumpScratch,3
56.9595,57.0,110,5,2,JumpScratch,4
57.0,57.0405,110,6,3,JumpScratch,5
57.0405,57.0811,110,8,3,JumpScratch,5
57.0811,-1.0,20,1,6,0,0
57.4054,-1.0,83,1,4,0,0
57.4054,57.4459,110,1,4,JumpScratch,6
57.4054,-1.0,50,9,4,0,0
57.4459,57.4865,110,3,4,JumpScratch,6
57.4865,57.5270,110,5,4,JumpScratch,6
57.5270,57.5676,110,7,4,JumpScratch,6
57.5676,57.7703,110,10,3,JumpScratch,-5
57.7297,-1.0,83,1,3,0,0
57.7297,57.7703,110,1,3,JumpScratch,5
57.7703,57.8108,110,3,3,JumpScratch,4
57.7703,57.8108,110,8,3,JumpScratch,-4
57.8108,57.8514,110,4,3,JumpScratch,-5
57.8108,57.8514,110,7,3,JumpScratch,5
57.8514,57.8919,110,2,3,JumpScratch,-4
57.8514,57.8919,110,9,3,JumpScratch,4
57.8919,57.9324,110,1,3,JumpScratch,4
57.8919,57.9324,110,10,3,JumpScratch,-4
57.9324,57.9730,110,2,3,JumpScratch,4
57.9324,57.9730,110,9,3,JumpScratch,-4
57.9730,58.0135,110,3,3,JumpScratch,4
57.9730,58.0135,110,8,3,JumpScratch,-4
58.0135,58.0541,110,4,3,JumpScratch,-6
58.0135,58.0541,110,7,3,JumpScratch,6
58.2162,-1.0,50,1,3,0,0
58.2162,-1.0,83,5,4,0,0
58.2162,58.2568,110,5,4,JumpScratch,6
58.2568,58.2973,110,8,3,JumpScratch,5
58.5405,-1.0,83,5,4,0,0
58.5405,58.5811,110,5,4,JumpScratch,-6
58.5405,-1.0,50,10,3,0,0
58.5811,58.6216,110,3,3,JumpScratch,-5
58.7027,-1.0,50,1,3,0,0
58.7027,-1.0,83,5,4,0,0
58.7027,58.7432,110,5,4,JumpScratch,6
58.7432,58.7838,110,8,3,JumpScratch,5
58.7838,59.0270,110,9,4,0,0
58.9459,-1.0,900,9,4,0,0
59.0270,-1.0,83,1,3,0,0
59.0270,59.0676,110,1,3,JumpScratch,4
59.0676,59.1081,110,2,3,JumpScratch,5
59.1081,59.1486,110,4,3,JumpScratch,4
59.1486,59.1892,110,6,2,JumpScratch,3
59.1892,59.2297,110,7,2,JumpScratch,-3
59.2297,59.2703,110,6,2,JumpScratch,-4
59.2703,59.3108,110,4,3,JumpScratch,-5
59.3108,59.3514,110,2,2,JumpScratch,-3
59.3514,59.3919,110,1,3,JumpScratch,5
59.3514,-1.0,20,8,5,0,0
59.3919,59.4324,110,3,3,JumpScratch,5
59.4324,59.4730,110,5,3,JumpScratch,4
59.4730,59.5135,110,7,2,JumpScratch,3
59.5135,59.5541,110,8,2,JumpScratch,-3
59.5541,59.5946,110,7,2,JumpScratch,-4
59.5946,59.6351,110,5,3,JumpScratch,-5
59.6351,59.6757,110,3,3,JumpScratch,-5
59.6757,-1.0,20,7,6,0,0
60.0,-1.0,50,1,4,0,0
60.0,-1.0,83,9,4,0,0
60.0,60.0405,110,9,4,JumpScratch,-6
60.0405,60.0811,110,7,4,JumpScratch,-6
60.0811,60.1216,110,5,4,JumpScratch,-6
60.1216,60.1622,110,3,4,JumpScratch,-6
60.1622,60.3649,110,1,3,JumpScratch,5
60.3243,-1.0,83,10,3,0,0
60.3243,60.3649,110,10,3,JumpScratch,-5
60.3649,60.4054,110,3,3,JumpScratch,4
60.3649,60.4054,110,8,3,JumpScratch,-4
60.4054,60.4459,110,5,2,JumpScratch,-5
60.4054,60.4459,110,7,2,JumpScratch,5
60.4459,60.4865,110,2,3,JumpScratch,-4
60.4459,60.4865,110,9,3,JumpScratch,4
60.4865,60.5270,110,1,3,JumpScratch,6
60.5270,60.5676,110,4,3,JumpScratch,6
60.5676,60.6081,110,7,3,JumpScratch,-6
60.6081,60.6486,110,4,3,JumpScratch,-6
60.6486,-1.0,20,9,4,0,0
60.8108,-1.0,83,5,4,0,0
60.8108,60.8514,110,5,4,JumpScratch,-6
60.8108,-1.0,50,10,3,0,0
60.8514,60.8919,110,3,3,JumpScratch,-5
61.1351,-1.0,50,1,3,0,0
61.1351,-1.0,83,5,4,0,0
61.1351,61.1757,110,5,4,JumpScratch,6
61.1757,61.2162,110,8,3,JumpScratch,5
61.2973,-1.0,83,5,4,0,0
61.2973,61.3378,110,5,4,JumpScratch,-6
61.2973,-1.0,50,10,3,0,0
61.3378,61.3784,110,3,3,JumpScratch,-5
61.6216,-1.0,83,4,3,0,0
61.6216,61.6622,110,4,3,JumpScratch,-4
61.6216,-1.0,83,10,3,0,0
61.6216,61.6622,110,10,3,JumpScratch,-4
61.6622,61.7027,110,3,2,JumpScratch,-3
61.6622,61.7027,110,9,3,JumpScratch,-5
61.7027,61.7432,110,7,3,JumpScratch,-4
61.7432,61.7838,110,6,2,JumpScratch,-3
61.7838,61.8243,110,5,2,JumpScratch,3
61.8243,61.8649,110,6,2,JumpScratch,4
61.8649,61.9054,110,7,3,JumpScratch,5
61.9054,61.9459,110,9,3,JumpScratch,4
61.9459,-1.0,83,3,3,0,0
61.9459,61.9865,110,3,3,JumpScratch,-4
61.9459,61.9865,110,10,3,JumpScratch,-5
61.9865,62.0270,110,2,2,JumpScratch,-3
61.9865,62.0270,110,8,3,JumpScratch,-5
62.0270,62.0676,110,6,3,JumpScratch,-4
62.0676,62.1081,110,5,2,JumpScratch,-3
62.1081,62.1486,110,4,2,JumpScratch,3
62.1486,62.1892,110,5,2,JumpScratch,4
62.1892,62.2297,110,6,3,JumpScratch,5
62.2297,62.2703,110,8,3,JumpScratch,5
62.2703,-1.0,20,1,4,0,0
62.3514,-1.0,10,5,2,0,0
62.4324,-1.0,10,1,2,0,0
62.5135,-1.0,10,7,2,0,0
62.5946,-1.0,10,3,2,0,0
62.6757,-1.0,10,9,2,0,0
62.7568,-1.0,10,5,2,0,0
62.8378,-1.0,10,11,2,0,0
62.9189,-1.0,20,1,4,0,0
63.0,-1.0,10,4,3,0,0
63.0811,-1.0,10,1,3,0,0
63.1622,-1.0,10,6,3,0,0
63.2432,-1.0,10,3,3,0,0
63.3243,-1.0,10,8,3,0,0
63.4054,-1.0,10,5,3,0,0
63.4865,-1.0,10,10,3,0,0
63.5676,-1.0,83,5,3,0,0
63.5676,63.6081,110,5,3,JumpScratch,-5
63.6081,63.6486,110,3,3,JumpScratch,-5
63.7297,-1.0,10,7,3,0,0
63.8108,-1.0,10,4,3,0,0
63.8919,-1.0,83,6,3,0,0
63.8919,63.9324,110,6,3,JumpScratch,5
63.9324,63.9730,110,8,3,JumpScratch,5
64.0541,-1.0,10,3,4,0,0
64.1351,-1.0,10,7,4,0,0
64.2162,-1.0,83,4,3,0,0
64.2162,64.2568,110,4,3,JumpScratch,-4
64.2568,64.2973,110,3,2,JumpScratch,-4
64.2973,-1.0,83,7,3,0,0
64.2973,64.3378,110,7,3,JumpScratch,4
64.3378,64.3784,110,9,2,JumpScratch,4
64.3784,-1.0,83,4,3,0,0
64.3784,64.4189,110,4,3,JumpScratch,-4
64.4189,64.4595,110,3,2,JumpScratch,-4
64.4595,-1.0,83,7,3,0,0
64.4595,64.5000,110,7,3,JumpScratch,4
64.5000,64.5405,110,9,2,JumpScratch,4
64.5405,-1.0,83,5,3,0,0
64.5405,64.5811,110,5,3,JumpScratch,-5
64.5811,64.6216,110,3,2,JumpScratch,-4
64.6216,-1.0,83,6,3,0,0
64.6216,64.6622,110,6,3,JumpScratch,5
64.6622,64.7027,110,9,2,JumpScratch,4
64.7027,-1.0,83,5,3,0,0
64.7027,64.7432,110,5,3,JumpScratch,-5
64.7432,64.7838,110,3,2,JumpScratch,-4
64.7838,-1.0,83,6,3,0,0
64.7838,64.8243,110,6,3,JumpScratch,5
64.8243,64.8649,110,9,2,JumpScratch,4
64.8649,-1.0,20,1,5,0,0
67.4595,-1.0,50,1,12,0,0
70.0541,-1.0,50,1,12,0,0
72.6486,-1.0,50,1,12,0,0
73.9459,-1.0,50,1,12,0,0
74.5946,-1.0,50,1,12,0,0
74.8378,-1.0,50,1,12,0,0
74.9189,-1.0,50,1,12,0,0
75.0811,-1.0,50,1,12,0,0
75.2432,-1.0,50,1,12,0,0
75.5676,-1.0,10,10,3,0,0
75.6486,-1.0,10,4,2,0,0
75.7297,-1.0,10,8,2,0,0
75.8108,-1.0,10,4,2,0,0
75.8919,-1.0,10,10,3,0,0
75.9730,-1.0,10,1,3,0,0
76.0541,-1.0,10,6,2,0,0
76.1351,-1.0,10,1,3,0,0
76.2162,-1.0,10,10,3,0,0
76.2973,-1.0,10,4,2,0,0
76.3784,-1.0,10,6,2,0,0
76.4595,-1.0,10,4,2,0,0
76.5405,-1.0,10,10,3,0,0
76.6216,-1.0,10,6,2,0,0
76.7027,-1.0,10,8,2,0,0
76.7838,-1.0,10,4,2,0,0
76.8649,-1.0,10,6,2,0,0
76.9459,-1.0,10,1,3,0,0
77.0270,-1.0,10,4,2,0,0
77.1081,-1.0,10,1,3,0,0
77.1892,-1.0,10,6,2,0,0
77.2703,-1.0,10,4,2,0,0
77.3514,-1.0,10,8,2,0,0
77.4324,-1.0,10,6,2,0,0
77.5135,-1.0,10,10,3,0,0
77.5946,-1.0,10,6,2,0,0
77.6757,-1.0,10,8,2,0,0
77.7568,-1.0,10,4,2,0,0
77.8378,-1.0,50,1,3,0,0
77.8378,-1.0,50,10,3,0,0
78.1622,-1.0,10,1,3,0,0
78.2432,-1.0,10,8,2,0,0
78.3243,-1.0,10,4,2,0,0
78.4054,-1.0,10,8,2,0,0
78.4865,-1.0,10,1,3,0,0
78.5676,-1.0,10,10,3,0,0
78.6486,-1.0,10,6,2,0,0
78.7297,-1.0,10,10,3,0,0
78.8108,-1.0,10,1,3,0,0
78.8919,-1.0,10,8,2,0,0
78.9730,-1.0,10,6,2,0,0
79.0541,-1.0,10,8,2,0,0
79.1351,-1.0,10,1,3,0,0
79.2162,-1.0,10,6,2,0,0
79.2973,-1.0,10,4,2,0,0
79.3784,-1.0,10,8,2,0,0
79.4595,-1.0,10,6,2,0,0
79.5405,-1.0,10,10,3,0,0
79.6216,-1.0,10,8,2,0,0
79.7027,-1.0,10,10,3,0,0
79.7838,-1.0,10,6,2,0,0
79.8649,-1.0,10,8,2,0,0
79.9459,-1.0,10,4,2,0,0
80.0270,-1.0,10,6,2,0,0
80.1081,-1.0,10,1,3,0,0
80.1892,-1.0,10,6,2,0,0
80.2703,-1.0,10,4,2,0,0
80.3514,-1.0,10,8,2,0,0
80.4324,-1.0,50,1,3,0,0
80.4324,-1.0,50,10,3,0,0
80.5946,-1.0,10,8,2,0,0
80.6757,-1.0,10,4,2,0,0
80.7568,-1.0,10,6,2,0,0
80.8378,-1.0,10,4,2,0,0
80.9189,-1.0,10,8,2,0,0
81.0,-1.0,10,6,2,0,0
81.0811,-1.0,10,10,3,0,0
81.1622,-1.0,10,1,3,0,0
81.2432,-1.0,10,8,2,0,0
81.3243,-1.0,10,6,2,0,0
81.4054,-1.0,10,10,3,0,0
81.4865,-1.0,10,1,3,0,0
81.5676,-1.0,10,6,2,0,0
81.6486,-1.0,10,4,2,0,0
81.7297,-1.0,50,1,3,0,0
81.7297,-1.0,50,10,3,0,0
81.8919,-1.0,10,4,2,0,0
81.9730,-1.0,10,8,2,0,0
82.0541,-1.0,10,6,2,0,0
82.1351,-1.0,10,8,2,0,0
82.2162,-1.0,10,4,2,0,0
82.2973,-1.0,10,6,2,0,0
82.3784,-1.0,10,1,3,0,0
82.4595,-1.0,10,10,3,0,0
82.5405,-1.0,10,6,2,0,0
82.6216,-1.0,10,8,2,0,0
82.7027,-1.0,10,1,3,0,0
82.7838,-1.0,10,10,3,0,0
82.8649,-1.0,10,4,2,0,0
82.9459,-1.0,10,6,2,0,0
83.0270,-1.0,82,1,3,0,0
83.0270,83.0676,110,1,3,JumpScratch,5
83.0270,-1.0,20,9,4,0,0
83.0676,83.1081,110,3,3,JumpScratch,-4
83.1081,83.1486,110,2,3,JumpScratch,5
83.1486,83.1892,110,4,3,JumpScratch,-4
83.1892,83.2297,110,3,3,JumpScratch,5
83.2297,83.2703,110,5,3,JumpScratch,-4
83.2703,83.3108,110,4,3,JumpScratch,5
83.3108,83.3514,110,6,3,JumpScratch,-4
83.3514,83.3919,110,5,3,JumpScratch,5
83.3514,-1.0,20,10,3,0,0
83.3919,83.4324,110,7,3,JumpScratch,-4
83.4324,83.4730,110,6,3,JumpScratch,5
83.4730,83.5135,110,8,3,JumpScratch,-4
83.5135,83.5541,110,7,3,JumpScratch,5
83.5541,83.5946,110,9,3,JumpScratch,-4
83.5946,83.6351,110,8,3,JumpScratch,5
83.6351,83.6757,110,10,3,JumpScratch,-5
83.6757,-1.0,20,1,4,0,0
83.6757,83.7162,110,8,3,JumpScratch,4
83.7162,83.7568,110,9,3,JumpScratch,-5
83.7568,83.7973,110,7,3,JumpScratch,4
83.7973,83.8378,110,8,3,JumpScratch,-5
83.8378,83.8784,110,6,3,JumpScratch,4
83.8784,83.9189,110,7,3,JumpScratch,-5
83.9189,83.9595,110,5,3,JumpScratch,4
83.9595,84.0,110,6,3,JumpScratch,-5
84.0,-1.0,20,1,3,0,0
84.0,84.0405,110,4,3,JumpScratch,4
84.0405,84.0811,110,5,3,JumpScratch,-5
84.0811,84.1216,110,3,3,JumpScratch,4
84.1216,84.1622,110,4,3,JumpScratch,-5
84.1622,84.2027,110,2,3,JumpScratch,4
84.2027,84.2432,110,3,3,JumpScratch,-5
84.2432,84.2838,110,1,3,JumpScratch,4
84.2838,84.3243,110,2,3,JumpScratch,-4
84.3243,-1.0,50,9,4,0,0
84.6486,-1.0,50,1,5,0,0
84.6486,-1.0,50,8,5,0,0
84.9730,-1.0,50,1,6,0,0
84.9730,-1.0,50,7,6,0,0
85.2973,-1.0,10,7,6,0,0
85.3784,-1.0,10,1,6,0,0
85.4595,-1.0,10,5,6,0,0
85.5405,-1.0,10,3,6,0,0
85.6216,-1.0,83,1,4,0,0
85.6216,85.6622,110,1,4,JumpScratch,5
85.6216,-1.0,50,6,5,JumpScratch,5
85.6622,85.7027,110,3,3,JumpScratch,4
85.7027,85.7432,110,5,2,JumpScratch,3
85.7432,85.7838,110,6,2,JumpScratch,3
85.9459,-1.0,83,3,4,0,0
85.9459,85.9865,110,3,4,JumpScratch,5
85.9459,-1.0,50,8,5,JumpScratch,5
85.9865,86.0270,110,5,3,JumpScratch,4
86.0270,86.0676,110,7,2,JumpScratch,3
86.0676,86.1081,110,8,2,JumpScratch,3
86.2703,-1.0,50,3,5,JumpScratch,-5
86.2703,-1.0,83,9,4,0,0
86.2703,86.3108,110,9,4,JumpScratch,-5
86.3108,86.3514,110,8,3,JumpScratch,-4
86.3514,86.3919,110,7,2,JumpScratch,-3
86.3919,86.4324,110,6,2,JumpScratch,-3
86.4324,-1.0,10,2,3,0,0
86.5946,-1.0,50,1,5,JumpScratch,-5
86.5946,-1.0,83,7,4,0,0
86.5946,86.6351,110,7,4,JumpScratch,-5
86.6351,86.6757,110,6,3,JumpScratch,-4
86.6757,86.7162,110,5,2,JumpScratch,-3
86.7162,86.7568,110,4,2,JumpScratch,-3
86.7568,-1.0,10,1,2,0,0
86.9189,-1.0,83,1,4,0,0
86.9189,86.9595,110,1,4,JumpScratch,5
86.9189,-1.0,50,6,5,JumpScratch,5
86.9595,87.0,110,3,3,JumpScratch,4
87.0,87.0405,110,5,2,JumpScratch,3
87.0405,87.0811,110,6,2,JumpScratch,3
87.0811,-1.0,10,9,3,0,0
87.2432,-1.0,83,3,4,0,0
87.2432,87.2838,110,3,4,JumpScratch,5
87.2432,-1.0,50,8,5,JumpScratch,5
87.2838,87.3243,110,5,3,JumpScratch,4
87.3243,87.3649,110,7,2,JumpScratch,3
87.3649,87.4054,110,8,2,JumpScratch,3
87.4054,-1.0,10,11,2,0,0
87.5676,-1.0,50,3,5,JumpScratch,-5
87.5676,-1.0,83,9,4,0,0
87.5676,87.6081,110,9,4,JumpScratch,-5
87.6081,87.6486,110,8,3,JumpScratch,-4
87.6486,87.6892,110,7,2,JumpScratch,-3
87.6892,87.7297,110,6,2,JumpScratch,-3
87.8919,-1.0,50,1,5,JumpScratch,-5
87.8919,-1.0,20,7,4,0,0
88.0541,-1.0,10,4,4,0,0
88.2162,-1.0,81,2,4,0,0
88.2162,88.3784,101,2,4,0,0
88.2162,-1.0,50,8,5,0,0
88.3784,-1.0,10,6,3,0,0
88.5405,-1.0,50,1,5,0,0
88.5405,-1.0,81,8,4,0,0
88.5405,88.7027,101,8,4,0,0
88.7027,-1.0,10,5,3,0,0
88.8649,-1.0,81,1,5,0,0
88.8649,89.0270,101,1,5,0,0
88.8649,-1.0,50,7,6,0,0
89.0270,-1.0,10,6,4,0,0
89.1892,-1.0,50,1,6,0,0
89.1892,-1.0,81,8,5,0,0
89.1892,89.3514,101,8,5,0,0
89.3514,-1.0,10,4,4,0,0
89.5135,-1.0,83,1,4,0,0
89.5135,89.6757,110,1,4,JumpScratch,6
89.5135,-1.0,50,7,6,0,0
89.6757,89.8378,110,4,3,JumpScratch,-6
89.6757,-1.0,10,7,3,0,0
89.8378,-1.0,83,10,3,0,0
89.8378,89.8784,110,10,3,JumpScratch,-5
89.8784,89.9189,110,8,3,JumpScratch,-5
89.9189,89.9595,110,6,3,JumpScratch,-4
89.9595,90.0,110,5,2,JumpScratch,-3
90.0,90.0405,110,4,2,JumpScratch,3
90.0405,90.0811,110,5,2,JumpScratch,4
90.0811,90.1216,110,6,3,JumpScratch,5
90.1216,90.1622,110,8,3,JumpScratch,5
90.1622,-1.0,20,1,5,0,0
90.4865,-1.0,10,7,6,0,0
90.5676,-1.0,10,1,6,0,0
90.6486,-1.0,10,5,6,0,0
90.7297,-1.0,10,3,6,0,0
90.8108,-1.0,83,1,4,0,0
90.8108,90.8514,110,1,4,JumpScratch,5
90.8108,-1.0,50,7,6,JumpScratch,6
90.8514,90.8919,110,3,3,JumpScratch,4
90.8919,90.9324,110,5,2,JumpScratch,3
91.1351,-1.0,83,2,4,0,0
91.1351,91.1757,110,2,4,JumpScratch,5
91.1351,-1.0,50,8,5,JumpScratch,5
91.1757,91.2162,110,4,3,JumpScratch,4
91.2162,91.2568,110,6,2,JumpScratch,3
91.4595,-1.0,20,2,6,0,0
91.4595,-1.0,83,9,4,0,0
91.4595,91.5000,110,9,4,JumpScratch,-5
91.5000,91.5405,110,8,3,JumpScratch,-4
91.5405,91.5811,110,7,2,JumpScratch,-3
91.7838,-1.0,20,1,5,0,0
91.7838,-1.0,83,8,4,0,0
91.7838,91.8243,110,8,4,JumpScratch,-5
91.8243,91.8649,110,7,3,JumpScratch,-4
91.8649,91.9054,110,6,2,JumpScratch,-3
91.9459,-1.0,10,1,3,0,0
92.1081,-1.0,83,1,4,0,0
92.1081,92.1486,110,1,4,JumpScratch,5
92.1081,-1.0,50,6,6,JumpScratch,6
92.1486,92.1892,110,3,3,JumpScratch,4
92.1892,92.2297,110,5,2,JumpScratch,3
92.4324,-1.0,83,2,4,0,0
92.4324,92.4730,110,2,4,JumpScratch,5
92.4324,-1.0,50,8,5,JumpScratch,5
92.4730,92.5135,110,4,3,JumpScratch,4
92.5135,92.5541,110,6,2,JumpScratch,3
92.7568,-1.0,20,2,6,0,0
92.7568,-1.0,83,9,4,0,0
92.7568,92.7973,110,9,4,JumpScratch,-5
92.7973,92.8378,110,8,3,JumpScratch,-4
92.8378,92.8784,110,7,2,JumpScratch,-3
93.0811,-1.0,10,4,4,0,0
93.0811,-1.0,10,9,4,0,0
93.2432,-1.0,10,1,4,0,0
93.2432,-1.0,10,6,4,0,0
93.4054,-1.0,81,3,4,0,0
93.4054,93.5676,101,3,4,0,0
93.4054,-1.0,50,7,5,0,0
93.5676,-1.0,10,10,3,0,0
93.7297,-1.0,50,2,5,0,0
93.7297,-1.0,81,7,4,0,0
93.7297,93.8919,101,7,4,0,0
93.8919,-1.0,10,1,3,0,0
94.0541,-1.0,81,2,5,0,0
94.0541,94.2162,101,2,5,0,0
94.0541,-1.0,50,7,6,0,0
94.2162,-1.0,10,9,4,0,0
94.3784,-1.0,50,1,6,0,0
94.3784,-1.0,81,7,5,0,0
94.3784,94.5405,101,7,5,0,0
94.5405,-1.0,80,1,4,0,0
94.5405,94.8649,100,1,4,0,0
94.7027,-1.0,900,1,4,0,0
94.7027,-1.0,50,5,6,0,0
94.8649,-1.0,80,9,4,0,0
94.8649,95.0270,100,9,4,0,0
95.0270,-1.0,20,3,6,0,0
95.1081,-1.0,20,5,6,0,0
95.1892,-1.0,20,1,6,0,0
95.2703,-1.0,20,7,6,0,0
95.3514,-1.0,50,1,12,0,0
95.6757,-1.0,20,1,5,0,0
95.6757,-1.0,20,8,5,0,0
95.8378,-1.0,10,6,4,0,0
96.0,-1.0,50,1,4,0,0
96.0,-1.0,83,5,4,0,0
96.0,96.0405,110,5,4,JumpScratch,5
96.0405,96.0811,110,7,3,JumpScratch,4
96.0811,96.1216,110,9,2,JumpScratch,3
96.3243,-1.0,50,2,4,0,0
96.3243,-1.0,83,6,4,0,0
96.3243,96.3649,110,6,4,JumpScratch,5
96.3649,96.4054,110,8,3,JumpScratch,4
96.4054,96.4459,110,10,2,JumpScratch,3
96.6486,-1.0,83,5,4,0,0
96.6486,96.6892,110,5,4,JumpScratch,-5
96.6486,-1.0,50,9,4,0,0
96.6892,96.7297,110,4,3,JumpScratch,-4
96.7297,96.7703,110,3,2,JumpScratch,-3
96.9730,-1.0,83,4,4,0,0
96.9730,97.0135,110,4,4,JumpScratch,-5
96.9730,-1.0,50,8,4,0,0
97.0135,97.0541,110,3,3,JumpScratch,-4
97.0541,97.0946,110,2,2,JumpScratch,-3
97.1351,-1.0,10,7,4,0,0
97.2973,-1.0,50,1,4,0,0
97.2973,-1.0,83,5,4,0,0
97.2973,97.3378,110,5,4,JumpScratch,5
97.3378,97.3784,110,7,3,JumpScratch,4
97.3784,97.4189,110,9,2,JumpScratch,3
97.4595,-1.0,10,2,4,0,0
97.6216,-1.0,50,2,4,0,0
97.6216,-1.0,83,6,4,0,0
97.6216,97.6622,110,6,4,JumpScratch,5
97.6622,97.7027,110,8,3,JumpScratch,4
97.7027,97.7432,110,10,2,JumpScratch,3
97.9459,-1.0,83,5,4,0,0
97.9459,97.9865,110,5,4,JumpScratch,-5
97.9459,-1.0,50,9,4,0,0
97.9865,98.0270,110,4,3,JumpScratch,-4
98.0270,98.0676,110,3,2,JumpScratch,-3
98.2703,-1.0,50,1,5,0,0
98.2703,-1.0,20,7,4,0,0
98.4324,-1.0,10,6,3,0,0
98.5946,-1.0,81,2,4,0,0
98.5946,98.7568,101,2,4,0,0
98.5946,-1.0,50,8,5,0,0
98.7568,-1.0,10,6,3,0,0
98.9189,-1.0,50,1,5,0,0
98.9189,-1.0,81,8,4,0,0
98.9189,99.0811,101,8,4,0,0
99.0811,-1.0,10,5,3,0,0
99.2432,-1.0,81,1,5,0,0
99.2432,99.4054,101,1,5,0,0
99.2432,-1.0,50,7,6,0,0
99.4054,-1.0,10,6,4,0,0
99.5676,-1.0,50,1,6,0,0
99.5676,-1.0,81,8,5,0,0
99.5676,99.7297,101,8,5,0,0
99.7297,-1.0,10,4,4,0,0
99.8919,-1.0,81,1,5,0,0
99.8919,100.0541,101,1,5,0,0
99.8919,-1.0,50,7,6,0,0
100.0541,-1.0,82,7,3,0,0
100.0541,100.2162,110,7,3,JumpScratch,6
100.2162,-1.0,83,1,3,0,0
100.2162,100.2568,110,1,3,JumpScratch,5
100.2568,100.2973,110,3,3,JumpScratch,5
100.2973,100.3378,110,5,3,JumpScratch,4
100.3378,100.3784,110,7,2,JumpScratch,3
100.3784,100.4189,110,8,2,JumpScratch,-3
100.4189,100.4595,110,7,2,JumpScratch,-4
100.4595,100.5000,110,5,3,JumpScratch,-5
100.5000,100.5405,110,3,3,JumpScratch,-5
100.5405,-1.0,20,8,5,0,0
100.8649,-1.0,10,1,6,0,0
100.9459,-1.0,10,7,6,0,0
101.0270,-1.0,10,3,6,0,0
101.1081,-1.0,10,5,6,0,0
101.1892,-1.0,50,1,6,0,0
101.1892,-1.0,81,9,4,0,0
101.1892,101.3514,101,9,4,0,0
101.3514,-1.0,10,3,6,0,0
101.5135,-1.0,81,1,4,0,0
101.5135,101.6757,101,1,4,0,0
101.5135,-1.0,50,7,6,0,0
101.6757,-1.0,10,5,6,0,0
101.8378,-1.0,50,1,6,0,0
101.8378,-1.0,20,9,4,0,0
102.0,-1.0,10,5,6,0,0
102.0811,-1.0,10,1,6,0,0
102.1622,-1.0,50,7,6,0,0
102.3243,-1.0,10,4,4,0,0
102.4865,-1.0,50,1,6,0,0
102.4865,-1.0,83,9,4,0,0
102.4865,102.8108,110,9,4,JumpScratch,-7
102.6486,-1.0,10,4,4,0,0
102.6486,-1.0,900,9,4,0,0
102.8108,-1.0,83,1,4,0,0
102.8108,103.1351,110,1,4,JumpScratch,7
102.9730,-1.0,900,1,4,0,0
102.9730,-1.0,10,6,4,0,0
103.1351,-1.0,50,9,4,0,0
103.4595,-1.0,10,4,4,0,0
103.4595,-1.0,10,9,4,0,0
103.6216,-1.0,10,1,4,0,0
103.6216,-1.0,10,6,4,0,0
103.7838,-1.0,20,1,4,0,0
103.7838,-1.0,50,5,6,0,0
103.9459,-1.0,10,4,4,0,0
104.1081,-1.0,50,3,6,0,0
104.1081,-1.0,20,9,4,0,0
104.2703,-1.0,10,6,4,0,0
104.4324,-1.0,20,1,4,0,0
104.4324,-1.0,50,5,6,0,0
104.5946,-1.0,10,4,4,0,0
104.7568,-1.0,50,3,6,0,0
104.7568,-1.0,20,9,4,0,0
104.9189,-1.0,82,6,4,0,0
104.9189,105.2432,110,6,4,JumpScratch,7
105.0811,-1.0,20,1,4,0,0
105.0811,-1.0,900,6,4,0,0
105.2432,-1.0,82,3,3,0,0
105.2432,105.4054,110,3,3,JumpScratch,-5
105.4054,-1.0,83,10,3,0,0
105.4054,105.4459,110,10,3,JumpScratch,-5
105.4459,105.4865,110,8,3,JumpScratch,-5
105.4865,105.5270,110,6,3,JumpScratch,-4
105.5270,105.5676,110,5,2,JumpScratch,-3
105.5676,105.6081,110,4,2,JumpScratch,3
105.6081,105.6486,110,5,2,JumpScratch,4
105.6486,105.6892,110,6,3,JumpScratch,5
105.6892,105.7297,110,8,3,JumpScratch,5
105.7297,-1.0,20,1,5,0,0
106.0541,-1.0,20,1,6,0,0
106.0541,-1.0,20,7,6,0,0
106.3784,-1.0,20,1,4,0,0
106.3784,-1.0,50,7,6,0,0
106.5405,-1.0,10,5,4,0,0
106.7027,-1.0,50,1,6,0,0
106.7027,-1.0,20,9,4,0,0
106.8649,-1.0,10,5,4,0,0
107.0270,-1.0,20,1,4,0,0
107.0270,-1.0,50,7,6,0,0
107.1892,-1.0,10,4,3,0,0
107.2703,-1.0,10,7,3,0,0
107.3514,-1.0,50,1,6,0,0
107.3514,-1.0,20,9,4,0,0
107.5135,-1.0,10,5,4,0,0
107.6757,-1.0,20,1,4,0,0
107.6757,-1.0,50,7,6,0,0
107.8378,-1.0,10,5,4,0,0
107.9189,-1.0,10,9,3,0,0
108.0,-1.0,10,3,4,0,0
108.0811,-1.0,10,7,3,0,0
108.1622,-1.0,10,1,4,0,0
108.2432,-1.0,82,6,3,0,0
108.2432,108.2838,110,6,3,JumpScratch,5
108.2838,108.3243,110,8,3,JumpScratch,5
108.3243,-1.0,20,1,5,0,0
108.6486,-1.0,10,4,3,0,0
108.6486,-1.0,10,10,3,0,0
108.8108,-1.0,10,1,3,0,0
108.8108,-1.0,10,7,3,0,0
108.9730,-1.0,50,3,6,0,0
108.9730,-1.0,81,9,4,0,0
108.9730,109.1351,101,9,4,0,0
109.1351,-1.0,10,1,4,0,0
109.2973,-1.0,81,1,4,0,0
109.2973,109.4595,101,1,4,0,0
109.2973,-1.0,50,5,6,0,0
109.4595,-1.0,10,9,4,0,0
109.6216,-1.0,83,3,4,0,0
109.6216,109.7838,110,3,4,JumpScratch,-6
109.6216,-1.0,81,9,4,0,0
109.6216,109.9459,101,9,4,0,0
109.7838,109.8649,110,1,4,JumpScratch,6
109.7838,-1.0,900,9,4,0,0
109.8649,109.9459,110,3,4,JumpScratch,-6
110.2703,-1.0,50,1,6,0,0
110.2703,-1.0,83,7,6,0,0
110.2703,110.4324,110,7,6,0,0
110.4324,-1.0,20,1,6,0,0
110.4324,110.5946,110,1,8,0,0
110.5946,-1.0,20,9,4,0,0
110.5946,110.7568,110,4,9,0,0
110.7568,-1.0,20,1,3,0,0
110.7568,110.9189,110,1,6,0,0
110.9189,-1.0,20,7,6,0,0
110.9189,111.0811,110,5,8,0,0
111.0811,-1.0,20,1,4,0,0
111.0811,111.2432,110,1,8,0,0
111.2432,-1.0,20,9,4,0,0
111.2432,111.4054,110,1,12,0,0
111.5676,-1.0,50,7,6,0,0
111.6486,-1.0,10,3,4,0,0
111.8108,-1.0,10,7,4,0,0
111.8919,-1.0,50,1,6,0,0
112.0541,-1.0,10,5,4,0,0
112.2162,-1.0,20,1,4,0,0
112.2162,-1.0,50,7,6,0,0
112.3784,-1.0,10,4,3,0,0
112.4595,-1.0,10,7,3,0,0
112.5405,-1.0,50,1,6,0,0
112.5405,-1.0,20,9,4,0,0
112.7027,-1.0,10,5,4,0,0
112.8649,-1.0,81,1,4,0,0
112.8649,113.0270,101,1,4,0,0
112.8649,-1.0,50,7,6,0,0
113.0270,-1.0,10,5,5,0,0
113.1892,-1.0,50,1,6,0,0
113.1892,-1.0,81,9,4,0,0
113.1892,113.3514,101,9,4,0,0
113.3514,-1.0,10,4,5,0,0
113.5135,-1.0,50,1,6,0,0
113.5135,-1.0,50,7,6,0,0
113.6757,-1.0,10,3,5,0,0
113.7568,-1.0,10,7,4,0,0
113.8378,-1.0,10,1,6,0,0
113.9189,-1.0,10,8,5,0,0
114.0,-1.0,10,3,5,0,0
114.0811,-1.0,10,6,5,0,0
114.1622,-1.0,50,1,12,0,0
114.3243,-1.0,10,9,4,0,0
114.4865,-1.0,20,3,4,0,0
114.4865,-1.0,20,7,4,0,0
114.6486,-1.0,10,1,4,0,0
114.8108,-1.0,10,5,5,0,0
114.8919,-1.0,10,3,5,0,0
114.9730,-1.0,10,8,5,0,0
115.0541,-1.0,10,1,5,0,0
115.1351,-1.0,10,5,6,0,0
115.2162,-1.0,10,3,6,0,0
115.2973,-1.0,10,7,6,0,0
115.3784,-1.0,10,1,6,0,0
115.4595,-1.0,50,1,12,0,0
115.7838,-1.0,50,1,6,0,0
115.7838,-1.0,50,7,6,0,0
116.1081,-1.0,50,1,6,0,0
116.1081,-1.0,50,7,6,0,0
116.1081,116.4324,110,1,6,0,0
116.1081,116.4324,110,7,6,0,0
116.2703,-1.0,900,1,6,0,0
116.2703,-1.0,900,7,6,0,0
116.7568,-1.0,20,1,4,0,0
116.7568,-1.0,83,7,4,0,0
116.7568,116.9189,110,7,4,JumpScratch,6
116.9189,-1.0,20,3,4,0,0
116.9189,117.0811,110,9,4,JumpScratch,-6
117.0811,-1.0,20,1,4,0,0
117.2432,-1.0,10,4,3,0,0
117.4054,-1.0,82,1,4,0,0
117.4054,117.5676,110,1,4,JumpScratch,6
117.4054,-1.0,20,9,4,0,0
117.5676,117.6486,110,3,4,JumpScratch,-6
117.5676,-1.0,10,7,3,0,0
117.6486,117.7297,110,1,4,JumpScratch,6
117.7297,-1.0,20,9,4,0,0
117.8919,-1.0,10,7,3,0,0
118.0541,-1.0,10,1,5,0,0
118.1351,-1.0,10,7,5,0,0
118.2162,-1.0,10,3,5,0,0
118.2973,-1.0,10,5,5,0,0
118.3784,-1.0,50,1,6,0,0
118.5405,-1.0,82,7,3,0,0
118.5405,118.7027,110,7,3,JumpScratch,6
118.7027,-1.0,83,3,4,0,0
118.7027,119.0270,110,3,4,0,0
118.8649,-1.0,900,3,4,0,0
119.0270,-1.0,20,9,4,0,0
119.1892,-1.0,10,7,3,0,0
119.3514,-1.0,20,3,4,0,0
119.3514,-1.0,50,7,6,0,0
119.5135,-1.0,10,1,4,0,0
119.6757,-1.0,50,1,6,0,0
119.6757,-1.0,20,7,4,0,0
119.8378,-1.0,10,9,4,0,0
120.0,-1.0,20,3,4,0,0
120.0,-1.0,50,7,6,0,0
120.1622,-1.0,10,1,4,0,0
120.2432,-1.0,10,5,4,0,0
120.3243,-1.0,50,1,6,0,0
120.3243,-1.0,20,9,4,0,0
120.4865,-1.0,10,7,4,0,0
120.6486,-1.0,81,4,3,0,0
120.6486,120.8108,101,4,3,0,0
120.6486,-1.0,50,7,6,0,0
120.8108,-1.0,10,7,4,0,0
120.9730,-1.0,50,1,6,0,0
120.9730,-1.0,81,7,3,0,0
120.9730,121.1351,101,7,3,0,0
121.1351,-1.0,10,3,4,0,0
121.2973,-1.0,81,4,3,0,0
121.2973,121.6216,101,4,3,0,0
121.2973,-1.0,50,7,6,0,0
121.4595,-1.0,900,4,3,0,0
121.6216,-1.0,20,7,4,0,0
121.7027,-1.0,20,1,4,0,0
121.7838,-1.0,20,8,5,0,0
121.8649,-1.0,20,3,5,0,0
121.9459,-1.0,50,7,6,0,0
122.1081,-1.0,10,4,4,0,0
122.2703,-1.0,50,1,6,0,0
122.2703,-1.0,20,7,4,0,0
122.4324,-1.0,10,6,4,0,0
122.5946,-1.0,20,3,4,0,0
122.5946,-1.0,50,7,6,0,0
122.7568,-1.0,10,3,4,0,0
122.8378,-1.0,10,6,4,0,0
122.9189,-1.0,50,1,6,0,0
122.9189,-1.0,20,9,4,0,0
123.0811,-1.0,10,6,4,0,0
123.2432,-1.0,20,1,4,0,0
123.2432,-1.0,50,7,6,0,0
123.4054,-1.0,10,3,4,0,0
123.4865,-1.0,10,6,4,0,0
123.5676,-1.0,50,1,6,0,0
123.6486,-1.0,10,6,4,0,0
123.7297,-1.0,82,3,4,0,0
123.7297,123.8919,110,3,4,JumpScratch,-6
123.8919,124.2162,110,1,3,0,0
123.8919,-1.0,50,8,5,0,0
124.0541,-1.0,900,1,3,0,0
124.2162,-1.0,20,4,6,0,0
124.3784,-1.0,10,7,3,0,0
124.5405,-1.0,80,1,4,0,0
124.5405,124.7027,100,1,4,0,0
124.5405,-1.0,20,7,6,0,0
124.7027,-1.0,10,5,4,0,0
124.8649,-1.0,20,1,6,0,0
124.8649,-1.0,80,9,4,0,0
124.8649,125.0270,100,9,4,0,0
125.0270,-1.0,10,5,4,0,0
125.1892,-1.0,80,1,4,0,0
125.1892,125.3514,100,1,4,0,0
125.1892,-1.0,20,7,6,0,0
125.3514,-1.0,10,5,4,0,0
125.4324,-1.0,10,1,4,0,0
125.5135,-1.0,10,7,4,0,0
125.5946,-1.0,10,3,4,0,0
125.6757,-1.0,10,9,4,0,0
125.7568,-1.0,10,5,4,0,0
125.8378,-1.0,20,1,6,0,0
125.8378,-1.0,50,7,6,0,0
126.0,-1.0,10,5,4,0,0
126.1622,-1.0,50,1,6,0,0
126.1622,-1.0,20,7,6,0,0
126.3243,-1.0,10,5,4,0,0
126.4865,-1.0,81,1,6,0,0
126.4865,126.8108,101,1,6,0,0
126.4865,-1.0,50,7,6,0,0
126.6486,-1.0,900,1,6,0,0
126.8108,-1.0,20,7,6,0,0
127.1351,-1.0,50,1,4,0,0
127.1351,-1.0,20,5,8,0,0
127.2973,-1.0,10,6,7,0,0
127.4595,-1.0,50,1,5,0,0
127.4595,-1.0,20,6,7,0,0
127.6216,-1.0,10,7,6,0,0
127.7838,-1.0,50,1,6,0,0
127.7838,-1.0,20,7,6,0,0
127.9459,-1.0,10,8,5,0,0
128.1081,-1.0,50,1,7,0,0
128.1081,-1.0,20,8,5,0,0
128.2703,-1.0,10,9,4,0,0
128.4324,-1.0,20,1,8,0,0
128.4324,-1.0,50,9,4,0,0
128.5946,-1.0,10,1,7,0,0
128.7568,-1.0,20,1,7,0,0
128.7568,-1.0,50,8,5,0,0
128.9189,-1.0,10,1,6,0,0
129.0811,-1.0,20,1,6,0,0
129.0811,-1.0,50,7,6,0,0
129.2432,-1.0,10,1,5,0,0
129.4054,-1.0,20,1,5,0,0
129.4054,-1.0,50,6,7,0,0
129.5676,-1.0,10,1,4,0,0
129.7297,-1.0,50,1,5,0,0
129.7297,-1.0,20,6,7,0,0
129.8919,-1.0,10,7,6,0,0
130.0541,-1.0,50,1,6,0,0
130.0541,-1.0,20,7,6,0,0
130.2162,-1.0,10,8,5,0,0
130.3784,-1.0,50,1,7,0,0
130.3784,-1.0,20,8,5,0,0
130.5405,-1.0,10,9,4,0,0
130.7027,-1.0,50,1,8,0,0
130.7027,-1.0,20,9,4,0,0
130.8649,-1.0,10,10,3,0,0
131.0270,-1.0,20,1,7,0,0
131.0270,-1.0,50,8,5,0,0
131.1892,-1.0,10,1,6,0,0
131.3514,-1.0,20,1,6,0,0
131.3514,-1.0,50,7,6,0,0
131.5135,-1.0,10,1,5,0,0
131.6757,-1.0,20,1,5,0,0
131.6757,-1.0,50,6,7,0,0
131.8378,-1.0,10,1,4,0,0
132.0,-1.0,20,1,4,0,0
132.0,-1.0,50,5,8,0,0
132.1622,-1.0,10,1,3,0,0
132.3243,-1.0,50,1,6,0,0
132.3243,-1.0,83,7,6,0,0
132.3243,132.4865,110,7,6,0,0
132.4865,-1.0,83,1,6,0,0
132.4865,132.6486,110,1,6,0,0
132.6486,-1.0,83,7,6,0,0
132.6486,132.8108,110,7,6,0,0
132.8108,-1.0,83,1,6,0,0
132.8108,132.9730,110,1,6,0,0
132.9730,-1.0,83,7,6,0,0
132.9730,133.1351,110,7,6,0,0
133.1351,-1.0,83,1,6,0,0
133.1351,133.2973,110,1,6,0,0
133.2973,-1.0,83,7,6,0,0
133.2973,133.4595,110,7,6,0,0
133.4595,-1.0,83,1,6,0,0
133.4595,133.6216,110,1,6,0,0
133.6216,-1.0,83,7,6,0,0
133.6216,133.7838,110,7,6,0,0
133.7838,-1.0,83,1,6,0,0
133.7838,133.9459,110,1,6,0,0
133.9459,-1.0,83,7,6,0,0
133.9459,134.1081,110,7,6,0,0
134.1081,-1.0,83,1,6,0,0
134.1081,134.2703,110,1,6,0,0
134.2703,-1.0,83,7,6,0,0
134.2703,134.4324,110,7,6,0,0
134.4324,-1.0,83,1,6,0,0
134.4324,134.5946,110,1,6,0,0
134.5946,-1.0,83,7,6,0,0
134.5946,134.7568,110,7,6,0,0
134.7568,-1.0,20,1,6,0,0
134.9189,-1.0,20,7,6,0,0
135.0,-1.0,20,1,6,0,0
135.0811,-1.0,20,7,6,0,0
135.1622,-1.0,20,1,6,0,0
135.2432,-1.0,20,7,6,0,0
135.3243,-1.0,20,1,6,0,0
135.4054,-1.0,20,7,6,0,0
135.4865,-1.0,20,1,6,0,0
135.5676,-1.0,20,7,6,0,0
135.6486,-1.0,20,1,6,0,0
135.7297,-1.0,20,7,6,0,0
135.8108,-1.0,20,1,6,0,0
135.8919,-1.0,20,7,6,0,0
135.9730,-1.0,20,1,6,0,0
136.0541,-1.0,20,7,6,0,0
136.1351,-1.0,20,1,6,0,0
136.2162,-1.0,83,10,3,0,0
136.2162,136.2568,110,10,3,JumpScratch,-6
136.2568,136.2973,110,7,3,JumpScratch,6
136.2973,136.3378,110,10,3,JumpScratch,-6
136.3378,136.3784,110,7,3,JumpScratch,6
136.3784,136.4189,110,10,3,JumpScratch,-8
136.4189,136.4595,110,5,4,JumpScratch,8
136.4595,136.5000,110,9,4,JumpScratch,-8
136.5000,136.5405,110,5,4,JumpScratch,8
136.5405,136.5811,110,9,4,JumpScratch,-10
136.5811,136.6216,110,3,5,JumpScratch,10
136.6216,136.6622,110,8,5,JumpScratch,-10
136.6622,136.7027,110,3,5,JumpScratch,10
136.7027,136.7432,110,8,5,JumpScratch,-12
136.7432,136.7838,110,1,6,JumpScratch,12
136.7838,136.8243,110,7,6,JumpScratch,-12
136.8243,136.8649,110,1,6,JumpScratch,12
136.8649,136.9054,110,7,6,JumpScratch,-12
136.9054,136.9459,110,1,5,JumpScratch,10
136.9459,136.9865,110,6,5,JumpScratch,-10
136.9865,137.0270,110,1,5,JumpScratch,10
137.0270,137.0676,110,6,5,JumpScratch,-10
137.0676,137.1081,110,1,4,JumpScratch,8
137.1081,137.1486,110,5,4,JumpScratch,-8
137.1486,137.1892,110,1,4,JumpScratch,8
137.1892,137.2297,110,5,4,JumpScratch,-8
137.2297,137.2703,110,1,3,JumpScratch,6
137.2703,137.3108,110,4,3,JumpScratch,-6
137.3108,137.3514,110,1,3,JumpScratch,6
137.3514,137.3919,110,4,3,JumpScratch,-6
137.3919,137.4324,110,1,2,JumpScratch,4
137.4324,137.4730,110,3,2,JumpScratch,-4
137.4730,137.5135,110,1,2,JumpScratch,4
137.5135,137.5541,110,3,2,JumpScratch,-4
137.5541,137.5946,110,1,2,JumpScratch,6
137.5946,137.6351,110,4,3,JumpScratch,-6
137.6351,137.6757,110,1,3,JumpScratch,6
137.6757,137.7162,110,4,3,JumpScratch,-6
137.7162,137.7568,110,1,3,JumpScratch,8
137.7568,137.7973,110,5,4,JumpScratch,-8
137.7973,137.8378,110,1,4,JumpScratch,8
137.8378,137.8784,110,5,4,JumpScratch,-8
137.8784,137.9189,110,1,4,JumpScratch,10
137.9189,137.9595,110,6,5,JumpScratch,-10
137.9595,138.0,110,1,5,JumpScratch,10
138.0,138.0405,110,6,5,JumpScratch,-10
138.0405,138.0811,110,1,5,JumpScratch,12
138.0811,138.1216,110,7,6,JumpScratch,-12
138.1216,138.1622,110,1,6,JumpScratch,12
138.1622,138.2027,110,6,7,JumpScratch,-12
138.2027,138.2432,110,1,7,JumpScratch,12
138.2432,138.2838,110,6,7,JumpScratch,-12
138.2838,138.3243,110,1,7,JumpScratch,12
138.3243,138.3649,110,5,8,JumpScratch,-12
138.3649,138.4054,110,1,8,JumpScratch,12
138.4054,138.4459,110,5,8,JumpScratch,-12
138.4459,138.4865,110,1,8,JumpScratch,12
138.4865,138.5270,110,4,9,JumpScratch,-12
138.5270,138.5676,110,1,9,JumpScratch,12
138.5676,138.6081,110,4,9,JumpScratch,-12
138.6081,138.6486,110,1,9,JumpScratch,12
138.6486,138.6892,110,3,10,JumpScratch,-12
138.6892,138.7297,110,1,10,JumpScratch,12
138.7297,138.7703,110,3,10,JumpScratch,-12
138.7703,138.8108,110,1,10,JumpScratch,12
138.8108,149.1892,100,1,12,0,0
138.9730,-1.0,900,1,12,0,0
139.1351,-1.0,900,1,12,0,0
139.2973,-1.0,900,1,12,0,0
139.4595,-1.0,900,1,12,0,0
139.6216,-1.0,900,1,12,0,0
139.7838,-1.0,900,1,12,0,0
139.9459,-1.0,900,1,12,0,0
140.1081,-1.0,900,1,12,0,0
140.2703,-1.0,900,1,12,0,0
140.4324,-1.0,900,1,12,0,0
140.5946,-1.0,900,1,12,0,0
140.7568,-1.0,900,1,12,0,0
140.9189,-1.0,900,1,12,0,0
141.0811,-1.0,900,1,12,0,0
141.2432,-1.0,900,1,12,0,0
141.4054,-1.0,900,1,12,0,0
141.5676,-1.0,900,1,12,0,0
141.7297,-1.0,900,1,12,0,0
141.8919,-1.0,900,1,12,0,0
142.0541,-1.0,900,1,12,0,0
142.2162,-1.0,900,1,12,0,0
142.3784,-1.0,900,1,12,0,0
142.5405,-1.0,900,1,12,0,0
142.7027,-1.0,900,1,12,0,0
142.8649,-1.0,900,1,12,0,0
143.0270,-1.0,900,1,12,0,0
143.1892,-1.0,900,1,12,0,0
143.3514,-1.0,900,1,12,0,0
143.5135,-1.0,900,1,12,0,0
143.6757,-1.0,900,1,12,0,0
143.8378,-1.0,900,1,12,0,0
144.0,-1.0,900,1,12,0,0
144.1622,-1.0,900,1,12,0,0
144.3243,-1.0,900,1,12,0,0
144.4865,-1.0,900,1,12,0,0
144.6486,-1.0,900,1,12,0,0
144.8108,-1.0,900,1,12,0,0
144.9730,-1.0,900,1,12,0,0
145.1351,-1.0,900,1,12,0,0
145.2973,-1.0,900,1,12,0,0
145.4595,-1.0,900,1,12,0,0
145.6216,-1.0,900,1,12,0,0
145.7838,-1.0,900,1,12,0,0
145.9459,-1.0,900,1,12,0,0
146.1081,-1.0,900,1,12,0,0
146.2703,-1.0,900,1,12,0,0
146.4324,-1.0,900,1,12,0,0
146.5946,-1.0,900,1,12,0,0
146.7568,-1.0,900,1,12,0,0
146.9189,-1.0,900,1,12,0,0
147.0811,-1.0,900,1,12,0,0
147.2432,-1.0,900,1,12,0,0
147.4054,-1.0,900,1,12,0,0
147.5676,-1.0,900,1,12,0,0
147.7297,-1.0,900,1,12,0,0
147.8919,-1.0,900,1,12,0,0
148.0541,-1.0,900,1,12,0,0
148.2162,-1.0,900,1,12,0,0
148.3784,-1.0,900,1,12,0,0
148.5405,-1.0,900,1,12,0,0
148.7027,-1.0,900,1,12,0,0
148.8649,-1.0,900,1,12,0,0
149.0270,-1.0,900,1,12,0,0