0.1685,-1.0,50,1,3,0,0
11.6180,20.3933,0,0,0,14,11410
0.1685,-1.0,50,4,3,0,0
56.4494,56.4494,0,0,0,11,11410
0.1685,-1.0,83,10,3,0,0
0.1685,1.3483,110,10,3,0,0
67.5843,72.1348,0,0,0,14,11410
0.3371,-1.0,900,10,3,0,0
81.0674,86.1236,0,0,0,14,11410
0.5056,-1.0,10,4,2,0,0
0.5056,-1.0,10,7,2,0,0
0.5056,-1.0,900,10,3,0,0
0.6742,-1.0,900,10,3,0,0
0.7584,-1.0,10,7,3,0,0
0.8427,-1.0,10,2,2,0,0
0.8427,-1.0,10,5,2,0,0
0.8427,-1.0,900,10,3,0,0
1.0112,-1.0,10,1,3,0,0
1.0112,-1.0,900,10,3,0,0
1.1798,-1.0,10,7,3,0,0
1.1798,-1.0,900,10,3,0,0
1.3483,-1.0,83,1,3,0,0
1.3483,2.8652,110,1,3,0,0
1.3483,-1.0,10,4,3,0,0
1.5169,-1.0,900,1,3,0,0
1.6854,-1.0,900,1,3,0,0
1.6854,-1.0,10,8,2,0,0
1.6854,-1.0,10,11,2,0,0
1.8539,-1.0,900,1,3,0,0
1.8539,-1.0,10,7,2,0,0
1.8539,-1.0,10,10,2,0,0
2.0225,-1.0,900,1,3,0,0
2.1067,-1.0,10,4,3,0,0
2.1910,-1.0,900,1,3,0,0
2.1910,-1.0,10,7,2,0,0
2.1910,-1.0,10,10,2,0,0
2.3596,-1.0,900,1,3,0,0
2.3596,-1.0,10,4,3,0,0
2.5281,-1.0,900,1,3,0,0
2.5281,-1.0,10,7,3,0,0
2.6966,-1.0,900,1,3,0,0
2.6966,-1.0,10,10,3,0,0
2.8652,-1.0,10,7,3,0,0
2.8652,-1.0,83,10,3,0,0
2.8652,4.0449,110,10,3,0,0
3.0337,-1.0,900,10,3,0,0
3.2022,-1.0,10,4,2,0,0
3.2022,-1.0,10,7,2,0,0
3.2022,-1.0,900,10,3,0,0
3.3708,-1.0,900,10,3,0,0
3.4551,-1.0,10,7,3,0,0
3.5393,-1.0,10,2,2,0,0
3.5393,-1.0,10,5,2,0,0
3.5393,-1.0,900,10,3,0,0
3.7079,-1.0,10,1,3,0,0
3.7079,-1.0,900,10,3,0,0
3.8764,-1.0,10,7,3,0,0
3.8764,-1.0,900,10,3,0,0
4.0449,-1.0,83,1,3,0,0
4.0449,5.5618,110,1,3,0,0
4.0449,-1.0,10,4,3,0,0
4.2135,-1.0,900,1,3,0,0
4.3820,-1.0,900,1,3,0,0
4.3820,-1.0,10,8,2,0,0
4.3820,-1.0,10,11,2,0,0
4.5506,-1.0,900,1,3,0,0
4.5506,-1.0,10,7,2,0,0
4.5506,-1.0,10,10,2,0,0
4.7191,-1.0,900,1,3,0,0
4.8034,-1.0,10,4,3,0,0
4.8876,-1.0,900,1,3,0,0
4.8876,-1.0,10,7,2,0,0
4.8876,-1.0,10,10,2,0,0
5.0562,-1.0,900,1,3,0,0
5.0562,-1.0,10,4,3,0,0
5.2247,-1.0,900,1,3,0,0
5.2247,-1.0,10,7,3,0,0
5.3933,-1.0,900,1,3,0,0
5.3933,-1.0,10,10,3,0,0
5.5618,-1.0,10,7,3,0,0
5.5618,-1.0,83,10,3,0,0
5.5618,6.7416,110,10,3,0,0
5.7303,-1.0,900,10,3,0,0
5.8989,-1.0,10,4,2,0,0
5.8989,-1.0,10,7,2,0,0
5.8989,-1.0,900,10,3,0,0
6.0674,-1.0,900,10,3,0,0
6.1517,-1.0,10,1,3,0,0
6.2360,-1.0,10,5,2,0,0
6.2360,-1.0,10,8,2,0,0
6.2360,-1.0,900,10,3,0,0
6.4045,-1.0,10,1,3,0,0
6.4045,-1.0,900,10,3,0,0
6.5730,-1.0,10,7,3,0,0
6.5730,-1.0,900,10,3,0,0
6.7416,-1.0,83,1,3,0,0
6.7416,8.2584,110,1,3,0,0
6.7416,-1.0,10,4,3,0,0
6.9101,-1.0,900,1,3,0,0
7.0787,-1.0,900,1,3,0,0
7.0787,-1.0,10,8,2,0,0
7.0787,-1.0,10,11,2,0,0
7.2472,-1.0,900,1,3,0,0
7.2472,-1.0,10,7,2,0,0
7.2472,-1.0,10,10,2,0,0
7.4157,-1.0,900,1,3,0,0
7.5000,-1.0,10,10,3,0,0
7.5843,-1.0,900,1,3,0,0
7.5843,-1.0,10,4,2,0,0
7.5843,-1.0,10,7,2,0,0
7.7528,-1.0,900,1,3,0,0
7.7528,-1.0,10,7,3,0,0
7.9213,-1.0,900,1,3,0,0
7.9213,-1.0,10,4,3,0,0
8.0899,-1.0,900,1,3,0,0
8.0899,-1.0,10,7,3,0,0
8.2584,-1.0,10,7,3,0,0
8.2584,-1.0,83,10,3,0,0
8.2584,9.4382,110,10,3,0,0
8.4270,-1.0,900,10,3,0,0
8.5955,-1.0,10,4,2,0,0
8.5955,-1.0,10,7,2,0,0
8.5955,-1.0,900,10,3,0,0
8.7640,-1.0,900,10,3,0,0
8.8483,-1.0,10,1,3,0,0
8.9326,-1.0,10,5,2,0,0
8.9326,-1.0,10,8,2,0,0
8.9326,-1.0,900,10,3,0,0
9.1011,-1.0,10,1,3,0,0
9.1011,-1.0,900,10,3,0,0
9.2697,-1.0,10,7,3,0,0
9.2697,-1.0,900,10,3,0,0
9.4382,-1.0,50,1,3,0,0
9.4382,-1.0,50,5,4,0,0
9.7753,-1.0,20,1,4,0,0
9.7753,-1.0,20,9,4,0,0
9.9438,-1.0,20,1,4,0,0
9.9438,-1.0,20,9,4,0,0
10.1966,-1.0,10,5,4,0,0
10.2809,-1.0,10,1,4,0,0
10.2809,-1.0,10,9,4,0,0
10.4494,-1.0,10,3,3,0,0
10.4494,-1.0,10,8,3,0,0
10.6180,-1.0,50,1,3,0,0
10.6180,-1.0,50,5,4,0,0
10.6180,-1.0,50,10,3,0,0
10.9551,-1.0,81,1,3,0,0
10.9551,11.1236,101,1,3,0,0
10.9551,-1.0,10,7,3,0,0
10.9551,-1.0,10,10,3,0,0
11.1236,-1.0,10,4,3,0,0
11.1236,-1.0,81,10,3,0,0
11.1236,11.2921,101,10,3,0,0
11.2921,-1.0,10,7,3,0,0
11.4607,-1.0,20,1,3,0,0
11.4607,-1.0,10,7,3,0,0
11.4607,-1.0,10,10,3,0,0
11.6292,-1.0,10,4,3,0,0
11.7978,-1.0,10,1,3,0,0
11.7978,-1.0,10,4,3,0,0
11.7978,-1.0,20,10,3,0,0
11.9663,-1.0,10,7,3,0,0
12.1348,-1.0,20,1,3,0,0
12.1348,-1.0,10,7,3,0,0
12.1348,-1.0,10,10,3,0,0
12.3034,-1.0,10,4,3,0,0
12.4719,-1.0,10,1,3,0,0
12.4719,-1.0,10,4,3,0,0
12.4719,-1.0,20,10,3,0,0
12.6404,-1.0,10,7,3,0,0
12.8090,-1.0,20,1,3,0,0
12.8090,-1.0,10,7,3,0,0
12.8090,-1.0,10,10,3,0,0
12.9775,-1.0,10,4,3,0,0
13.1461,-1.0,82,1,3,0,0
13.1461,13.3146,110,1,3,0,0
13.1461,-1.0,82,4,3,0,0
13.1461,13.3146,110,4,3,0,0
13.1461,-1.0,83,10,3,0,0
13.1461,13.3146,110,10,3,0,0
13.6517,-1.0,10,1,3,0,0
13.6517,-1.0,10,4,3,0,0
13.6517,-1.0,81,10,3,0,0
13.6517,13.8202,101,10,3,0,0
13.8202,-1.0,81,1,3,0,0
13.8202,13.9888,101,1,3,0,0
13.8202,-1.0,10,7,3,0,0
13.9888,-1.0,10,4,3,0,0
14.1573,-1.0,10,1,3,0,0
14.1573,-1.0,10,4,3,0,0
14.1573,-1.0,20,10,3,0,0
14.3258,-1.0,10,7,3,0,0
14.4944,-1.0,20,1,3,0,0
14.4944,-1.0,10,7,3,0,0
14.4944,-1.0,10,10,3,0,0
14.6629,-1.0,10,4,3,0,0
14.8315,-1.0,10,1,3,0,0
14.8315,-1.0,10,4,3,0,0
14.8315,-1.0,20,10,3,0,0
15.0,-1.0,10,7,3,0,0
15.1685,-1.0,20,1,3,0,0
15.1685,-1.0,10,7,3,0,0
15.1685,-1.0,10,10,3,0,0
15.3371,-1.0,10,4,3,0,0
15.5056,-1.0,10,1,3,0,0
15.5056,-1.0,10,4,3,0,0
15.5056,-1.0,20,10,3,0,0
15.6742,-1.0,10,7,3,0,0
15.8427,-1.0,83,1,3,0,0
15.8427,16.0112,110,1,3,0,0
15.8427,-1.0,82,7,3,0,0
15.8427,16.0112,110,7,3,0,0
15.8427,-1.0,82,10,3,0,0
15.8427,16.0112,110,10,3,0,0
16.3483,-1.0,81,4,3,0,0
16.3483,16.5169,101,4,3,0,0
16.3483,-1.0,10,7,3,0,0
16.3483,-1.0,10,10,3,0,0
16.5169,-1.0,10,1,3,0,0
16.5169,-1.0,81,7,3,0,0
16.5169,16.6854,101,7,3,0,0
16.6854,-1.0,10,10,3,0,0
16.8539,-1.0,20,4,3,0,0
16.8539,-1.0,10,7,3,0,0
16.8539,-1.0,10,10,3,0,0
17.0225,-1.0,10,1,3,0,0
17.1910,-1.0,10,1,3,0,0
17.1910,-1.0,10,4,3,0,0
17.1910,-1.0,20,7,3,0,0
17.3596,-1.0,10,10,3,0,0
17.5281,-1.0,20,4,3,0,0
17.5281,-1.0,10,7,3,0,0
17.5281,-1.0,10,10,3,0,0
17.6966,-1.0,10,1,3,0,0
17.8652,-1.0,10,1,3,0,0
17.8652,-1.0,10,4,3,0,0
17.8652,-1.0,20,7,3,0,0
18.0337,-1.0,10,10,3,0,0
18.2022,-1.0,20,4,3,0,0
18.2022,-1.0,10,7,3,0,0
18.2022,-1.0,10,10,3,0,0
18.3708,-1.0,10,1,3,0,0
18.5393,-1.0,82,1,3,0,0
18.5393,18.7079,110,1,3,0,0
18.5393,-1.0,82,4,3,0,0
18.5393,18.7079,110,4,3,0,0
18.5393,-1.0,83,7,3,0,0
18.5393,18.7079,110,7,3,0,0
19.0449,-1.0,10,1,3,0,0
19.0449,-1.0,10,4,3,0,0
19.0449,-1.0,81,7,3,0,0
19.0449,19.2135,101,7,3,0,0
19.2135,-1.0,81,4,3,0,0
19.2135,19.3820,101,4,3,0,0
19.2135,-1.0,10,10,3,0,0
19.3820,-1.0,10,1,3,0,0
19.5506,-1.0,10,1,3,0,0
19.5506,-1.0,10,4,3,0,0
19.5506,-1.0,20,7,3,0,0
19.7191,-1.0,10,10,3,0,0
19.8876,-1.0,20,4,3,0,0
19.8876,-1.0,10,7,3,0,0
19.8876,-1.0,10,10,3,0,0
20.0562,-1.0,10,1,3,0,0
20.2247,-1.0,10,1,3,0,0
20.2247,-1.0,10,4,3,0,0
20.2247,-1.0,20,7,3,0,0
20.3933,-1.0,50,7,3,0,0
20.3933,-1.0,50,10,3,0,0
20.5618,-1.0,10,4,3,0,0
20.6461,-1.0,10,7,3,0,0
20.7303,-1.0,50,1,3,0,0
20.7303,-1.0,50,4,3,0,0
20.8989,-1.0,10,7,3,0,0
20.9831,-1.0,10,4,3,0,0
21.0674,-1.0,50,7,3,0,0
21.0674,-1.0,50,10,3,0,0
21.2360,-1.0,20,1,3,0,0
21.2360,-1.0,10,4,3,0,0
21.4045,-1.0,20,4,3,0,0
21.4045,-1.0,20,7,3,0,0
21.5730,-1.0,10,7,3,0,0
21.5730,-1.0,20,10,3,0,0
21.7416,-1.0,50,3,8,0,0
22.0787,-1.0,10,1,2,0,0
22.0787,-1.0,10,4,2,0,0
22.0787,-1.0,80,8,2,0,0
22.0787,22.4157,100,8,2,0,0
22.2472,-1.0,900,8,2,0,0
22.4157,-1.0,80,5,2,0,0
22.4157,22.5843,100,5,2,0,0
22.4157,-1.0,10,11,2,0,0
22.5843,-1.0,80,2,2,0,0
22.5843,22.9213,100,2,2,0,0
22.7528,-1.0,900,2,2,0,0
22.7528,-1.0,10,8,2,0,0
22.7528,-1.0,10,11,2,0,0
22.9213,-1.0,82,11,2,0,0
22.9213,23.4270,110,11,2,JumpScratch,-5
23.0899,-1.0,10,1,2,0,0
23.0899,-1.0,10,4,2,0,0
23.0899,-1.0,900,11,2,0,0
23.2584,-1.0,900,11,2,0,0
23.4270,-1.0,50,1,3,0,0
23.4270,23.7640,110,8,2,JumpScratch,5
23.5955,-1.0,900,8,2,0,0
23.7640,-1.0,10,1,2,0,0
23.7640,-1.0,10,4,2,0,0
23.7640,24.1011,110,11,2,JumpScratch,-6
23.9326,-1.0,900,11,2,0,0
24.1011,-1.0,50,1,3,0,0
24.1011,24.4382,110,7,2,JumpScratch,6
24.2697,-1.0,900,7,2,0,0
24.4382,-1.0,10,1,2,0,0
24.4382,-1.0,10,4,2,0,0
24.7753,-1.0,80,4,2,0,0
24.7753,25.1124,100,4,2,0,0
24.7753,-1.0,10,8,2,0,0
24.7753,-1.0,10,11,2,0,0
24.9438,-1.0,900,4,2,0,0
25.1124,-1.0,10,1,2,0,0
25.1124,-1.0,80,7,2,0,0
25.1124,25.2809,100,7,2,0,0
25.2809,-1.0,80,10,2,0,0
25.2809,25.6180,100,10,2,0,0
25.4494,-1.0,10,1,2,0,0
25.4494,-1.0,10,4,2,0,0
25.4494,-1.0,900,10,2,0,0
25.6180,-1.0,82,4,2,0,0
25.6180,26.1236,110,4,2,JumpScratch,4
25.7865,-1.0,900,4,2,0,0
25.7865,-1.0,10,8,2,0,0
25.7865,-1.0,10,11,2,0,0
25.9551,-1.0,900,4,2,0,0
26.1236,26.4607,110,6,2,JumpScratch,-7
26.1236,-1.0,50,10,3,0,0
26.2921,-1.0,900,6,2,0,0
26.4607,26.7978,110,1,2,JumpScratch,6
26.4607,-1.0,10,8,2,0,0
26.4607,-1.0,10,11,2,0,0
26.6292,-1.0,900,1,2,0,0
26.7978,27.1348,110,4,3,0,0
26.7978,-1.0,50,10,3,0,0
26.9663,-1.0,900,4,3,0,0
27.1348,-1.0,80,8,2,0,0
27.1348,27.4719,100,8,2,0,0
27.1348,-1.0,80,11,2,0,0
27.1348,27.4719,100,11,2,0,0
27.3034,-1.0,900,8,2,0,0
27.3034,-1.0,900,11,2,0,0
27.4719,-1.0,10,4,3,0,0
27.6404,-1.0,80,1,2,0,0
27.6404,28.4831,100,1,2,0,0
27.6404,-1.0,80,4,2,0,0
27.6404,28.4831,100,4,2,0,0
27.6404,-1.0,50,7,3,0,0
27.8090,-1.0,900,1,2,0,0
27.8090,-1.0,900,4,2,0,0
27.9775,-1.0,900,1,2,0,0
27.9775,-1.0,900,4,2,0,0
27.9775,-1.0,82,7,3,0,0
27.9775,28.1461,110,7,3,JumpScratch,6
28.1461,-1.0,900,1,2,0,0
28.1461,-1.0,900,4,2,0,0
28.1461,28.4831,110,10,3,JumpScratch,-6
28.3146,-1.0,900,1,2,0,0
28.3146,-1.0,900,4,2,0,0
28.3146,-1.0,900,10,3,0,0
28.8202,-1.0,80,5,2,0,0
28.8202,29.1573,100,5,2,0,0
28.8202,-1.0,10,11,2,0,0
28.9888,-1.0,900,5,2,0,0
29.1573,-1.0,10,2,2,0,0
29.1573,-1.0,80,8,2,0,0
29.1573,29.4944,100,8,2,0,0
29.3258,-1.0,900,8,2,0,0
29.4944,-1.0,10,5,2,0,0
29.4944,-1.0,80,11,2,0,0
29.4944,29.8315,100,11,2,0,0
29.6629,-1.0,900,11,2,0,0
29.8315,-1.0,80,1,2,0,0
29.8315,30.5056,100,1,2,0,0
29.8315,-1.0,80,4,2,0,0
29.8315,30.1685,100,4,2,0,0
29.8315,-1.0,10,7,3,0,0
30.0,-1.0,900,1,2,0,0
30.0,-1.0,900,4,2,0,0
30.1685,-1.0,900,1,2,0,0
30.1685,-1.0,50,7,3,0,0
30.3371,-1.0,900,1,2,0,0
30.5056,-1.0,10,4,3,0,0
30.5056,-1.0,80,8,2,0,0
30.5056,30.8427,100,8,2,0,0
30.5056,-1.0,80,11,2,0,0
30.5056,31.1798,100,11,2,0,0
30.6742,-1.0,900,8,2,0,0
30.6742,-1.0,900,11,2,0,0
30.8427,-1.0,50,4,3,0,0
30.8427,-1.0,900,11,2,0,0
31.0112,-1.0,900,11,2,0,0
31.1798,-1.0,80,1,2,0,0
31.1798,31.8539,100,1,2,0,0
31.1798,-1.0,80,4,2,0,0
31.1798,31.5169,100,4,2,0,0
31.1798,-1.0,10,7,3,0,0
31.3483,-1.0,900,1,2,0,0
31.3483,-1.0,900,4,2,0,0
31.5169,-1.0,900,1,2,0,0
31.5169,-1.0,50,7,3,0,0
31.6854,-1.0,900,1,2,0,0
31.8539,-1.0,10,4,3,0,0
31.8539,-1.0,10,8,2,0,0
31.8539,-1.0,80,11,2,0,0
31.8539,32.1910,100,11,2,0,0
32.0225,-1.0,10,4,3,0,0
32.0225,-1.0,900,11,2,0,0
32.1067,-1.0,10,7,3,0,0
32.1910,-1.0,50,1,4,0,0
32.3596,-1.0,10,5,4,0,0
32.5281,-1.0,50,3,4,0,0
32.5281,-1.0,50,7,4,0,0
32.8652,-1.0,80,4,2,0,0
32.8652,33.2022,100,4,2,0,0
32.8652,-1.0,10,8,2,0,0
32.8652,-1.0,10,11,2,0,0
33.0337,-1.0,900,4,2,0,0
33.2022,-1.0,10,1,2,0,0
33.2022,-1.0,80,7,2,0,0
33.2022,33.3708,100,7,2,0,0
33.3708,-1.0,80,10,2,0,0
33.3708,33.7079,100,10,2,0,0
33.5393,-1.0,10,1,2,0,0
33.5393,-1.0,10,4,2,0,0
33.5393,-1.0,900,10,2,0,0
33.7079,-1.0,82,1,2,0,0
33.7079,34.2135,110,1,2,JumpScratch,5
33.8764,-1.0,900,1,2,0,0
33.8764,-1.0,10,8,2,0,0
33.8764,-1.0,10,11,2,0,0
34.0449,-1.0,900,1,2,0,0
34.2135,34.5506,110,4,2,JumpScratch,-5
34.2135,-1.0,50,10,3,0,0
34.3820,-1.0,900,4,2,0,0
34.5506,34.8876,110,1,2,JumpScratch,6
34.5506,-1.0,10,8,2,0,0
34.5506,-1.0,10,11,2,0,0
34.7191,-1.0,900,1,2,0,0
34.8876,35.2247,110,5,2,JumpScratch,-6
34.8876,-1.0,50,10,3,0,0
35.0562,-1.0,900,5,2,0,0
35.2247,-1.0,10,8,2,0,0
35.2247,-1.0,10,11,2,0,0
35.5618,-1.0,10,1,2,0,0
35.5618,-1.0,10,4,2,0,0
35.5618,-1.0,80,8,2,0,0
35.5618,35.8989,100,8,2,0,0
35.7303,-1.0,900,8,2,0,0
35.8989,-1.0,80,5,2,0,0
35.8989,36.0674,100,5,2,0,0
35.8989,-1.0,10,11,2,0,0
36.0674,-1.0,80,2,2,0,0
36.0674,36.4045,100,2,2,0,0
36.2360,-1.0,900,2,2,0,0
36.2360,-1.0,10,8,2,0,0
36.2360,-1.0,10,11,2,0,0
36.4045,-1.0,82,8,2,0,0
36.4045,36.9101,110,8,2,JumpScratch,-4
36.5730,-1.0,10,1,2,0,0
36.5730,-1.0,10,4,2,0,0
36.5730,-1.0,900,8,2,0,0
36.7416,-1.0,900,8,2,0,0
36.9101,-1.0,50,1,3,0,0
36.9101,37.2472,110,6,2,JumpScratch,7
37.0787,-1.0,900,6,2,0,0
37.2472,-1.0,10,1,2,0,0
37.2472,-1.0,10,4,2,0,0
37.2472,37.5843,110,11,2,JumpScratch,-6
37.4157,-1.0,900,11,2,0,0
37.5843,-1.0,50,1,3,0,0
37.5843,37.9213,110,7,3,0,0
37.7528,-1.0,900,7,3,0,0
37.9213,-1.0,80,1,2,0,0
37.9213,38.2584,100,1,2,0,0
37.9213,-1.0,80,4,2,0,0
37.9213,38.2584,100,4,2,0,0
38.0899,-1.0,900,1,2,0,0
38.0899,-1.0,900,4,2,0,0
38.2584,-1.0,10,7,3,0,0
38.4270,-1.0,50,4,3,0,0
38.4270,-1.0,80,8,2,0,0
38.4270,39.2697,100,8,2,0,0
38.4270,-1.0,80,11,2,0,0
38.4270,39.2697,100,11,2,0,0
38.5955,-1.0,900,8,2,0,0
38.5955,-1.0,900,11,2,0,0
38.7640,-1.0,82,4,3,0,0
38.7640,38.9326,110,4,3,JumpScratch,-6
38.7640,-1.0,900,8,2,0,0
38.7640,-1.0,900,11,2,0,0
38.9326,39.2697,110,1,3,JumpScratch,6
38.9326,-1.0,900,8,2,0,0
38.9326,-1.0,900,11,2,0,0
39.1011,-1.0,900,1,3,0,0
39.1011,-1.0,900,8,2,0,0
39.1011,-1.0,900,11,2,0,0
39.6067,-1.0,80,1,3,0,0
39.6067,39.9438,100,1,3,0,0
39.6067,-1.0,10,7,3,0,0
39.7753,-1.0,900,1,3,0,0
39.9438,-1.0,80,4,3,0,0
39.9438,40.2809,100,4,3,0,0
39.9438,-1.0,10,10,3,0,0
40.1124,-1.0,900,4,3,0,0
40.2809,-1.0,10,1,3,0,0
40.2809,-1.0,80,7,3,0,0
40.2809,40.6180,100,7,3,0,0
40.4494,-1.0,900,7,3,0,0
40.6180,-1.0,80,4,3,0,0
40.6180,41.6292,100,4,3,0,0
40.6180,-1.0,10,10,3,0,0
40.7865,-1.0,900,4,3,0,0
40.9551,-1.0,900,4,3,0,0
40.9551,-1.0,50,9,4,0,0
41.1236,-1.0,10,1,3,0,0
41.1236,-1.0,900,4,3,0,0
41.2921,-1.0,900,4,3,0,0
41.2921,-1.0,10,7,2,0,0
41.2921,-1.0,10,10,2,0,0
41.4607,-1.0,10,1,3,0,0
41.4607,-1.0,900,4,3,0,0
41.6292,-1.0,50,9,4,0,0
41.7978,-1.0,10,5,4,0,0
41.9663,-1.0,10,1,2,0,0
41.9663,-1.0,20,4,3,0,0
41.9663,-1.0,10,8,2,0,0
42.1910,-1.0,10,2,2,0,0
42.1910,-1.0,20,5,3,0,0
42.1910,-1.0,10,9,2,0,0
42.4157,-1.0,10,3,2,0,0
42.4157,-1.0,20,6,3,0,0
42.4157,-1.0,10,10,2,0,0
42.6404,-1.0,10,1,3,0,0
42.6404,-1.0,20,4,4,0,0
42.6404,-1.0,10,8,3,0,0
42.8652,-1.0,10,2,3,0,0
42.8652,-1.0,20,5,4,0,0
42.8652,-1.0,10,9,3,0,0
43.0899,-1.0,10,3,3,0,0
43.0899,-1.0,20,6,4,0,0
43.0899,-1.0,10,10,3,0,0
43.3146,-1.0,83,1,3,0,0
43.3146,44.3258,110,1,3,JumpScratch,6
43.3146,-1.0,10,4,3,0,0
43.4831,-1.0,900,1,3,0,0
43.6517,-1.0,900,1,3,0,0
43.6517,-1.0,50,9,4,0,0
43.8202,-1.0,900,1,3,0,0
43.8202,-1.0,10,4,3,0,0
43.9888,-1.0,900,1,3,0,0
43.9888,-1.0,10,7,2,0,0
43.9888,-1.0,10,10,2,0,0
44.1573,-1.0,900,1,3,0,0
44.1573,-1.0,10,4,3,0,0
44.3258,44.4944,110,4,3,JumpScratch,-4
44.3258,-1.0,50,9,4,0,0
44.4944,44.5506,110,3,3,JumpScratch,-4
44.5506,44.6067,110,2,3,JumpScratch,-4
44.6629,-1.0,10,7,3,0,0
44.6629,-1.0,81,10,3,0,0
44.6629,45.0,101,10,3,0,0
44.8315,-1.0,900,10,3,0,0
45.0,-1.0,80,1,3,0,0
45.0,45.3371,100,1,3,0,0
45.0,-1.0,10,7,3,0,0
45.1685,-1.0,900,1,3,0,0
45.1685,-1.0,10,7,3,0,0
45.3371,-1.0,80,4,3,0,0
45.3371,45.6742,100,4,3,0,0
45.3371,-1.0,10,10,3,0,0
45.5056,-1.0,900,4,3,0,0
45.5056,-1.0,10,10,3,0,0
45.6742,-1.0,10,1,3,0,0
45.6742,-1.0,80,7,3,0,0
45.6742,46.0112,100,7,3,0,0
45.8427,-1.0,10,1,3,0,0
45.8427,-1.0,900,7,3,0,0
46.0112,-1.0,50,3,4,0,0
46.0112,-1.0,80,10,3,0,0
46.0112,46.3483,100,10,3,0,0
46.1798,-1.0,900,10,3,0,0
46.3483,-1.0,10,2,2,0,0
46.3483,-1.0,10,5,2,0,0
46.5169,-1.0,80,1,3,0,0
46.5169,46.8539,100,1,3,0,0
46.5169,-1.0,50,7,4,0,0
46.6854,-1.0,900,1,3,0,0
46.8539,-1.0,10,7,2,0,0
46.8539,-1.0,10,10,2,0,0
47.0225,-1.0,50,3,4,0,0
47.0225,-1.0,81,10,3,0,0
47.0225,48.0337,101,10,3,0,0
47.1910,-1.0,900,10,3,0,0
47.3596,-1.0,10,4,3,0,0
47.3596,-1.0,10,7,3,0,0
47.3596,-1.0,900,10,3,0,0
47.5281,-1.0,900,10,3,0,0
47.6966,-1.0,50,1,4,0,0
47.6966,-1.0,900,10,3,0,0
47.8652,-1.0,10,7,3,0,0
47.8652,-1.0,900,10,3,0,0
48.0337,-1.0,50,1,3,0,0
48.0337,-1.0,50,4,3,0,0
48.3708,-1.0,80,1,3,0,0
48.3708,48.5393,100,1,3,0,0
48.3708,-1.0,10,10,3,0,0
48.5393,-1.0,80,4,3,0,0
48.5393,48.7079,100,4,3,0,0
48.7079,-1.0,83,1,3,0,0
48.7079,49.0449,110,1,3,0,0
48.7079,-1.0,10,7,3,0,0
48.7079,-1.0,10,11,2,0,0
48.8764,-1.0,900,1,3,0,0
49.0449,-1.0,10,6,2,0,0
49.0449,-1.0,10,9,3,0,0
49.2135,-1.0,10,6,2,0,0
49.3820,-1.0,10,1,3,0,0
49.3820,-1.0,10,10,3,0,0
49.5506,-1.0,10,4,2,0,0
49.7191,-1.0,10,1,3,0,0
49.7191,-1.0,80,10,3,0,0
49.7191,49.8876,100,10,3,0,0
49.8876,-1.0,80,7,3,0,0
49.8876,50.0562,100,7,3,0,0
50.0562,-1.0,10,1,2,0,0
50.0562,-1.0,10,4,3,0,0
50.0562,-1.0,83,10,3,0,0
50.0562,50.3933,110,10,3,0,0
50.2247,-1.0,900,10,3,0,0
50.3933,-1.0,10,2,3,0,0
50.3933,-1.0,10,6,2,0,0
50.5618,-1.0,10,6,2,0,0
50.7303,-1.0,80,1,3,0,0
50.7303,50.9551,100,1,3,0,0
50.7303,-1.0,80,7,3,0,0
50.7303,50.9551,100,7,3,0,0
50.8989,-1.0,900,1,3,0,0
50.8989,-1.0,900,7,3,0,0
50.9551,-1.0,80,4,3,0,0
50.9551,51.1798,100,4,3,0,0
50.9551,-1.0,80,10,3,0,0
50.9551,51.1798,100,10,3,0,0
51.1236,-1.0,900,4,3,0,0
51.1236,-1.0,900,10,3,0,0
51.1798,-1.0,80,7,3,0,0
51.1798,51.4045,100,7,3,0,0
51.3483,-1.0,900,7,3,0,0
51.4045,-1.0,50,1,3,0,0
51.4045,-1.0,50,4,3,0,0
51.4045,-1.0,83,10,3,0,0
51.4045,51.9101,110,10,3,0,0
51.5730,-1.0,900,10,3,0,0
51.7416,-1.0,10,4,3,0,0
51.7416,-1.0,10,7,3,0,0
51.7416,-1.0,900,10,3,0,0
51.9101,-1.0,83,1,3,0,0
51.9101,52.4157,110,1,3,0,0
51.9101,-1.0,10,4,3,0,0
52.0787,-1.0,900,1,3,0,0
52.2472,-1.0,900,1,3,0,0
52.2472,-1.0,10,4,3,0,0
52.2472,-1.0,10,7,3,0,0
52.4157,-1.0,10,10,3,0,0
52.5000,-1.0,10,7,3,0,0
52.5843,-1.0,10,4,3,0,0
52.6685,-1.0,10,7,3,0,0
52.7528,-1.0,83,1,3,0,0
52.7528,53.7640,110,1,3,0,0
52.7528,-1.0,83,10,3,0,0
52.7528,53.7640,110,10,3,0,0
52.9213,-1.0,900,1,3,0,0
52.9213,-1.0,900,10,3,0,0
53.0899,-1.0,900,1,3,0,0
53.0899,-1.0,900,10,3,0,0
53.2584,-1.0,900,1,3,0,0
53.2584,-1.0,900,10,3,0,0
53.4270,-1.0,900,1,3,0,0
53.4270,-1.0,900,10,3,0,0
53.5955,-1.0,900,1,3,0,0
53.5955,-1.0,900,10,3,0,0
54.1011,-1.0,50,1,3,0,0
54.1011,-1.0,10,8,5,0,0
54.2697,-1.0,10,6,2,0,0
54.4382,-1.0,10,1,5,0,0
54.4382,-1.0,50,10,3,0,0
54.6067,-1.0,10,5,4,0,0
54.7753,-1.0,50,1,3,0,0
54.7753,-1.0,10,8,5,0,0
54.9438,-1.0,10,6,2,0,0
55.1124,-1.0,10,1,5,0,0
55.1124,-1.0,50,10,3,0,0
55.2809,-1.0,10,5,4,0,0
55.4494,-1.0,20,1,3,0,0
55.4494,-1.0,10,4,3,0,0
55.4494,-1.0,10,7,3,0,0
55.4494,-1.0,20,10,3,0,0
55.6742,-1.0,10,1,3,0,0
55.6742,-1.0,20,4,3,0,0
55.6742,-1.0,20,7,3,0,0
55.6742,-1.0,10,10,3,0,0
55.8989,-1.0,50,1,3,0,0
55.8989,-1.0,50,4,3,0,0
55.8989,-1.0,50,7,3,0,0
55.8989,-1.0,50,10,3,0,0
56.7978,-1.0,50,1,3,0,0
56.7978,-1.0,50,4,3,0,0
56.7978,-1.0,81,10,3,0,0
56.7978,57.1348,101,10,3,0,0
56.9663,-1.0,10,7,3,0,0
56.9663,-1.0,900,10,3,0,0
57.0506,-1.0,10,4,3,0,0
57.1348,-1.0,10,1,3,0,0
57.3034,-1.0,10,7,2,0,0
57.3034,-1.0,10,10,3,0,0
57.4719,-1.0,20,1,3,0,0
57.4719,-1.0,82,4,3,0,0
57.4719,57.7247,110,4,3,JumpScratch,-6
57.4719,-1.0,50,7,4,0,0
57.6404,-1.0,900,4,3,0,0
57.7247,-1.0,82,7,3,0,0
57.7247,57.9775,110,7,3,JumpScratch,6
57.7247,-1.0,20,10,3,0,0
57.8933,-1.0,900,7,3,0,0
57.9775,-1.0,20,1,3,0,0
57.9775,-1.0,80,4,3,0,0
57.9775,58.3146,100,4,3,0,0
58.1461,-1.0,900,4,3,0,0
58.3146,-1.0,80,7,3,0,0
58.3146,58.4831,100,7,3,0,0
58.3146,-1.0,80,10,3,0,0
58.3146,58.4831,100,10,3,0,0
58.4831,-1.0,50,3,4,0,0
58.6517,-1.0,10,5,4,0,0
58.8202,-1.0,20,1,3,0,0
58.8202,-1.0,20,4,3,0,0
58.8202,-1.0,50,7,4,0,0
58.9888,-1.0,10,5,4,0,0
59.1573,-1.0,50,3,4,0,0
59.1573,-1.0,20,7,3,0,0
59.1573,-1.0,20,10,3,0,0
59.3258,-1.0,10,5,4,0,0
59.4944,-1.0,81,1,3,0,0
59.4944,59.8315,101,1,3,0,0
59.4944,-1.0,50,7,3,0,0
59.4944,-1.0,50,10,3,0,0
59.6629,-1.0,900,1,3,0,0
59.6629,-1.0,10,4,3,0,0
59.7472,-1.0,10,7,3,0,0
59.8315,-1.0,10,10,3,0,0
60.0,-1.0,10,1,3,0,0
60.0,-1.0,10,5,2,0,0
60.1685,-1.0,50,1,4,0,0
60.1685,-1.0,83,6,4,0,0
60.1685,60.2107,110,6,4,JumpScratch,6
60.2107,60.2528,110,9,3,JumpScratch,4
60.2528,60.4213,110,10,3,JumpScratch,-5
60.4213,-1.0,83,1,4,0,0
60.4213,60.4635,110,1,4,JumpScratch,6
60.4635,60.5056,110,4,3,JumpScratch,4
60.5056,61.1798,110,5,3,JumpScratch,-7
60.6742,-1.0,900,5,3,0,0
60.6742,-1.0,83,9,4,0,0
60.6742,60.7163,110,9,4,JumpScratch,-7
60.7163,60.7584,110,6,3,JumpScratch,-6
60.7584,60.8006,110,3,3,JumpScratch,-5
60.8006,61.0112,110,1,3,JumpScratch,12
60.8427,-1.0,900,5,3,0,0
60.9551,-1.0,900,1,3,0,0
61.0112,61.5169,110,9,4,0,0
61.1798,-1.0,900,9,4,0,0
61.3483,-1.0,900,9,4,0,0
61.5169,-1.0,20,1,4,0,0
61.5169,-1.0,20,5,4,0,0
61.8539,-1.0,83,1,3,0,0
61.8539,62.1910,110,1,3,0,0
61.8539,-1.0,10,7,3,0,0
61.8539,-1.0,10,10,3,0,0
62.0225,-1.0,900,1,3,0,0
62.1910,-1.0,83,6,4,0,0
62.1910,62.2331,110,6,4,JumpScratch,6
62.2331,62.2753,110,9,3,JumpScratch,4
62.2753,62.6966,110,10,3,JumpScratch,-6
62.4438,-1.0,900,10,3,0,0
62.5281,-1.0,10,4,3,0,0
62.5281,-1.0,10,7,3,0,0
62.6124,-1.0,900,10,3,0,0
62.6966,-1.0,81,1,3,0,0
62.6966,63.0337,101,1,3,0,0
62.6966,-1.0,81,4,3,0,0
62.6966,63.0337,101,4,3,0,0
62.8652,-1.0,900,1,3,0,0
62.8652,-1.0,900,4,3,0,0
63.0337,-1.0,10,7,3,0,0
63.2022,-1.0,50,1,3,0,0
63.2022,-1.0,50,4,3,0,0
63.2022,-1.0,83,10,3,0,0
63.2022,63.5393,110,10,3,0,0
63.3708,-1.0,900,10,3,0,0
63.5393,-1.0,83,4,4,0,0
63.5393,63.5815,110,4,4,JumpScratch,-6
63.5815,63.6236,110,2,3,JumpScratch,-4
63.6236,64.0449,110,1,3,JumpScratch,6
63.7921,-1.0,900,1,3,0,0
63.8764,-1.0,10,4,3,0,0
63.8764,-1.0,10,7,3,0,0
63.9607,-1.0,900,1,3,0,0
64.0449,-1.0,83,7,3,0,0
64.0449,64.3820,110,7,3,0,0
64.0449,-1.0,83,10,3,0,0
64.0449,64.3820,110,10,3,0,0
64.2135,-1.0,900,7,3,0,0
64.2135,-1.0,900,10,3,0,0
64.3820,-1.0,81,4,3,0,0
64.3820,64.7191,101,4,3,0,0
64.5506,-1.0,900,4,3,0,0
64.7191,-1.0,20,7,3,0,0
64.8876,-1.0,50,1,3,0,0
64.8876,-1.0,50,4,3,0,0
64.8876,-1.0,81,10,3,0,0
64.8876,65.2247,101,10,3,0,0
65.0562,-1.0,10,7,3,0,0
65.0562,-1.0,900,10,3,0,0
65.1404,-1.0,10,4,3,0,0
65.2247,-1.0,10,7,3,0,0
65.3933,-1.0,81,1,3,0,0
65.3933,65.7303,101,1,3,0,0
65.3933,-1.0,50,7,3,0,0
65.3933,-1.0,50,10,3,0,0
65.5618,-1.0,900,1,3,0,0
65.7303,-1.0,10,4,3,0,0
65.8146,-1.0,10,7,3,0,0
65.8989,-1.0,10,10,3,0,0
65.9831,-1.0,10,7,3,0,0
66.0674,-1.0,10,4,3,0,0
66.1517,-1.0,10,1,3,0,0
66.2360,-1.0,50,7,3,0,0
66.2360,-1.0,50,10,3,0,0
66.4045,-1.0,10,4,3,0,0
66.4888,-1.0,10,7,3,0,0
66.5730,-1.0,10,1,3,0,0
66.5730,-1.0,10,4,3,0,0
66.7416,-1.0,50,1,3,0,0
66.7416,-1.0,50,4,3,0,0
66.7416,-1.0,80,10,3,0,0
66.7416,66.9101,100,10,3,0,0
66.9101,-1.0,80,7,3,0,0
66.9101,67.0787,100,7,3,0,0
67.0787,-1.0,80,4,3,0,0
67.0787,67.2472,100,4,3,0,0
67.2472,-1.0,10,1,3,0,0
67.2472,-1.0,10,10,3,0,0
67.4157,-1.0,10,4,3,0,0
67.4157,-1.0,10,7,3,0,0
67.5843,-1.0,20,1,3,0,0
67.5843,-1.0,81,10,3,0,0
67.5843,67.9213,101,10,3,0,0
67.7528,-1.0,10,4,3,0,0
67.7528,-1.0,900,10,3,0,0
67.8371,-1.0,10,7,3,0,0
67.9213,-1.0,10,1,3,0,0
67.9213,-1.0,10,4,3,0,0
68.0899,-1.0,10,4,3,0,0
68.0899,-1.0,10,7,3,0,0
68.2584,-1.0,20,1,3,0,0
68.2584,-1.0,20,10,3,0,0
68.4270,-1.0,82,4,3,0,0
68.4270,68.5112,110,4,3,0,0
68.5112,-1.0,20,7,3,0,0
68.5112,-1.0,20,10,3,0,0
68.6798,-1.0,82,7,3,0,0
68.6798,68.7640,110,7,3,0,0
68.7640,-1.0,81,1,3,0,0
68.7640,69.1011,101,1,3,0,0
68.7640,-1.0,81,4,3,0,0
68.7640,69.1011,101,4,3,0,0
68.9326,-1.0,900,1,3,0,0
68.9326,-1.0,900,4,3,0,0
69.1011,-1.0,80,7,3,0,0
69.1011,69.2697,100,7,3,0,0
69.2697,-1.0,50,1,3,0,0
69.2697,-1.0,50,4,3,0,0
69.4382,-1.0,10,7,3,0,0
69.6067,-1.0,20,1,3,0,0
69.6067,-1.0,20,4,3,0,0
69.6067,-1.0,50,10,3,0,0
69.7753,-1.0,10,4,3,0,0
69.9438,-1.0,50,1,3,0,0
69.9438,-1.0,20,7,3,0,0
69.9438,-1.0,20,10,3,0,0
70.1124,-1.0,10,7,3,0,0
70.2809,-1.0,81,1,3,0,0
70.2809,70.6180,101,1,3,0,0
70.2809,-1.0,20,10,3,0,0
70.4494,-1.0,900,1,3,0,0
70.4494,-1.0,10,7,3,0,0
70.5337,-1.0,10,4,3,0,0
70.6180,-1.0,10,7,3,0,0
70.6180,-1.0,10,10,3,0,0
70.7865,-1.0,10,4,3,0,0
70.7865,-1.0,10,7,3,0,0
70.9551,-1.0,20,1,3,0,0
70.9551,-1.0,20,10,3,0,0
71.1236,-1.0,82,7,3,0,0
71.1236,71.2079,110,7,3,0,0
71.2079,-1.0,20,1,3,0,0
71.2079,-1.0,20,4,3,0,0
71.3764,-1.0,82,4,3,0,0
71.3764,71.4607,110,4,3,0,0
71.4607,-1.0,81,7,3,0,0
71.4607,71.7978,101,7,3,0,0
71.4607,-1.0,81,10,3,0,0
71.4607,71.7978,101,10,3,0,0
71.6292,-1.0,900,7,3,0,0
71.6292,-1.0,900,10,3,0,0
71.7978,-1.0,80,4,3,0,0
71.7978,71.9663,100,4,3,0,0
71.9663,-1.0,50,7,3,0,0
71.9663,-1.0,50,10,3,0,0
72.1348,-1.0,10,4,3,0,0
72.3034,-1.0,50,1,3,0,0
72.3034,-1.0,50,10,3,0,0
72.6404,-1.0,81,1,3,0,0
72.6404,72.9775,101,1,3,0,0
72.6404,-1.0,10,7,3,0,0
72.6404,-1.0,10,10,3,0,0
72.8090,-1.0,900,1,3,0,0
72.9775,-1.0,20,4,3,0,0
72.9775,-1.0,50,7,3,0,0
72.9775,-1.0,50,10,3,0,0
73.1461,-1.0,10,1,3,0,0
73.3146,-1.0,20,4,3,0,0
73.3146,-1.0,50,7,3,0,0
73.3146,-1.0,50,10,3,0,0
73.4831,-1.0,10,1,3,0,0
73.6517,-1.0,20,4,3,0,0
73.6517,-1.0,50,7,3,0,0
73.6517,-1.0,50,10,3,0,0
73.8202,-1.0,10,1,3,0,0
73.9888,-1.0,20,4,3,0,0
73.9888,-1.0,20,7,3,0,0
74.1573,-1.0,10,10,3,0,0
74.3258,-1.0,50,1,3,0,0
74.3258,-1.0,50,4,3,0,0
74.3258,-1.0,20,7,3,0,0
74.4944,-1.0,10,10,3,0,0
74.6629,-1.0,50,1,3,0,0
74.6629,-1.0,50,4,3,0,0
74.6629,-1.0,20,7,3,0,0
74.8315,-1.0,10,10,3,0,0
75.0,-1.0,50,1,3,0,0
75.0,-1.0,50,4,3,0,0
75.0,-1.0,20,7,3,0,0
75.1685,-1.0,10,10,3,0,0
75.3371,-1.0,20,4,3,0,0
75.3371,-1.0,20,7,3,0,0
75.5056,-1.0,10,1,3,0,0
75.6742,-1.0,20,4,3,0,0
75.6742,-1.0,50,7,3,0,0
75.6742,-1.0,50,10,3,0,0
75.8427,-1.0,10,5,4,0,0
76.0112,-1.0,50,1,3,0,0
76.0112,-1.0,50,4,3,0,0
76.0112,-1.0,20,7,3,0,0
76.1798,-1.0,10,5,4,0,0
76.3483,-1.0,20,4,3,0,0
76.3483,-1.0,50,7,3,0,0
76.3483,-1.0,50,10,3,0,0
76.5169,-1.0,10,5,4,0,0
76.6854,-1.0,20,1,3,0,0
76.6854,-1.0,20,4,3,0,0
76.6854,-1.0,20,7,3,0,0
76.6854,-1.0,20,10,3,0,0
76.8539,-1.0,50,1,3,0,0
76.8539,-1.0,50,4,3,0,0
76.8539,-1.0,50,7,3,0,0
76.8539,-1.0,50,10,3,0,0
77.1910,-1.0,10,4,3,0,0
77.1910,-1.0,10,7,3,0,0
77.3596,-1.0,80,1,3,0,0
77.3596,77.6966,100,1,3,0,0
77.3596,-1.0,80,10,3,0,0
77.3596,77.6966,100,10,3,0,0
77.5281,-1.0,900,1,3,0,0
77.5281,-1.0,900,10,3,0,0
77.6124,-1.0,10,6,4,0,0
77.6966,-1.0,10,4,4,0,0
77.8652,-1.0,10,3,3,0,0
77.8652,-1.0,10,8,3,0,0
78.0337,-1.0,50,1,4,0,0
78.0337,-1.0,50,5,4,0,0
78.0337,-1.0,50,9,4,0,0
78.3708,-1.0,20,1,3,0,0
78.3708,-1.0,83,4,3,0,0
78.3708,78.7079,110,4,3,JumpScratch,-6
78.3708,-1.0,83,7,3,0,0
78.3708,78.7079,110,7,3,JumpScratch,6
78.3708,-1.0,20,10,3,0,0
78.5393,-1.0,900,4,3,0,0
78.5393,-1.0,900,7,3,0,0
78.7079,78.8764,110,1,6,JumpScratch,6
78.7079,78.8764,110,7,6,JumpScratch,-6
78.8764,80.7303,110,4,3,0,0
78.8764,80.7303,110,7,3,0,0
79.0449,-1.0,900,4,3,0,0
79.0449,-1.0,900,7,3,0,0
79.2135,-1.0,900,4,3,0,0
79.2135,-1.0,900,7,3,0,0
79.3820,-1.0,900,4,3,0,0
79.3820,-1.0,900,7,3,0,0
79.5506,-1.0,900,4,3,0,0
79.5506,-1.0,900,7,3,0,0
79.7191,-1.0,900,4,3,0,0
79.7191,-1.0,900,7,3,0,0
79.8876,-1.0,900,4,3,0,0
79.8876,-1.0,900,7,3,0,0
80.0562,-1.0,900,4,3,0,0
80.0562,-1.0,900,7,3,0,0
80.2247,-1.0,900,4,3,0,0
80.2247,-1.0,900,7,3,0,0
80.3933,-1.0,900,4,3,0,0
80.3933,-1.0,900,7,3,0,0
80.5618,-1.0,900,4,3,0,0
80.5618,-1.0,900,7,3,0,0
81.0674,-1.0,10,1,3,0,0
81.0674,-1.0,10,4,3,0,0
81.0674,-1.0,81,10,3,0,0
81.0674,81.2360,101,10,3,0,0
81.2360,-1.0,81,1,3,0,0
81.2360,81.4045,101,1,3,0,0
81.2360,-1.0,10,7,3,0,0
81.4045,-1.0,10,4,3,0,0
81.5730,-1.0,50,1,3,0,0
81.5730,-1.0,50,4,3,0,0
81.5730,-1.0,20,10,3,0,0
81.7416,-1.0,10,7,3,0,0
81.9101,-1.0,20,1,3,0,0
81.9101,-1.0,50,7,3,0,0
81.9101,-1.0,50,10,3,0,0
82.0787,-1.0,10,4,3,0,0
82.2472,-1.0,50,1,3,0,0
82.2472,-1.0,50,4,3,0,0
82.2472,-1.0,20,10,3,0,0
82.4157,-1.0,10,7,3,0,0
82.5843,-1.0,20,1,3,0,0
82.5843,-1.0,50,7,3,0,0
82.5843,-1.0,50,10,3,0,0
82.7528,-1.0,10,4,3,0,0
82.9213,-1.0,50,1,3,0,0
82.9213,-1.0,50,4,3,0,0
82.9213,-1.0,20,10,3,0,0
83.0899,-1.0,10,7,3,0,0
83.2584,-1.0,83,1,3,0,0
83.2584,83.4270,110,1,3,0,0
83.2584,-1.0,82,7,3,0,0
83.2584,83.4270,110,7,3,0,0
83.2584,-1.0,82,10,3,0,0
83.2584,83.4270,110,10,3,0,0
83.7640,-1.0,81,4,3,0,0
83.7640,83.9326,101,4,3,0,0
83.7640,-1.0,10,7,3,0,0
83.7640,-1.0,10,10,3,0,0
83.9326,-1.0,10,1,3,0,0
83.9326,-1.0,81,7,3,0,0
83.9326,84.1011,101,7,3,0,0
84.1011,-1.0,10,10,3,0,0
84.2697,-1.0,20,4,3,0,0
84.2697,-1.0,50,7,3,0,0
84.2697,-1.0,50,10,3,0,0
84.4382,-1.0,10,1,3,0,0
84.6067,-1.0,50,1,3,0,0
84.6067,-1.0,50,4,3,0,0
84.6067,-1.0,20,7,3,0,0
84.7753,-1.0,10,10,3,0,0
84.9438,-1.0,20,4,3,0,0
84.9438,-1.0,50,7,3,0,0
84.9438,-1.0,50,10,3,0,0
85.1124,-1.0,10,1,3,0,0
85.2809,-1.0,50,1,3,0,0
85.2809,-1.0,50,4,3,0,0
85.2809,-1.0,20,7,3,0,0
85.4494,-1.0,10,10,3,0,0
85.6180,-1.0,20,4,3,0,0
85.6180,-1.0,50,7,3,0,0
85.6180,-1.0,50,10,3,0,0
85.7865,-1.0,10,1,3,0,0
85.9551,-1.0,82,1,3,0,0
85.9551,86.1236,110,1,3,0,0
85.9551,-1.0,82,4,3,0,0
85.9551,86.1236,110,4,3,0,0
85.9551,-1.0,83,7,3,0,0
85.9551,86.1236,110,7,3,0,0
86.4607,-1.0,10,1,3,0,0
86.4607,-1.0,10,4,3,0,0
86.4607,-1.0,81,7,3,0,0
86.4607,86.6292,101,7,3,0,0
86.6292,-1.0,81,4,3,0,0
86.6292,86.7978,101,4,3,0,0
86.6292,-1.0,10,10,3,0,0
86.7978,-1.0,10,1,3,0,0
86.9663,-1.0,50,1,3,0,0
86.9663,-1.0,50,4,3,0,0
86.9663,-1.0,20,7,3,0,0
87.1348,-1.0,10,10,3,0,0
87.3034,-1.0,20,4,3,0,0
87.3034,-1.0,50,7,3,0,0
87.3034,-1.0,50,10,3,0,0
87.4719,-1.0,50,1,3,0,0
87.4719,-1.0,50,4,3,0,0
87.4719,-1.0,20,7,3,0,0
87.6404,-1.0,10,7,3,0,0
87.7247,-1.0,10,4,3,0,0
87.8090,-1.0,20,7,3,0,0
87.8090,-1.0,20,10,3,0,0
87.9775,-1.0,20,4,3,0,0
87.9775,-1.0,20,7,3,0,0
87.9775,-1.0,20,10,3,0,0
88.1461,-1.0,50,1,3,0,0
88.1461,-1.0,50,4,3,0,0
88.1461,-1.0,50,7,3,0,0
88.1461,-1.0,50,10,3,0,0
88.4831,-1.0,82,5,4,0,0
88.4831,88.8202,110,5,4,0,0
88.6517,-1.0,900,5,4,0,0
89.1573,-1.0,20,1,3,0,0
89.1573,-1.0,20,4,3,0,0
89.1573,-1.0,20,7,3,0,0
89.1573,-1.0,20,10,3,0,0
89.3258,-1.0,81,1,3,0,0
89.3258,91.1376,101,1,3,0,0
89.3258,-1.0,81,4,3,0,0
89.3258,90.5056,101,4,3,0,0
89.3258,-1.0,81,7,3,0,0
89.3258,90.4213,101,7,3,0,0
89.3258,-1.0,81,10,3,0,0
89.3258,90.3371,101,10,3,0,0
89.4944,-1.0,900,1,3,0,0
89.4944,-1.0,900,4,3,0,0
89.4944,-1.0,900,7,3,0,0
89.4944,-1.0,900,10,3,0,0
89.6629,-1.0,900,1,3,0,0
89.6629,-1.0,900,4,3,0,0
89.6629,-1.0,900,7,3,0,0
89.6629,-1.0,900,10,3,0,0
89.8315,-1.0,900,1,3,0,0
89.8315,-1.0,900,4,3,0,0
89.8315,-1.0,900,7,3,0,0
89.8315,-1.0,900,10,3,0,0
90.0,-1.0,900,1,3,0,0
90.0,-1.0,900,4,3,0,0
90.0,-1.0,900,7,3,0,0
90.0,-1.0,900,10,3,0,0
90.1685,-1.0,900,1,3,0,0
90.1685,-1.0,900,4,3,0,0
90.1685,-1.0,900,7,3,0,0
90.1685,-1.0,900,10,3,0,0
90.3371,-1.0,900,1,3,0,0
90.3371,-1.0,900,4,3,0,0
90.3371,-1.0,900,7,3,0,0
90.5056,-1.0,900,1,3,0,0
90.6742,-1.0,900,1,3,0,0
90.8427,-1.0,900,1,3,0,0
91.0112,-1.0,900,1,3,0,0
91.1376,-1.0,10,10,3,0,0
91.2921,-1.0,10,7,3,0,0
91.3483,-1.0,10,4,3,0,0