0.0,-1.0,10,10,3,0,0
3.3103,9.5172,0,0,0,14,2030
0.2069,-1.0,10,10,3,0,0
31.0,31.0,0,0,0,11,10010
0.4138,-1.0,10,4,3,0,0
40.7241,40.7241,0,0,0,11,2030
0.5172,-1.0,10,7,3,0,0
53.9655,53.9655,0,0,0,11,2030
0.8276,-1.0,10,1,3,0,0
72.8276,79.0345,0,0,0,14,2030
1.1379,-1.0,10,7,3,0,0
110.2414,110.2414,0,0,0,11,2030
1.2414,-1.0,10,4,3,0,0
123.4828,123.4828,0,0,0,11,2030
1.4483,-1.0,10,10,3,0,0
178.1034,178.1034,0,0,0,11,2030
1.6552,-1.0,10,1,3,0,0
202.9310,202.9310,0,0,0,11,10010
1.8621,-1.0,10,1,3,0,0
2.0690,-1.0,10,7,3,0,0
2.1724,-1.0,10,4,3,0,0
2.4828,-1.0,10,10,3,0,0
2.7931,-1.0,10,4,3,0,0
2.8966,-1.0,50,7,3,0,0
3.3103,-1.0,20,4,3,0,0
3.3103,-1.0,20,10,3,0,0
3.6207,-1.0,20,1,3,0,0
3.6207,-1.0,20,7,3,0,0
3.9310,-1.0,20,4,3,0,0
3.9310,-1.0,20,10,3,0,0
4.1379,-1.0,10,1,3,0,0
4.3448,-1.0,10,7,3,0,0
4.5517,-1.0,10,4,3,0,0
4.7586,-1.0,10,10,3,0,0
4.9655,-1.0,20,1,3,0,0
4.9655,-1.0,20,7,3,0,0
5.2759,-1.0,20,4,3,0,0
5.2759,-1.0,20,10,3,0,0
5.5862,-1.0,20,1,3,0,0
5.5862,-1.0,20,7,3,0,0
5.7931,-1.0,82,4,3,0,0
5.7931,6.2069,110,4,3,0,0
5.7931,-1.0,82,10,3,0,0
5.7931,6.2069,110,10,3,0,0
6.0,-1.0,900,4,3,0,0
6.0,-1.0,900,10,3,0,0
6.6207,-1.0,81,1,3,0,0
6.6207,8.2759,101,1,3,0,0
6.6207,-1.0,20,7,3,0,0
6.8276,-1.0,900,1,3,0,0
6.8276,-1.0,10,7,3,0,0
7.0345,-1.0,900,1,3,0,0
7.0345,-1.0,10,10,3,0,0
7.2414,-1.0,900,1,3,0,0
7.2414,-1.0,10,10,3,0,0
7.4483,-1.0,900,1,3,0,0
7.4483,-1.0,10,7,3,0,0
7.6552,-1.0,900,1,3,0,0
7.6552,-1.0,10,7,3,0,0
7.8621,-1.0,900,1,3,0,0
7.8621,-1.0,10,10,3,0,0
8.0690,-1.0,900,1,3,0,0
8.0690,-1.0,10,10,3,0,0
8.2759,-1.0,20,7,3,0,0
8.5862,-1.0,20,4,3,0,0
8.5862,-1.0,20,10,3,0,0
8.8966,-1.0,20,1,3,0,0
8.8966,-1.0,20,7,3,0,0
9.1034,-1.0,83,4,3,0,0
9.1034,9.5172,110,4,3,0,0
9.1034,-1.0,83,10,3,0,0
9.1034,9.5172,110,10,3,0,0
9.3103,-1.0,900,4,3,0,0
9.3103,-1.0,900,10,3,0,0
9.9310,-1.0,80,1,2,0,0
9.9310,10.3448,100,1,2,0,0
10.1379,-1.0,900,1,2,0,0
10.3448,-1.0,10,8,2,0,0
10.5517,-1.0,10,4,2,0,0
10.7586,-1.0,10,11,2,0,0
10.9655,-1.0,10,1,2,0,0
11.0690,-1.0,10,8,2,0,0
11.3793,-1.0,10,4,2,0,0
11.5862,-1.0,80,11,2,0,0
11.5862,12.0,100,11,2,0,0
11.7931,-1.0,900,11,2,0,0
12.0,-1.0,10,4,2,0,0
12.2069,-1.0,10,8,2,0,0
12.4138,-1.0,10,1,2,0,0
12.6207,-1.0,10,11,2,0,0
12.7241,-1.0,10,4,2,0,0
13.0345,-1.0,10,8,2,0,0
13.2414,-1.0,83,4,3,0,0
13.2414,13.8621,110,4,3,JumpScratch,-6
13.2414,-1.0,83,10,3,0,0
13.2414,13.8621,110,10,3,JumpScratch,-6
13.4483,-1.0,900,4,3,0,0
13.4483,-1.0,900,10,3,0,0
13.6552,-1.0,900,4,3,0,0
13.6552,-1.0,900,10,3,0,0
13.8621,14.0690,110,1,3,JumpScratch,6
13.8621,14.0690,110,7,3,JumpScratch,6
14.0690,14.4828,110,4,3,JumpScratch,-5
14.0690,14.4828,110,10,3,JumpScratch,-5
14.2759,-1.0,900,4,3,0,0
14.2759,-1.0,900,10,3,0,0
14.6897,-1.0,10,7,3,0,0
14.8966,-1.0,83,1,3,0,0
14.8966,15.1034,110,1,3,JumpScratch,6
14.8966,-1.0,83,7,3,0,0
14.8966,15.2069,110,7,3,JumpScratch,6
15.1034,15.5172,110,4,3,JumpScratch,-6
15.1034,-1.0,900,7,3,0,0
15.2069,15.5172,110,10,3,JumpScratch,-6
15.3103,-1.0,900,4,3,0,0
15.4138,-1.0,900,10,3,0,0
15.5172,15.7241,110,1,3,JumpScratch,6
15.5172,15.7241,110,7,3,JumpScratch,6
15.7241,16.1379,110,4,3,JumpScratch,-5
15.7241,16.1379,110,10,3,JumpScratch,-5
15.9310,-1.0,900,4,3,0,0
15.9310,-1.0,900,10,3,0,0
16.5517,-1.0,80,11,2,0,0
16.5517,16.9655,100,11,2,0,0
16.7586,-1.0,900,11,2,0,0
16.9655,-1.0,10,4,2,0,0
17.1724,-1.0,10,8,2,0,0
17.3793,-1.0,10,1,2,0,0
17.5862,-1.0,10,11,2,0,0
17.6897,-1.0,10,4,2,0,0
18.0,-1.0,10,8,2,0,0
18.2069,-1.0,80,1,2,0,0
18.2069,18.6207,100,1,2,0,0
18.4138,-1.0,900,1,2,0,0
18.6207,-1.0,10,8,2,0,0
18.8276,-1.0,10,4,2,0,0
19.0345,-1.0,10,11,2,0,0
19.2414,-1.0,10,1,2,0,0
19.3448,-1.0,10,8,2,0,0
19.6552,-1.0,10,4,2,0,0
19.8621,-1.0,83,1,3,0,0
19.8621,20.4828,110,1,3,JumpScratch,6
19.8621,-1.0,83,7,3,0,0
19.8621,20.4828,110,7,3,JumpScratch,6
20.0690,-1.0,900,1,3,0,0
20.0690,-1.0,900,7,3,0,0
20.2759,-1.0,900,1,3,0,0
20.2759,-1.0,900,7,3,0,0
20.4828,20.6897,110,4,3,JumpScratch,-6
20.4828,20.6897,110,10,3,JumpScratch,-6
20.6897,21.1034,110,1,3,JumpScratch,5
20.6897,21.1034,110,7,3,JumpScratch,6
20.8966,-1.0,900,1,3,0,0
20.8966,-1.0,900,7,3,0,0
21.3103,-1.0,10,4,3,0,0
21.5172,-1.0,83,4,3,0,0
21.5172,21.8276,110,4,3,JumpScratch,-6
21.5172,-1.0,83,10,3,0,0
21.5172,21.7241,110,10,3,JumpScratch,-6
21.7241,-1.0,900,4,3,0,0
21.7241,22.1379,110,7,3,JumpScratch,6
21.8276,22.1379,110,1,3,JumpScratch,6
21.9310,-1.0,900,7,3,0,0
22.0345,-1.0,900,1,3,0,0
22.1379,22.3448,110,4,3,JumpScratch,-6
22.1379,22.3448,110,10,3,JumpScratch,-6
22.3448,22.7586,110,1,3,JumpScratch,5
22.3448,22.7586,110,7,3,JumpScratch,5
22.5517,-1.0,900,1,3,0,0
22.5517,-1.0,900,7,3,0,0
23.3793,-1.0,10,1,3,0,0
23.5862,-1.0,10,4,3,0,0
23.7931,-1.0,10,7,3,0,0
24.0,-1.0,10,4,3,0,0
24.0,-1.0,10,10,3,0,0
24.3103,-1.0,10,1,3,0,0
24.3103,-1.0,10,7,3,0,0
24.6207,-1.0,10,4,3,0,0
24.6207,-1.0,10,10,3,0,0
24.8276,-1.0,82,1,3,0,0
24.8276,25.1379,110,1,3,JumpScratch,6
24.8276,-1.0,82,7,3,0,0
24.8276,25.1379,110,7,3,JumpScratch,6
25.0345,-1.0,900,1,3,0,0
25.0345,-1.0,900,7,3,0,0
25.1379,25.4483,110,4,3,JumpScratch,-6
25.1379,25.4483,110,10,3,JumpScratch,-6
25.3448,-1.0,900,4,3,0,0
25.3448,-1.0,900,10,3,0,0
25.4483,26.0690,110,1,3,0,0
25.4483,26.0690,110,7,3,0,0
25.6552,-1.0,900,1,3,0,0
25.6552,-1.0,900,7,3,0,0
25.8621,-1.0,900,1,3,0,0
25.8621,-1.0,900,7,3,0,0
26.6897,-1.0,10,10,3,0,0
26.8966,-1.0,10,7,3,0,0
27.1034,-1.0,10,4,3,0,0
27.3103,-1.0,10,1,3,0,0
27.3103,-1.0,10,7,3,0,0
27.6207,-1.0,10,4,3,0,0
27.6207,-1.0,10,10,3,0,0
27.9310,-1.0,10,1,3,0,0
27.9310,-1.0,10,7,3,0,0
28.1379,-1.0,82,4,3,0,0
28.1379,28.4483,110,4,3,JumpScratch,-6
28.1379,-1.0,82,10,3,0,0
28.1379,28.4483,110,10,3,JumpScratch,-6
28.3448,-1.0,900,4,3,0,0
28.3448,-1.0,900,10,3,0,0
28.4483,28.7586,110,1,3,JumpScratch,6
28.4483,28.7586,110,7,3,JumpScratch,6
28.6552,-1.0,900,1,3,0,0
28.6552,-1.0,900,7,3,0,0
28.7586,29.3793,110,4,3,0,0
28.7586,29.3793,110,10,3,0,0
28.9655,-1.0,900,4,3,0,0
28.9655,-1.0,900,10,3,0,0
29.1724,-1.0,900,4,3,0,0
29.1724,-1.0,900,10,3,0,0
30.0,-1.0,10,4,3,0,0
30.2069,-1.0,10,7,3,0,0
30.4138,-1.0,10,10,3,0,0
30.6207,-1.0,80,1,3,0,0
30.6207,30.9310,100,1,3,0,0
30.8276,-1.0,900,1,3,0,0
30.9310,-1.0,50,7,3,0,0
31.2414,-1.0,10,4,3,0,0
31.2414,-1.0,10,10,3,0,0
31.4483,-1.0,83,1,3,0,0
31.4483,31.7586,110,1,3,JumpScratch,6
31.4483,-1.0,83,7,3,0,0
31.4483,31.7586,110,7,3,JumpScratch,6
31.6552,-1.0,900,1,3,0,0
31.6552,-1.0,900,7,3,0,0
31.7586,32.0690,110,4,3,JumpScratch,-6
31.7586,32.0690,110,10,3,JumpScratch,-6
31.9655,-1.0,900,4,3,0,0
31.9655,-1.0,900,10,3,0,0
32.0690,32.2759,110,1,3,JumpScratch,5
32.0690,32.2759,110,7,3,JumpScratch,5
32.6897,-1.0,10,1,3,0,0
33.1034,-1.0,80,10,3,0,0
33.1034,33.7241,100,10,3,0,0
33.3103,-1.0,900,10,3,0,0
33.5172,-1.0,900,10,3,0,0
33.7241,-1.0,10,1,3,0,0
33.9310,-1.0,80,7,3,0,0
33.9310,34.5517,100,7,3,0,0
34.1379,-1.0,900,7,3,0,0
34.3448,-1.0,900,7,3,0,0
34.5517,-1.0,10,4,3,0,0
34.7586,-1.0,83,1,3,0,0
34.7586,35.5862,110,1,3,JumpScratch,6
34.7586,-1.0,83,10,3,0,0
34.7586,35.5862,110,10,3,JumpScratch,-6
34.9655,-1.0,900,1,3,0,0
34.9655,-1.0,900,10,3,0,0
35.1724,-1.0,900,1,3,0,0
35.1724,-1.0,900,10,3,0,0
35.3793,-1.0,900,1,3,0,0
35.3793,-1.0,900,10,3,0,0
35.5862,36.4138,110,4,3,JumpScratch,-6
35.5862,36.4138,110,7,3,JumpScratch,6
35.7931,-1.0,900,4,3,0,0
35.7931,-1.0,900,7,3,0,0
36.0,-1.0,900,4,3,0,0
36.0,-1.0,900,7,3,0,0
36.2069,-1.0,900,4,3,0,0
36.2069,-1.0,900,7,3,0,0
36.4138,37.2414,110,1,3,0,0
36.4138,37.2414,110,10,3,0,0
36.6207,-1.0,900,1,3,0,0
36.6207,-1.0,900,10,3,0,0
36.8276,-1.0,900,1,3,0,0
36.8276,-1.0,900,10,3,0,0
37.0345,-1.0,900,1,3,0,0
37.0345,-1.0,900,10,3,0,0
37.8621,-1.0,10,10,3,0,0
38.0690,-1.0,20,3,4,0,0
38.1724,-1.0,20,7,4,0,0
38.2759,-1.0,20,3,4,0,0
38.3793,-1.0,20,7,4,0,0
38.5862,-1.0,20,3,4,0,0
38.6897,-1.0,20,7,4,0,0
38.8966,-1.0,50,1,5,0,0
38.8966,-1.0,50,8,5,0,0
39.7241,-1.0,20,4,3,0,0
39.7241,-1.0,50,9,4,0,0
40.0345,-1.0,50,1,4,0,0
40.0345,-1.0,20,7,3,0,0
40.3448,-1.0,20,4,3,0,0
40.3448,-1.0,50,9,4,0,0
40.5517,-1.0,10,1,3,0,0
40.7586,-1.0,10,7,3,0,0
40.9655,-1.0,10,4,3,0,0
41.1724,-1.0,10,10,3,0,0
41.3793,-1.0,50,1,4,0,0
41.3793,-1.0,20,7,3,0,0
41.6897,-1.0,20,4,3,0,0
41.6897,-1.0,50,9,4,0,0
42.0,-1.0,50,1,4,0,0
42.0,-1.0,20,7,3,0,0
42.2069,-1.0,82,4,3,0,0
42.2069,42.6207,110,4,3,JumpScratch,-6
42.2069,-1.0,50,9,4,0,0
42.4138,-1.0,900,4,3,0,0
42.8276,-1.0,10,7,3,0,0
43.0345,-1.0,83,1,3,0,0
43.0345,43.3448,110,1,3,JumpScratch,5
43.0345,-1.0,83,7,3,0,0
43.0345,43.3448,110,7,3,JumpScratch,5
43.2414,-1.0,900,1,3,0,0
43.2414,-1.0,900,7,3,0,0
43.3448,43.6552,110,3,3,JumpScratch,-5
43.3448,43.6552,110,9,3,JumpScratch,-5
43.5517,-1.0,900,3,3,0,0
43.5517,-1.0,900,9,3,0,0
43.8621,-1.0,83,2,3,0,0
43.8621,44.0690,110,2,3,JumpScratch,5
43.8621,-1.0,83,8,3,0,0
43.8621,44.1724,110,8,3,JumpScratch,5
44.0690,44.4828,110,4,3,JumpScratch,-5
44.0690,-1.0,900,8,3,0,0
44.1724,44.4828,110,10,3,JumpScratch,-5
44.2759,-1.0,900,4,3,0,0
44.3793,-1.0,900,10,3,0,0
44.6897,-1.0,83,1,3,0,0
44.6897,45.1034,110,1,3,JumpScratch,6
44.6897,-1.0,83,7,3,0,0
44.6897,45.1034,110,7,3,JumpScratch,6
44.8966,-1.0,900,1,3,0,0
44.8966,-1.0,900,7,3,0,0
45.1034,45.5172,110,4,3,JumpScratch,-5
45.1034,45.5172,110,10,3,JumpScratch,-5
45.3103,-1.0,900,4,3,0,0
45.3103,-1.0,900,10,3,0,0
45.9310,-1.0,10,10,3,0,0
46.1379,-1.0,10,10,3,0,0
46.3448,-1.0,50,1,4,0,0
46.3448,-1.0,20,7,3,0,0
46.6552,-1.0,20,4,3,0,0
46.6552,-1.0,50,9,4,0,0
46.9655,-1.0,50,1,4,0,0
46.9655,-1.0,20,7,3,0,0
47.1724,-1.0,10,10,3,0,0
47.3793,-1.0,10,4,3,0,0
47.5862,-1.0,10,7,3,0,0
47.7931,-1.0,10,1,3,0,0
48.0,-1.0,20,4,3,0,0
48.0,-1.0,50,7,6,0,0
48.3103,-1.0,50,1,6,0,0
48.3103,-1.0,20,7,3,0,0
48.6207,-1.0,20,4,3,0,0
48.6207,-1.0,50,7,6,0,0
48.8276,-1.0,50,1,6,0,0
48.8276,-1.0,83,7,3,0,0
48.8276,49.2414,110,7,3,JumpScratch,6
49.0345,-1.0,900,7,3,0,0
49.4483,-1.0,10,4,3,0,0
49.6552,-1.0,50,3,4,0,0
49.6552,-1.0,81,10,3,0,0
49.6552,50.0690,101,10,3,0,0
49.8621,-1.0,900,10,3,0,0
50.0690,-1.0,10,1,3,0,0
50.2759,-1.0,10,4,3,0,0
50.4828,-1.0,81,1,3,0,0
50.4828,50.8966,101,1,3,0,0
50.4828,-1.0,50,7,4,0,0
50.6897,-1.0,900,1,3,0,0
50.8966,-1.0,10,10,3,0,0
51.1034,-1.0,10,7,3,0,0
51.3103,-1.0,83,4,3,0,0
51.3103,51.6207,110,4,3,JumpScratch,-6
51.3103,-1.0,83,10,3,0,0
51.3103,51.6207,110,10,3,JumpScratch,-6
51.5172,-1.0,900,4,3,0,0
51.5172,-1.0,900,10,3,0,0
51.6207,51.9310,110,1,3,JumpScratch,6
51.6207,51.9310,110,7,3,JumpScratch,6
51.8276,-1.0,900,1,3,0,0
51.8276,-1.0,900,7,3,0,0
51.9310,52.1379,110,4,3,JumpScratch,-6
51.9310,52.1379,110,10,3,JumpScratch,-6
52.1379,52.5517,110,1,3,JumpScratch,5
52.1379,52.5517,110,7,3,JumpScratch,5
52.3448,-1.0,900,1,3,0,0
52.3448,-1.0,900,7,3,0,0
52.9655,-1.0,50,1,4,0,0
52.9655,-1.0,20,7,3,0,0
53.2759,-1.0,20,4,3,0,0
53.2759,-1.0,50,9,4,0,0
53.5862,-1.0,50,1,4,0,0
53.5862,-1.0,20,7,3,0,0
53.7931,-1.0,10,10,3,0,0
54.0,-1.0,10,7,3,0,0
54.2069,-1.0,10,4,3,0,0
54.4138,-1.0,10,7,3,0,0
54.6207,-1.0,20,4,3,0,0
54.6207,-1.0,50,9,4,0,0
54.9310,-1.0,50,1,4,0,0
54.9310,-1.0,20,7,3,0,0
55.2414,-1.0,20,4,3,0,0
55.2414,-1.0,50,9,4,0,0
55.4483,-1.0,50,1,4,0,0
55.4483,-1.0,82,7,3,0,0
55.4483,55.8621,110,7,3,JumpScratch,6
55.6552,-1.0,900,7,3,0,0
56.0690,-1.0,10,4,3,0,0
56.2759,-1.0,83,4,3,0,0
56.2759,56.5862,110,4,3,JumpScratch,-5
56.2759,-1.0,83,10,3,0,0
56.2759,56.5862,110,10,3,JumpScratch,-5
56.4828,-1.0,900,4,3,0,0
56.4828,-1.0,900,10,3,0,0
56.5862,56.8966,110,2,3,JumpScratch,5
56.5862,56.8966,110,8,3,JumpScratch,5
56.7931,-1.0,900,2,3,0,0
56.7931,-1.0,900,8,3,0,0
57.1034,-1.0,83,3,3,0,0
57.1034,57.4138,110,3,3,JumpScratch,-5
57.1034,-1.0,83,9,3,0,0
57.1034,57.3103,110,9,3,JumpScratch,-5
57.3103,-1.0,900,3,3,0,0
57.3103,57.7241,110,7,3,JumpScratch,5
57.4138,57.7241,110,1,3,JumpScratch,5
57.5172,-1.0,900,7,3,0,0
57.6207,-1.0,900,1,3,0,0
57.9310,-1.0,83,4,3,0,0
57.9310,58.3448,110,4,3,JumpScratch,-6
57.9310,-1.0,83,10,3,0,0
57.9310,58.3448,110,10,3,JumpScratch,-6
58.1379,-1.0,900,4,3,0,0
58.1379,-1.0,900,10,3,0,0
58.3448,58.7586,110,1,3,JumpScratch,5
58.3448,58.7586,110,7,3,JumpScratch,5
58.5517,-1.0,900,1,3,0,0
58.5517,-1.0,900,7,3,0,0
59.1724,-1.0,10,1,3,0,0
59.3793,-1.0,10,1,3,0,0
59.5862,-1.0,20,4,3,0,0
59.5862,-1.0,50,9,4,0,0
59.8966,-1.0,50,1,4,0,0
59.8966,-1.0,20,7,3,0,0
60.2069,-1.0,20,4,3,0,0
60.2069,-1.0,50,9,4,0,0
60.4138,-1.0,10,1,3,0,0
60.6207,-1.0,10,4,3,0,0
60.8276,-1.0,10,7,3,0,0
61.0345,-1.0,10,4,3,0,0
61.2414,-1.0,50,1,6,0,0
61.2414,-1.0,20,7,3,0,0
61.5517,-1.0,20,4,3,0,0
61.5517,-1.0,50,7,6,0,0
61.8621,-1.0,50,1,6,0,0
61.8621,-1.0,20,7,3,0,0
62.0690,-1.0,83,4,3,0,0
62.0690,62.4828,110,4,3,JumpScratch,-6
62.0690,-1.0,50,7,6,0,0
62.2759,-1.0,900,4,3,0,0
62.6897,-1.0,10,7,3,0,0
62.8966,-1.0,81,1,3,0,0
62.8966,63.3103,101,1,3,0,0
62.8966,-1.0,50,7,4,0,0
63.1034,-1.0,900,1,3,0,0
63.3103,-1.0,10,10,3,0,0
63.5172,-1.0,10,7,3,0,0
63.7241,-1.0,50,3,4,0,0
63.7241,-1.0,81,10,3,0,0
63.7241,64.1379,101,10,3,0,0
63.9310,-1.0,900,10,3,0,0
64.1379,-1.0,10,1,3,0,0
64.3448,-1.0,10,4,3,0,0
64.5517,-1.0,83,1,3,0,0
64.5517,64.8621,110,1,3,JumpScratch,6
64.5517,-1.0,83,7,3,0,0
64.5517,64.8621,110,7,3,JumpScratch,6
64.7586,-1.0,900,1,3,0,0
64.7586,-1.0,900,7,3,0,0
64.8621,65.1724,110,4,3,JumpScratch,-6
64.8621,65.1724,110,10,3,JumpScratch,-6
65.0690,-1.0,900,4,3,0,0
65.0690,-1.0,900,10,3,0,0
65.1724,65.3793,110,1,3,JumpScratch,6
65.1724,65.3793,110,7,3,JumpScratch,6
65.3793,65.7931,110,4,3,JumpScratch,-5
65.3793,65.7931,110,10,3,JumpScratch,-5
65.5862,-1.0,900,4,3,0,0
65.5862,-1.0,900,10,3,0,0
66.2069,-1.0,81,1,3,0,0
66.2069,67.4483,101,1,3,0,0
66.2069,-1.0,81,7,3,0,0
66.2069,67.4483,101,7,3,0,0
66.4138,-1.0,900,1,3,0,0
66.4138,-1.0,900,7,3,0,0
66.6207,-1.0,900,1,3,0,0
66.6207,-1.0,900,7,3,0,0
66.8276,-1.0,900,1,3,0,0
66.8276,-1.0,900,7,3,0,0
67.0345,-1.0,900,1,3,0,0
67.0345,-1.0,900,7,3,0,0
67.2414,-1.0,900,1,3,0,0
67.2414,-1.0,900,7,3,0,0
67.8621,-1.0,20,9,4,0,0
68.0690,-1.0,10,1,4,0,0
68.1724,-1.0,20,7,4,0,0
68.3793,-1.0,10,3,4,0,0
68.4828,-1.0,20,9,4,0,0
68.6897,-1.0,10,1,4,0,0
68.7931,-1.0,20,7,4,0,0
69.0,-1.0,10,3,4,0,0
69.1034,-1.0,20,9,4,0,0
69.3103,-1.0,20,1,4,0,0
69.5172,-1.0,50,3,4,0,0
69.5172,-1.0,83,9,4,0,0
69.5172,71.1724,110,9,4,0,0
69.7241,-1.0,900,9,4,0,0
69.9310,-1.0,900,9,4,0,0
70.1379,-1.0,900,9,4,0,0
70.3448,-1.0,900,9,4,0,0
70.5517,-1.0,900,9,4,0,0
70.7586,-1.0,900,9,4,0,0
70.9655,-1.0,900,9,4,0,0
72.8276,-1.0,20,1,3,0,0
72.8276,-1.0,20,7,3,0,0
73.1379,-1.0,20,4,3,0,0
73.1379,-1.0,20,10,3,0,0
73.4483,-1.0,20,1,3,0,0
73.4483,-1.0,20,7,3,0,0
73.6552,-1.0,10,10,3,0,0
73.8621,-1.0,10,4,3,0,0
74.0690,-1.0,10,7,3,0,0
74.2759,-1.0,10,1,3,0,0
74.4828,-1.0,20,4,3,0,0
74.4828,-1.0,20,10,3,0,0
74.7931,-1.0,20,1,3,0,0
74.7931,-1.0,20,7,3,0,0
75.1034,-1.0,20,4,3,0,0
75.1034,-1.0,20,10,3,0,0
75.3103,-1.0,82,1,3,0,0
75.3103,75.7241,110,1,3,0,0
75.3103,-1.0,82,7,3,0,0
75.3103,75.7241,110,7,3,0,0
75.5172,-1.0,900,1,3,0,0
75.5172,-1.0,900,7,3,0,0
76.1379,-1.0,20,4,3,0,0
76.1379,-1.0,81,10,3,0,0
76.1379,77.7931,101,10,3,0,0
76.3448,-1.0,10,4,3,0,0
76.3448,-1.0,900,10,3,0,0
76.5517,-1.0,10,1,3,0,0
76.5517,-1.0,900,10,3,0,0
76.7586,-1.0,10,1,3,0,0
76.7586,-1.0,900,10,3,0,0
76.9655,-1.0,10,4,3,0,0
76.9655,-1.0,900,10,3,0,0
77.1724,-1.0,10,4,3,0,0
77.1724,-1.0,900,10,3,0,0
77.3793,-1.0,10,1,3,0,0
77.3793,-1.0,900,10,3,0,0
77.5862,-1.0,10,1,3,0,0
77.5862,-1.0,900,10,3,0,0
77.7931,-1.0,20,4,3,0,0
78.1034,-1.0,20,1,3,0,0
78.1034,-1.0,20,7,3,0,0
78.4138,-1.0,20,4,3,0,0
78.4138,-1.0,20,10,3,0,0
78.6207,-1.0,83,1,3,0,0
78.6207,79.0345,110,1,3,0,0
78.6207,-1.0,83,7,3,0,0
78.6207,79.0345,110,7,3,0,0
78.8276,-1.0,900,1,3,0,0
78.8276,-1.0,900,7,3,0,0
79.4483,-1.0,50,10,3,0,0
80.0690,-1.0,10,8,2,0,0
80.2759,-1.0,10,1,2,0,0
80.4828,-1.0,10,11,2,0,0
80.5862,-1.0,80,4,2,0,0
80.5862,80.8966,100,4,2,0,0
80.7931,-1.0,900,4,2,0,0
80.8966,-1.0,10,8,2,0,0
81.1034,-1.0,50,1,3,0,0
81.7241,-1.0,10,4,2,0,0
81.9310,-1.0,10,11,2,0,0
82.1379,-1.0,10,1,2,0,0
82.2414,-1.0,80,8,2,0,0
82.2414,82.5517,100,8,2,0,0
82.4483,-1.0,900,8,2,0,0
82.5517,-1.0,10,4,2,0,0
82.7586,-1.0,83,1,3,0,0
82.7586,83.3793,110,1,3,JumpScratch,6
82.7586,-1.0,83,7,3,0,0
82.7586,83.3793,110,7,3,JumpScratch,6
82.9655,-1.0,900,1,3,0,0
82.9655,-1.0,900,7,3,0,0
83.1724,-1.0,900,1,3,0,0
83.1724,-1.0,900,7,3,0,0
83.3793,83.5862,110,4,3,JumpScratch,-6
83.3793,83.5862,110,10,3,JumpScratch,-6
83.5862,84.0,110,1,3,JumpScratch,5
83.5862,84.0,110,7,3,JumpScratch,5
83.7931,-1.0,900,1,3,0,0
83.7931,-1.0,900,7,3,0,0
84.2069,-1.0,10,4,3,0,0
84.4138,-1.0,83,4,3,0,0
84.4138,84.6207,110,4,3,JumpScratch,-6
84.4138,-1.0,83,10,3,0,0
84.4138,84.7241,110,10,3,JumpScratch,-6
84.6207,85.0345,110,1,3,JumpScratch,6
84.6207,-1.0,900,10,3,0,0
84.7241,85.0345,110,7,3,JumpScratch,6
84.8276,-1.0,900,1,3,0,0
84.9310,-1.0,900,7,3,0,0
85.0345,85.2414,110,4,3,JumpScratch,-6
85.0345,85.2414,110,10,3,JumpScratch,-6
85.2414,85.6552,110,1,3,JumpScratch,5
85.2414,85.6552,110,7,3,JumpScratch,5
85.4483,-1.0,900,1,3,0,0
85.4483,-1.0,900,7,3,0,0
86.0690,-1.0,80,1,2,0,0
86.0690,86.4828,100,1,2,0,0
86.2759,-1.0,900,1,2,0,0
86.6897,-1.0,10,4,2,0,0
86.8966,-1.0,10,11,2,0,0
87.1034,-1.0,10,1,2,0,0
87.2069,-1.0,80,8,2,0,0
87.2069,87.5172,100,8,2,0,0
87.4138,-1.0,900,8,2,0,0
87.5172,-1.0,10,4,2,0,0
87.7241,-1.0,80,11,2,0,0
87.7241,88.1379,100,11,2,0,0
87.9310,-1.0,900,11,2,0,0
88.3448,-1.0,10,8,2,0,0
88.5517,-1.0,10,1,2,0,0
88.7586,-1.0,10,11,2,0,0
88.8621,-1.0,80,4,2,0,0
88.8621,89.1724,100,4,2,0,0
89.0690,-1.0,900,4,2,0,0
89.1724,-1.0,10,8,2,0,0
89.3793,-1.0,83,4,3,0,0
89.3793,90.0,110,4,3,JumpScratch,-6
89.3793,-1.0,83,10,3,0,0
89.3793,90.0,110,10,3,JumpScratch,-6
89.5862,-1.0,900,4,3,0,0
89.5862,-1.0,900,10,3,0,0
89.7931,-1.0,900,4,3,0,0
89.7931,-1.0,900,10,3,0,0
90.0,90.2069,110,1,3,JumpScratch,6
90.0,90.2069,110,7,3,JumpScratch,6
90.2069,90.6207,110,4,3,JumpScratch,-5
90.2069,90.6207,110,10,3,JumpScratch,-5
90.4138,-1.0,900,4,3,0,0
90.4138,-1.0,900,10,3,0,0
90.8276,-1.0,10,7,3,0,0
91.0345,-1.0,83,1,3,0,0
91.0345,91.3448,110,1,3,JumpScratch,6
91.0345,-1.0,83,7,3,0,0
91.0345,91.2414,110,7,3,JumpScratch,6
91.2414,-1.0,900,1,3,0,0
91.2414,91.6552,110,10,3,JumpScratch,-6
91.3448,91.6552,110,4,3,JumpScratch,-6
91.4483,-1.0,900,10,3,0,0
91.5517,-1.0,900,4,3,0,0
91.6552,91.8621,110,1,3,JumpScratch,6
91.6552,91.8621,110,7,3,JumpScratch,6
91.8621,92.2759,110,4,3,JumpScratch,-5
91.8621,92.2759,110,10,3,JumpScratch,-5
92.0690,-1.0,900,4,3,0,0
92.0690,-1.0,900,10,3,0,0
92.8966,-1.0,10,10,3,0,0
93.1034,-1.0,10,7,3,0,0
93.3103,-1.0,10,4,3,0,0
93.5172,-1.0,10,1,3,0,0
93.5172,-1.0,80,7,3,0,0
93.5172,93.8276,100,7,3,0,0
93.7241,-1.0,900,7,3,0,0
93.8276,-1.0,80,4,3,0,0
93.8276,94.1379,100,4,3,0,0
94.0345,-1.0,900,4,3,0,0
94.1379,-1.0,10,10,3,0,0
94.3448,-1.0,82,1,3,0,0
94.3448,94.6552,110,1,3,JumpScratch,6
94.3448,-1.0,82,7,3,0,0
94.3448,94.6552,110,7,3,JumpScratch,6
94.5517,-1.0,900,1,3,0,0
94.5517,-1.0,900,7,3,0,0
94.6552,94.9655,110,4,3,JumpScratch,-6
94.6552,94.9655,110,10,3,JumpScratch,-6
94.8621,-1.0,900,4,3,0,0
94.8621,-1.0,900,10,3,0,0
94.9655,95.5862,110,1,3,0,0
94.9655,95.5862,110,7,3,0,0
95.1724,-1.0,900,1,3,0,0
95.1724,-1.0,900,7,3,0,0
95.3793,-1.0,900,1,3,0,0
95.3793,-1.0,900,7,3,0,0
96.2069,-1.0,10,1,3,0,0
96.4138,-1.0,10,4,3,0,0
96.6207,-1.0,10,7,3,0,0
96.8276,-1.0,80,4,3,0,0
96.8276,97.1379,100,4,3,0,0
96.8276,-1.0,10,10,3,0,0
97.0345,-1.0,900,4,3,0,0
97.1379,-1.0,80,7,3,0,0
97.1379,97.4483,100,7,3,0,0
97.3448,-1.0,900,7,3,0,0
97.4483,-1.0,10,1,3,0,0
97.6552,-1.0,82,4,3,0,0
97.6552,97.9655,110,4,3,JumpScratch,-6
97.6552,-1.0,82,10,3,0,0
97.6552,97.9655,110,10,3,JumpScratch,-6
97.8621,-1.0,900,4,3,0,0
97.8621,-1.0,900,10,3,0,0
97.9655,98.2759,110,1,3,JumpScratch,6
97.9655,98.2759,110,7,3,JumpScratch,6
98.1724,-1.0,900,1,3,0,0
98.1724,-1.0,900,7,3,0,0
98.2759,98.8966,110,4,3,0,0
98.2759,98.8966,110,10,3,0,0
98.4828,-1.0,900,4,3,0,0
98.4828,-1.0,900,10,3,0,0
98.6897,-1.0,900,4,3,0,0
98.6897,-1.0,900,10,3,0,0
99.5172,-1.0,10,7,3,0,0
99.7241,-1.0,10,4,3,0,0
99.9310,-1.0,10,1,3,0,0
100.1379,-1.0,80,10,3,0,0
100.1379,100.4483,100,10,3,0,0
100.3448,-1.0,900,10,3,0,0
100.4483,-1.0,50,4,3,0,0
100.7586,-1.0,10,1,3,0,0
100.7586,-1.0,10,7,3,0,0
100.9655,-1.0,83,4,3,0,0
100.9655,101.2759,110,4,3,JumpScratch,-6
100.9655,-1.0,83,10,3,0,0
100.9655,101.2759,110,10,3,JumpScratch,-6
101.1724,-1.0,900,4,3,0,0
101.1724,-1.0,900,10,3,0,0
101.2759,101.5862,110,1,3,JumpScratch,6
101.2759,101.5862,110,7,3,JumpScratch,6
101.4828,-1.0,900,1,3,0,0
101.4828,-1.0,900,7,3,0,0
101.5862,101.7931,110,4,3,JumpScratch,-5
101.5862,101.7931,110,10,3,JumpScratch,-5
102.2069,-1.0,10,10,3,0,0
102.6207,-1.0,80,4,3,0,0
102.6207,103.4483,100,4,3,0,0
102.8276,-1.0,900,4,3,0,0
103.0345,-1.0,900,4,3,0,0
103.2414,-1.0,900,4,3,0,0
104.0690,-1.0,82,7,3,0,0
104.0690,104.2759,110,7,3,JumpScratch,6
104.1724,-1.0,31,7,3,0,0
104.2759,105.1034,110,10,3,JumpScratch,-6
104.4828,-1.0,900,10,3,0,0
104.6897,-1.0,900,10,3,0,0
104.8966,-1.0,900,10,3,0,0
105.1034,-1.0,82,4,3,0,0
105.1034,105.9310,110,4,3,JumpScratch,-6
105.1034,105.9310,110,7,3,JumpScratch,6
105.3103,-1.0,900,4,3,0,0
105.3103,-1.0,900,7,3,0,0
105.5172,-1.0,900,4,3,0,0
105.5172,-1.0,900,7,3,0,0
105.7241,-1.0,900,4,3,0,0
105.7241,-1.0,900,7,3,0,0
105.9310,106.7586,110,1,3,0,0
105.9310,106.7586,110,10,3,0,0
106.1379,-1.0,900,1,3,0,0
106.1379,-1.0,900,10,3,0,0
106.3448,-1.0,900,1,3,0,0
106.3448,-1.0,900,10,3,0,0
106.5517,-1.0,900,1,3,0,0
106.5517,-1.0,900,10,3,0,0
107.3793,-1.0,10,1,3,0,0
107.5862,-1.0,20,7,4,0,0
107.6897,-1.0,20,3,4,0,0
107.7931,-1.0,20,7,4,0,0
107.8966,-1.0,20,3,4,0,0
108.1034,-1.0,20,7,4,0,0
108.2069,-1.0,20,3,4,0,0
108.4138,-1.0,50,1,4,0,0
108.4138,-1.0,50,9,4,0,0
109.2414,-1.0,50,1,4,0,0
109.2414,-1.0,20,7,3,0,0
109.5517,-1.0,20,4,3,0,0
109.5517,-1.0,50,9,4,0,0
109.8621,-1.0,50,1,4,0,0
109.8621,-1.0,20,7,3,0,0
110.0690,-1.0,10,10,3,0,0
110.2759,-1.0,10,4,3,0,0
110.4828,-1.0,10,7,3,0,0
110.6897,-1.0,10,1,3,0,0
110.8966,-1.0,20,4,3,0,0
110.8966,-1.0,50,9,4,0,0
111.2069,-1.0,50,1,4,0,0
111.2069,-1.0,20,7,3,0,0
111.5172,-1.0,20,4,3,0,0
111.5172,-1.0,50,9,4,0,0
111.7241,-1.0,50,1,4,0,0
111.7241,-1.0,82,7,3,0,0
111.7241,112.1379,110,7,3,JumpScratch,6
111.9310,-1.0,900,7,3,0,0
112.3448,-1.0,10,4,3,0,0
112.5517,-1.0,83,4,3,0,0
112.5517,112.8621,110,4,3,JumpScratch,-5
112.5517,-1.0,83,10,3,0,0
112.5517,112.8621,110,10,3,JumpScratch,-5
112.7586,-1.0,900,4,3,0,0
112.7586,-1.0,900,10,3,0,0
112.8621,113.1724,110,2,3,JumpScratch,4
112.8621,113.1724,110,8,3,JumpScratch,4
113.0690,-1.0,900,2,3,0,0
113.0690,-1.0,900,8,3,0,0
113.3793,-1.0,83,3,3,0,0
113.3793,113.6897,110,3,3,JumpScratch,-5
113.3793,-1.0,83,9,3,0,0
113.3793,113.5862,110,9,3,JumpScratch,-5
113.5862,-1.0,900,3,3,0,0
113.5862,114.0,110,7,3,JumpScratch,4
113.6897,114.0,110,1,3,JumpScratch,4
113.7931,-1.0,900,7,3,0,0
113.8966,-1.0,900,1,3,0,0
114.2069,-1.0,83,4,3,0,0
114.2069,114.6207,110,4,3,JumpScratch,-6
114.2069,-1.0,83,10,3,0,0
114.2069,114.6207,110,10,3,JumpScratch,-6
114.4138,-1.0,900,4,3,0,0
114.4138,-1.0,900,10,3,0,0
114.6207,115.0345,110,1,3,JumpScratch,5
114.6207,115.0345,110,7,3,JumpScratch,5
114.8276,-1.0,900,1,3,0,0
114.8276,-1.0,900,7,3,0,0
115.4483,-1.0,10,1,3,0,0
115.6552,-1.0,10,1,3,0,0
115.8621,-1.0,20,4,3,0,0
115.8621,-1.0,50,9,4,0,0
116.1724,-1.0,50,1,4,0,0
116.1724,-1.0,20,7,3,0,0
116.4828,-1.0,20,4,3,0,0
116.4828,-1.0,50,9,4,0,0
116.6897,-1.0,10,1,3,0,0
116.8966,-1.0,10,7,3,0,0
117.1034,-1.0,10,4,3,0,0
117.3103,-1.0,10,10,3,0,0
117.5172,-1.0,50,1,6,0,0
117.5172,-1.0,20,7,3,0,0
117.8276,-1.0,20,4,3,0,0
117.8276,-1.0,50,7,6,0,0
118.1379,-1.0,50,1,6,0,0
118.1379,-1.0,20,7,3,0,0
118.3448,-1.0,83,4,3,0,0
118.3448,118.7586,110,4,3,JumpScratch,-6
118.3448,-1.0,50,7,6,0,0
118.5517,-1.0,900,4,3,0,0
118.9655,-1.0,10,7,3,0,0
119.1724,-1.0,81,1,3,0,0
119.1724,119.5862,101,1,3,0,0
119.1724,-1.0,50,7,4,0,0
119.3793,-1.0,900,1,3,0,0
119.5862,-1.0,10,10,3,0,0
119.7931,-1.0,10,7,3,0,0
120.0,-1.0,50,3,4,0,0
120.0,-1.0,81,10,3,0,0
120.0,120.4138,101,10,3,0,0
120.2069,-1.0,900,10,3,0,0
120.4138,-1.0,10,1,3,0,0
120.6207,-1.0,10,4,3,0,0
120.8276,-1.0,83,1,3,0,0
120.8276,121.1379,110,1,3,JumpScratch,6
120.8276,-1.0,83,7,3,0,0
120.8276,121.1379,110,7,3,JumpScratch,6
121.0345,-1.0,900,1,3,0,0
121.0345,-1.0,900,7,3,0,0
121.1379,121.4483,110,4,3,JumpScratch,-6
121.1379,121.4483,110,10,3,JumpScratch,-6
121.3448,-1.0,900,4,3,0,0
121.3448,-1.0,900,10,3,0,0
121.4483,121.6552,110,1,3,JumpScratch,6
121.4483,121.6552,110,7,3,JumpScratch,6
121.6552,122.0690,110,4,3,JumpScratch,-5
121.6552,122.0690,110,10,3,JumpScratch,-5
121.8621,-1.0,900,4,3,0,0
121.8621,-1.0,900,10,3,0,0
122.4828,-1.0,20,4,3,0,0
122.4828,-1.0,50,9,4,0,0
122.7931,-1.0,50,1,4,0,0
122.7931,-1.0,20,7,3,0,0
123.1034,-1.0,20,4,3,0,0
123.1034,-1.0,50,9,4,0,0
123.3103,-1.0,10,1,3,0,0
123.5172,-1.0,10,7,3,0,0
123.7241,-1.0,10,4,3,0,0
123.9310,-1.0,10,10,3,0,0
124.1379,-1.0,50,1,4,0,0
124.1379,-1.0,20,7,3,0,0
124.4483,-1.0,20,4,3,0,0
124.4483,-1.0,50,9,4,0,0
124.7586,-1.0,50,1,4,0,0
124.7586,-1.0,20,7,3,0,0
124.9655,-1.0,82,4,3,0,0
124.9655,125.3793,110,4,3,JumpScratch,-6
124.9655,-1.0,50,9,4,0,0
125.1724,-1.0,900,4,3,0,0
125.5862,-1.0,10,7,3,0,0
125.7931,-1.0,83,1,3,0,0
125.7931,126.1034,110,1,3,JumpScratch,5
125.7931,-1.0,83,7,3,0,0
125.7931,126.1034,110,7,3,JumpScratch,5
126.0,-1.0,900,1,3,0,0
126.0,-1.0,900,7,3,0,0
126.1034,126.4138,110,3,3,JumpScratch,-4
126.1034,126.4138,110,9,3,JumpScratch,-4
126.3103,-1.0,900,3,3,0,0
126.3103,-1.0,900,9,3,0,0
126.6207,-1.0,83,2,3,0,0
126.6207,126.8276,110,2,3,JumpScratch,5
126.6207,-1.0,83,8,3,0,0
126.6207,126.9310,110,8,3,JumpScratch,5
126.8276,127.2414,110,4,3,JumpScratch,-4
126.8276,-1.0,900,8,3,0,0
126.9310,127.2414,110,10,3,JumpScratch,-4
127.0345,-1.0,900,4,3,0,0
127.1379,-1.0,900,10,3,0,0
127.4483,-1.0,83,1,3,0,0
127.4483,127.8621,110,1,3,JumpScratch,6
127.4483,-1.0,83,7,3,0,0
127.4483,127.8621,110,7,3,JumpScratch,6
127.6552,-1.0,900,1,3,0,0
127.6552,-1.0,900,7,3,0,0
127.8621,128.2759,110,4,3,JumpScratch,-5
127.8621,128.2759,110,10,3,JumpScratch,-5
128.0690,-1.0,900,4,3,0,0
128.0690,-1.0,900,10,3,0,0
128.6897,-1.0,10,10,3,0,0
128.8966,-1.0,10,10,3,0,0
129.1034,-1.0,50,1,4,0,0
129.1034,-1.0,20,7,3,0,0
129.4138,-1.0,20,4,3,0,0
129.4138,-1.0,50,9,4,0,0
129.7241,-1.0,50,1,4,0,0
129.7241,-1.0,20,7,3,0,0
129.9310,-1.0,10,10,3,0,0
130.1379,-1.0,10,4,3,0,0
130.3448,-1.0,10,7,3,0,0
130.5517,-1.0,10,1,3,0,0
130.7586,-1.0,20,4,3,0,0
130.7586,-1.0,50,7,6,0,0
131.0690,-1.0,50,1,6,0,0
131.0690,-1.0,20,7,3,0,0
131.3793,-1.0,20,4,3,0,0
131.3793,-1.0,50,7,6,0,0
131.5862,-1.0,50,1,6,0,0
131.5862,-1.0,83,7,3,0,0
131.5862,132.0,110,7,3,JumpScratch,6
131.7931,-1.0,900,7,3,0,0
132.2069,-1.0,10,4,3,0,0
132.4138,-1.0,50,3,4,0,0
132.4138,-1.0,81,10,3,0,0
132.4138,132.8276,101,10,3,0,0
132.6207,-1.0,900,10,3,0,0
132.8276,-1.0,10,1,3,0,0
133.0345,-1.0,10,4,3,0,0
133.2414,-1.0,81,1,3,0,0
133.2414,133.6552,101,1,3,0,0
133.2414,-1.0,50,7,4,0,0
133.4483,-1.0,900,1,3,0,0
133.6552,-1.0,10,10,3,0,0
133.8621,-1.0,10,7,3,0,0
134.0690,-1.0,83,4,3,0,0
134.0690,134.3793,110,4,3,JumpScratch,-6
134.0690,-1.0,83,10,3,0,0
134.0690,134.3793,110,10,3,JumpScratch,-6
134.2759,-1.0,900,4,3,0,0
134.2759,-1.0,900,10,3,0,0
134.3793,134.6897,110,1,3,JumpScratch,6
134.3793,134.6897,110,7,3,JumpScratch,6
134.5862,-1.0,900,1,3,0,0
134.5862,-1.0,900,7,3,0,0
134.6897,134.8966,110,4,3,JumpScratch,-6
134.6897,134.8966,110,10,3,JumpScratch,-6
134.8966,135.3103,110,1,3,JumpScratch,5
134.8966,135.3103,110,7,3,JumpScratch,5
135.1034,-1.0,900,1,3,0,0
135.1034,-1.0,900,7,3,0,0
135.7241,-1.0,81,4,3,0,0
135.7241,136.9655,101,4,3,0,0
135.7241,-1.0,81,10,3,0,0
135.7241,136.9655,101,10,3,0,0
135.9310,-1.0,900,4,3,0,0
135.9310,-1.0,900,10,3,0,0
136.1379,-1.0,900,4,3,0,0
136.1379,-1.0,900,10,3,0,0
136.3448,-1.0,900,4,3,0,0
136.3448,-1.0,900,10,3,0,0
136.5517,-1.0,900,4,3,0,0
136.5517,-1.0,900,10,3,0,0
136.7586,-1.0,900,4,3,0,0
136.7586,-1.0,900,10,3,0,0
137.3793,-1.0,20,1,4,0,0
137.5862,-1.0,10,9,4,0,0
137.6897,-1.0,20,3,4,0,0
137.8966,-1.0,10,7,4,0,0
138.0,-1.0,20,1,4,0,0
138.2069,-1.0,10,9,4,0,0
138.3103,-1.0,20,3,4,0,0
138.5172,-1.0,10,7,4,0,0
138.6207,-1.0,20,1,4,0,0
138.8276,-1.0,20,9,4,0,0
139.0345,-1.0,83,1,4,0,0
139.0345,140.6897,110,1,4,0,0
139.0345,-1.0,50,7,4,0,0
139.2414,-1.0,900,1,4,0,0
139.4483,-1.0,900,1,4,0,0
139.6552,-1.0,900,1,4,0,0
139.8621,-1.0,900,1,4,0,0
140.0690,-1.0,900,1,4,0,0
140.2759,-1.0,900,1,4,0,0
140.4828,-1.0,900,1,4,0,0
144.0,-1.0,10,1,3,0,0
144.2069,-1.0,10,4,3,0,0
144.4138,-1.0,10,7,3,0,0
144.6207,-1.0,10,10,3,0,0
144.8276,-1.0,10,3,4,0,0
144.9310,-1.0,10,7,4,0,0
145.0345,-1.0,10,3,4,0,0
145.1379,-1.0,10,7,4,0,0
145.2414,-1.0,50,1,6,0,0
145.6552,-1.0,83,1,3,0,0
145.6552,145.9655,110,1,3,JumpScratch,6
145.6552,-1.0,50,7,4,0,0
145.8621,-1.0,900,1,3,0,0
145.9655,146.2759,110,4,3,JumpScratch,-6
145.9655,-1.0,83,10,3,0,0
145.9655,146.2759,110,10,3,JumpScratch,-6
146.1724,-1.0,900,4,3,0,0
146.1724,-1.0,900,10,3,0,0
146.2759,146.8966,110,1,3,JumpScratch,5
146.2759,146.8966,110,7,3,JumpScratch,5
146.4828,-1.0,900,1,3,0,0
146.4828,-1.0,900,7,3,0,0
146.6897,-1.0,900,1,3,0,0
146.6897,-1.0,900,7,3,0,0
147.3103,-1.0,50,3,4,0,0
147.3103,-1.0,83,10,3,0,0
147.3103,147.6207,110,10,3,JumpScratch,-6
147.5172,-1.0,900,10,3,0,0
147.6207,-1.0,83,1,3,0,0
147.6207,147.9310,110,1,3,JumpScratch,6
147.6207,147.8276,110,7,3,JumpScratch,6
147.8276,-1.0,900,1,3,0,0
147.8276,148.5517,110,10,3,JumpScratch,-5
147.9310,148.5517,110,4,3,JumpScratch,-5
148.0345,-1.0,900,10,3,0,0
148.1379,-1.0,900,4,3,0,0
148.2414,-1.0,900,10,3,0,0
148.3448,-1.0,900,4,3,0,0
148.4483,-1.0,900,10,3,0,0
148.7586,-1.0,10,1,3,0,0
148.9655,-1.0,80,10,3,0,0
148.9655,149.2759,100,10,3,0,0
149.1724,-1.0,900,10,3,0,0
149.2759,-1.0,80,4,3,0,0
149.2759,149.5862,100,4,3,0,0
149.4828,-1.0,900,4,3,0,0
149.5862,-1.0,10,7,3,0,0
149.7931,-1.0,80,1,3,0,0
149.7931,150.1034,100,1,3,0,0
150.0,-1.0,900,1,3,0,0
150.1034,-1.0,80,7,3,0,0
150.1034,150.4138,100,7,3,0,0
150.3103,-1.0,900,7,3,0,0
150.4138,-1.0,10,4,3,0,0
150.6207,-1.0,82,1,4,0,0
150.6207,151.4483,110,1,4,0,0
150.6207,-1.0,82,9,4,0,0
150.6207,151.4483,110,9,4,0,0
150.8276,-1.0,900,1,4,0,0
150.8276,-1.0,900,9,4,0,0
151.0345,-1.0,900,1,4,0,0
151.0345,-1.0,900,9,4,0,0
151.2414,-1.0,900,1,4,0,0
151.2414,-1.0,900,9,4,0,0
152.2759,-1.0,50,3,4,0,0
152.2759,-1.0,83,10,3,0,0
152.2759,152.5862,110,10,3,JumpScratch,-6
152.4828,-1.0,900,10,3,0,0
152.5862,-1.0,83,1,3,0,0
152.5862,152.8966,110,1,3,JumpScratch,6
152.5862,152.8966,110,7,3,JumpScratch,6
152.7931,-1.0,900,1,3,0,0
152.7931,-1.0,900,7,3,0,0
152.8966,153.5172,110,4,3,JumpScratch,-5
152.8966,153.5172,110,10,3,JumpScratch,-5
153.1034,-1.0,900,4,3,0,0
153.1034,-1.0,900,10,3,0,0
153.3103,-1.0,900,4,3,0,0
153.3103,-1.0,900,10,3,0,0
153.9310,-1.0,83,1,3,0,0
153.9310,154.2414,110,1,3,JumpScratch,6
153.9310,-1.0,50,7,4,0,0
154.1379,-1.0,900,1,3,0,0
154.2414,154.5517,110,4,3,JumpScratch,-6
154.2414,-1.0,83,10,3,0,0
154.2414,154.5517,110,10,3,JumpScratch,-6
154.4483,-1.0,900,4,3,0,0
154.4483,-1.0,900,10,3,0,0
154.5517,155.1724,110,1,3,JumpScratch,5
154.5517,155.1724,110,7,3,JumpScratch,5
154.7586,-1.0,900,1,3,0,0
154.7586,-1.0,900,7,3,0,0
154.9655,-1.0,900,1,3,0,0
154.9655,-1.0,900,7,3,0,0
155.3793,-1.0,10,10,3,0,0
155.5862,-1.0,82,4,3,0,0
155.5862,156.0,110,4,3,JumpScratch,-6
155.7931,-1.0,900,4,3,0,0
156.0,-1.0,80,7,3,0,0
156.0,156.4138,100,7,3,0,0
156.2069,-1.0,900,7,3,0,0
156.4138,-1.0,82,1,3,0,0
156.4138,156.8276,110,1,3,JumpScratch,6
156.6207,-1.0,900,1,3,0,0
156.8276,-1.0,80,10,3,0,0
156.8276,157.2414,100,10,3,0,0
157.0345,-1.0,900,10,3,0,0
157.2414,-1.0,80,4,3,0,0
157.2414,158.4828,100,4,3,0,0
157.4483,-1.0,900,4,3,0,0
157.6552,-1.0,900,4,3,0,0
157.8621,-1.0,900,4,3,0,0
158.0690,-1.0,900,4,3,0,0
158.2759,-1.0,900,4,3,0,0
158.6897,-1.0,10,7,3,0,0
158.8966,-1.0,82,1,3,0,0
158.8966,160.1379,110,1,3,0,0
158.8966,-1.0,82,10,3,0,0
158.8966,160.1379,110,10,3,0,0
159.1034,-1.0,900,1,3,0,0
159.1034,-1.0,900,10,3,0,0
159.3103,-1.0,900,1,3,0,0
159.3103,-1.0,900,10,3,0,0
159.5172,-1.0,900,1,3,0,0
159.5172,-1.0,900,10,3,0,0
159.7241,-1.0,900,1,3,0,0
159.7241,-1.0,900,10,3,0,0
159.9310,-1.0,900,1,3,0,0
159.9310,-1.0,900,10,3,0,0
160.5517,-1.0,20,9,4,0,0
160.6552,-1.0,20,3,4,0,0
160.7586,-1.0,20,9,4,0,0
160.8621,-1.0,20,3,4,0,0
161.0690,-1.0,20,7,4,0,0
161.1724,-1.0,20,1,4,0,0
161.3793,-1.0,50,9,4,0,0
162.2069,-1.0,20,1,4,0,0
162.3103,-1.0,20,7,4,0,0
162.4138,-1.0,20,1,4,0,0
162.5172,-1.0,20,7,4,0,0
162.7241,-1.0,20,3,4,0,0
162.8276,-1.0,20,9,4,0,0
163.0345,-1.0,50,1,4,0,0
163.8621,-1.0,20,3,4,0,0
163.8621,-1.0,50,7,6,0,0
165.5172,-1.0,50,1,6,0,0
165.5172,-1.0,20,7,4,0,0
167.1724,-1.0,80,4,3,0,0
167.1724,167.5862,100,4,3,0,0
167.1724,-1.0,82,10,3,0,0
167.1724,167.5862,110,10,3,0,0
167.3793,-1.0,900,4,3,0,0
167.3793,-1.0,900,10,3,0,0
168.0,-1.0,82,1,3,0,0
168.0,168.4138,110,1,3,0,0
168.0,-1.0,80,7,3,0,0
168.0,168.4138,100,7,3,0,0
168.2069,-1.0,900,1,3,0,0
168.2069,-1.0,900,7,3,0,0
168.8276,-1.0,20,3,4,0,0
168.8276,-1.0,50,9,4,0,0
169.2414,-1.0,50,1,4,0,0
169.2414,-1.0,20,7,4,0,0
169.6552,-1.0,50,1,6,0,0
169.6552,-1.0,50,7,6,0,0
170.4828,-1.0,10,10,3,0,0
170.7931,-1.0,10,4,3,0,0
171.1034,-1.0,82,7,3,0,0
171.1034,171.3103,110,7,3,JumpScratch,6
171.3103,171.7241,110,10,3,JumpScratch,-6
171.5172,-1.0,900,10,3,0,0
172.1379,-1.0,10,1,3,0,0
172.4483,-1.0,10,7,3,0,0
172.7586,-1.0,82,4,3,0,0
172.7586,172.9655,110,4,3,JumpScratch,-6
172.9655,173.3793,110,1,3,JumpScratch,6
173.1724,-1.0,900,1,3,0,0
173.5862,-1.0,10,10,3,0,0
173.7931,-1.0,50,1,4,0,0
173.7931,-1.0,81,7,3,0,0
173.7931,174.2069,101,7,3,0,0
174.0,-1.0,900,7,3,0,0
174.2069,-1.0,10,4,3,0,0
174.4138,-1.0,10,7,3,0,0
174.6207,-1.0,81,4,3,0,0
174.6207,175.0345,101,4,3,0,0
174.6207,-1.0,50,9,4,0,0
174.8276,-1.0,900,4,3,0,0
175.0345,-1.0,10,7,3,0,0
175.2414,-1.0,10,4,3,0,0
175.4483,-1.0,50,1,5,0,0
175.4483,-1.0,50,8,5,0,0
176.2759,-1.0,83,1,4,0,0
176.2759,176.6897,110,1,4,0,0
176.2759,-1.0,83,9,4,0,0
176.2759,176.6897,110,9,4,0,0
176.4138,-1.0,31,1,4,0,0
176.4138,-1.0,31,9,4,0,0
176.4828,-1.0,900,1,4,0,0
176.4828,-1.0,900,9,4,0,0
176.5517,-1.0,31,1,4,0,0
176.5517,-1.0,31,9,4,0,0
177.1034,-1.0,50,1,4,0,0
177.1034,-1.0,20,7,4,0,0
177.4138,-1.0,20,3,4,0,0
177.4138,-1.0,50,9,4,0,0
177.7241,-1.0,50,1,4,0,0
177.7241,-1.0,20,7,4,0,0
177.9310,-1.0,10,10,3,0,0
178.1379,-1.0,10,7,3,0,0
178.3448,-1.0,10,1,3,0,0
178.5517,-1.0,10,4,3,0,0
178.7586,-1.0,20,3,4,0,0
178.7586,-1.0,50,9,4,0,0
179.0690,-1.0,50,1,4,0,0
179.0690,-1.0,20,7,4,0,0
179.3793,-1.0,20,3,4,0,0
179.3793,-1.0,50,9,4,0,0
179.5862,-1.0,50,1,4,0,0
179.5862,-1.0,82,7,3,0,0
179.5862,180.0,110,7,3,JumpScratch,6
179.7931,-1.0,900,7,3,0,0
180.2069,-1.0,10,4,3,0,0
180.3103,-1.0,10,7,3,0,0
180.4138,-1.0,83,4,3,0,0
180.4138,180.7241,110,4,3,JumpScratch,-5
180.6207,-1.0,900,4,3,0,0
180.7241,181.0345,110,2,3,JumpScratch,5
180.7241,-1.0,83,7,3,0,0
180.7241,181.0345,110,7,3,JumpScratch,5
180.9310,-1.0,900,2,3,0,0
180.9310,-1.0,900,7,3,0,0
181.2414,-1.0,83,3,3,0,0
181.2414,181.5517,110,3,3,JumpScratch,-5
181.2414,-1.0,83,9,3,0,0
181.2414,181.5517,110,9,3,JumpScratch,-5
181.4483,-1.0,900,3,3,0,0
181.4483,-1.0,900,9,3,0,0
181.5517,181.8621,110,1,3,JumpScratch,5
181.5517,181.8621,110,7,3,JumpScratch,5
181.7586,-1.0,900,1,3,0,0
181.7586,-1.0,900,7,3,0,0
182.0690,-1.0,83,4,3,0,0
182.0690,182.4828,110,4,3,JumpScratch,-6
182.0690,-1.0,50,9,4,0,0
182.2759,-1.0,900,4,3,0,0
182.4828,-1.0,83,7,3,0,0
182.4828,182.8966,110,7,3,JumpScratch,6
182.6897,-1.0,900,7,3,0,0
182.8966,-1.0,50,1,4,0,0
183.3103,-1.0,10,4,3,0,0
183.5172,-1.0,10,4,3,0,0
183.7241,-1.0,20,3,4,0,0
183.7241,-1.0,50,9,4,0,0
184.0345,-1.0,50,1,4,0,0
184.0345,-1.0,20,7,4,0,0
184.3448,-1.0,20,3,4,0,0
184.3448,-1.0,50,9,4,0,0
184.5517,-1.0,10,1,3,0,0
184.7586,-1.0,10,4,3,0,0
184.9655,-1.0,10,10,3,0,0
185.1724,-1.0,10,7,3,0,0
185.3793,-1.0,50,1,6,0,0
185.3793,-1.0,20,7,4,0,0
185.6897,-1.0,20,3,4,0,0
185.6897,-1.0,50,7,6,0,0
186.0,-1.0,50,1,6,0,0
186.0,-1.0,20,7,4,0,0
186.2069,-1.0,83,4,3,0,0
186.2069,186.6207,110,4,3,JumpScratch,-6
186.2069,-1.0,50,7,6,0,0
186.4138,-1.0,900,4,3,0,0
186.8276,-1.0,10,7,3,0,0
187.0345,-1.0,81,4,3,0,0
187.0345,187.4483,101,4,3,0,0
187.0345,-1.0,50,9,4,0,0
187.2414,-1.0,900,4,3,0,0
187.4483,-1.0,10,7,3,0,0
187.6552,-1.0,10,10,3,0,0
187.8621,-1.0,50,1,4,0,0
187.8621,-1.0,81,7,3,0,0
187.8621,188.2759,101,7,3,0,0
188.0690,-1.0,900,7,3,0,0
188.2759,-1.0,10,4,3,0,0
188.4828,-1.0,10,1,3,0,0
188.6897,-1.0,83,4,3,0,0
188.6897,189.0,110,4,3,JumpScratch,-6
188.6897,-1.0,83,7,3,0,0
188.6897,189.0,110,7,3,JumpScratch,6
188.8966,-1.0,900,4,3,0,0
188.8966,-1.0,900,7,3,0,0
189.0,189.3103,110,1,3,JumpScratch,6
189.0,189.3103,110,10,3,JumpScratch,-6
189.2069,-1.0,900,1,3,0,0
189.2069,-1.0,900,10,3,0,0
189.3103,189.5172,110,4,3,JumpScratch,-6
189.3103,189.5172,110,7,3,JumpScratch,6
189.5172,189.9310,110,1,3,JumpScratch,5
189.5172,189.9310,110,10,3,JumpScratch,-5
189.7241,-1.0,900,1,3,0,0
189.7241,-1.0,900,10,3,0,0
190.3448,-1.0,81,4,3,0,0
190.3448,191.5862,101,4,3,0,0
190.3448,-1.0,81,7,3,0,0
190.3448,191.5862,101,7,3,0,0
190.5517,-1.0,900,4,3,0,0
190.5517,-1.0,900,7,3,0,0
190.7586,-1.0,900,4,3,0,0
190.7586,-1.0,900,7,3,0,0
190.9655,-1.0,900,4,3,0,0
190.9655,-1.0,900,7,3,0,0
191.1724,-1.0,900,4,3,0,0
191.1724,-1.0,900,7,3,0,0
191.3793,-1.0,900,4,3,0,0
191.3793,-1.0,900,7,3,0,0
192.0,-1.0,20,9,4,0,0
192.2069,-1.0,10,1,4,0,0
192.3103,-1.0,20,7,4,0,0
192.5172,-1.0,10,3,4,0,0
192.6207,-1.0,20,9,4,0,0
192.8276,-1.0,10,1,4,0,0
192.9310,-1.0,20,7,4,0,0
193.1379,-1.0,10,3,4,0,0
193.2414,-1.0,20,9,4,0,0
193.4483,-1.0,20,1,4,0,0
193.6552,-1.0,50,3,4,0,0
193.6552,-1.0,83,9,4,0,0
193.6552,195.3103,110,9,4,0,0
193.8621,-1.0,900,9,4,0,0
194.0690,-1.0,900,9,4,0,0
194.2759,-1.0,900,9,4,0,0
194.4828,-1.0,900,9,4,0,0
194.6897,-1.0,900,9,4,0,0
194.8966,-1.0,900,9,4,0,0
195.1034,-1.0,900,9,4,0,0
196.9655,-1.0,81,4,3,0,0
196.9655,197.5862,101,4,3,0,0
196.9655,-1.0,50,9,4,0,0
197.1724,-1.0,900,4,3,0,0
197.3793,-1.0,900,4,3,0,0
197.5862,-1.0,10,7,3,0,0
197.7931,-1.0,81,1,3,0,0
197.7931,198.2069,101,1,3,0,0
197.7931,-1.0,50,7,4,0,0
198.0,-1.0,900,1,3,0,0
198.2069,-1.0,10,10,3,0,0
198.4138,-1.0,10,4,3,0,0
198.6207,-1.0,83,1,4,0,0
198.6207,199.0345,110,1,4,JumpScratch,6
198.6207,-1.0,50,9,4,0,0
198.8276,-1.0,900,1,4,0,0
199.0345,199.4483,110,3,4,JumpScratch,-6
199.0345,-1.0,50,7,4,0,0
199.2414,-1.0,900,3,4,0,0
199.4483,-1.0,50,9,4,0,0
199.8621,-1.0,10,4,3,0,0
199.9655,-1.0,10,7,3,0,0
200.0690,-1.0,10,4,3,0,0
200.2759,-1.0,50,1,4,0,0
200.2759,-1.0,81,7,3,0,0
200.2759,200.8966,101,7,3,0,0
200.4828,-1.0,900,7,3,0,0
200.6897,-1.0,900,7,3,0,0
200.8966,-1.0,10,4,3,0,0
201.1034,-1.0,50,3,4,0,0
201.1034,-1.0,81,10,3,0,0
201.1034,201.5172,101,10,3,0,0
201.3103,-1.0,900,10,3,0,0
201.5172,-1.0,10,1,3,0,0
201.7241,-1.0,10,7,3,0,0
201.9310,-1.0,50,1,4,0,0
201.9310,-1.0,83,9,4,0,0
201.9310,202.3448,110,9,4,JumpScratch,-6
202.1379,-1.0,900,9,4,0,0
202.3448,-1.0,50,3,4,0,0
202.3448,202.7586,110,7,4,JumpScratch,6
202.5517,-1.0,900,7,4,0,0
202.7586,-1.0,50,1,4,0,0
203.1724,-1.0,10,4,3,0,0
203.2759,-1.0,10,7,3,0,0
203.3793,-1.0,10,4,3,0,0
203.5862,-1.0,81,1,3,0,0
203.5862,204.2069,101,1,3,0,0
203.5862,-1.0,50,7,4,0,0
203.7931,-1.0,900,1,3,0,0
204.0,-1.0,900,1,3,0,0
204.2069,-1.0,10,10,3,0,0
204.4138,-1.0,81,4,3,0,0
204.4138,204.8276,101,4,3,0,0
204.4138,-1.0,50,9,4,0,0
204.6207,-1.0,900,4,3,0,0
204.8276,-1.0,10,7,3,0,0
205.0345,-1.0,10,4,3,0,0
205.2414,-1.0,83,1,4,0,0
205.2414,205.6552,110,1,4,JumpScratch,6
205.2414,-1.0,50,9,4,0,0
205.4483,-1.0,900,1,4,0,0
205.6552,206.0690,110,3,4,JumpScratch,-6
205.6552,-1.0,50,7,4,0,0
205.8621,-1.0,900,3,4,0,0
206.0690,-1.0,50,9,4,0,0
206.4828,-1.0,10,7,3,0,0
206.5862,-1.0,10,4,3,0,0
206.6897,-1.0,10,7,3,0,0
206.8966,-1.0,50,3,4,0,0
206.8966,-1.0,81,10,3,0,0
206.8966,207.5172,101,10,3,0,0
207.1034,-1.0,900,10,3,0,0
207.3103,-1.0,900,10,3,0,0
207.5172,-1.0,10,1,3,0,0
207.7241,-1.0,50,1,4,0,0
207.7241,-1.0,81,7,3,0,0
207.7241,208.1379,101,7,3,0,0
207.9310,-1.0,900,7,3,0,0
208.1379,-1.0,10,4,3,0,0
208.3448,-1.0,10,7,3,0,0
208.5517,-1.0,81,1,4,0,0
208.5517,210.0,101,1,4,0,0
208.5517,-1.0,20,9,4,0,0
208.7586,-1.0,900,1,4,0,0
208.8621,-1.0,50,9,4,0,0
208.9655,-1.0,900,1,4,0,0
209.1724,-1.0,900,1,4,0,0
209.3793,-1.0,900,1,4,0,0
209.3793,-1.0,20,9,4,0,0
209.5862,-1.0,900,1,4,0,0
209.6897,-1.0,50,9,4,0,0
209.7931,-1.0,900,1,4,0,0
210.0,-1.0,10,9,4,0,0
210.2069,-1.0,20,3,4,0,0
210.2069,-1.0,20,7,4,0,0
210.5172,-1.0,20,3,4,0,0
210.5172,-1.0,20,7,4,0,0
210.8276,-1.0,20,3,4,0,0
210.8276,-1.0,20,7,4,0,0
211.0345,-1.0,83,1,4,0,0
211.0345,211.4483,110,1,4,0,0
211.0345,-1.0,83,9,4,0,0
211.0345,211.4483,110,9,4,0,0
211.2414,-1.0,900,1,4,0,0
211.2414,-1.0,900,9,4,0,0