0.0,-1.0,80,9,2,0,0
0.0,0.1923,100,9,2,0,0
6.1538,16.9231,0,0,0,15,10840
0.1923,-1.0,80,4,2,0,0
0.1923,0.3846,100,4,2,0,0
94.8462,94.8462,0,0,0,11,10840
0.3846,-1.0,80,6,2,0,0
0.3846,0.5769,100,6,2,0,0
121.0,121.0,0,0,0,56,11041
0.5769,-1.0,80,8,2,0,0
0.5769,0.9615,100,8,2,0,0
0.7692,-1.0,900,8,2,0,0
0.9615,-1.0,80,4,2,0,0
0.9615,1.1538,100,4,2,0,0
1.1538,-1.0,80,6,2,0,0
1.1538,1.3462,100,6,2,0,0
1.3462,-1.0,80,8,2,0,0
1.3462,1.7308,100,8,2,0,0
1.5385,-1.0,900,8,2,0,0
1.7308,-1.0,80,4,2,0,0
1.7308,1.9231,100,4,2,0,0
1.9231,-1.0,80,6,2,0,0
1.9231,2.1154,100,6,2,0,0
2.1154,-1.0,80,8,2,0,0
2.1154,2.3077,100,8,2,0,0
2.3077,-1.0,82,5,2,0,0
2.3077,2.4038,110,5,2,JumpScratch,-4
2.4038,2.5000,110,3,2,JumpScratch,-4
2.5000,2.6923,110,1,2,JumpScratch,5
2.6923,-1.0,80,8,2,0,0
2.6923,2.8846,100,8,2,0,0
2.8846,-1.0,80,4,2,0,0
2.8846,3.0769,100,4,2,0,0
3.0769,-1.0,80,9,2,0,0
3.0769,3.2692,100,9,2,0,0
3.2692,-1.0,80,4,2,0,0
3.2692,3.4615,100,4,2,0,0
3.4615,-1.0,80,6,2,0,0
3.4615,3.6538,100,6,2,0,0
3.6538,-1.0,80,8,2,0,0
3.6538,4.0385,100,8,2,0,0
3.8462,-1.0,900,8,2,0,0
4.0385,-1.0,80,4,2,0,0
4.0385,4.2308,100,4,2,0,0
4.2308,-1.0,80,6,2,0,0
4.2308,4.4231,100,6,2,0,0
4.4231,-1.0,80,8,2,0,0
4.4231,4.8077,100,8,2,0,0
4.6154,-1.0,900,8,2,0,0
4.8077,-1.0,80,4,2,0,0
4.8077,5.0,100,4,2,0,0
5.0,-1.0,80,6,2,0,0
5.0,5.1923,100,6,2,0,0
5.1923,-1.0,80,8,2,0,0
5.1923,5.3846,100,8,2,0,0
5.3846,-1.0,82,1,3,0,0
5.3846,5.7692,110,1,3,0,0
5.3846,-1.0,10,10,3,0,0
5.5769,-1.0,900,1,3,0,0
5.7692,-1.0,10,6,2,0,0
5.7692,-1.0,10,8,2,0,0
6.1538,-1.0,80,1,3,0,0
6.1538,6.5385,100,1,3,0,0
6.1538,-1.0,10,4,2,0,0
6.1538,-1.0,83,10,3,0,0
6.1538,9.2308,110,10,3,0,0
6.3462,-1.0,900,1,3,0,0
6.3462,-1.0,900,10,3,0,0
6.5385,-1.0,10,6,2,0,0
6.5385,-1.0,900,10,3,0,0
6.5385,-1.0,40,10,3,0,0
6.7308,-1.0,10,4,2,0,0
6.7308,-1.0,900,10,3,0,0
6.9231,-1.0,80,1,3,0,0
6.9231,7.3077,100,1,3,0,0
6.9231,-1.0,900,10,3,0,0
6.9231,-1.0,40,10,3,0,0
7.1154,-1.0,900,1,3,0,0
7.1154,-1.0,900,10,3,0,0
7.3077,-1.0,10,4,2,0,0
7.3077,-1.0,900,10,3,0,0
7.3077,-1.0,40,10,3,0,0
7.5000,-1.0,10,6,2,0,0
7.5000,-1.0,900,10,3,0,0
7.6923,-1.0,10,1,3,0,0
7.6923,-1.0,900,10,3,0,0
7.6923,-1.0,40,10,3,0,0
7.8846,-1.0,10,1,3,0,0
7.8846,-1.0,900,10,3,0,0
8.0769,-1.0,10,6,2,0,0
8.0769,-1.0,900,10,3,0,0
8.0769,-1.0,40,10,3,0,0
8.2692,-1.0,10,6,2,0,0
8.2692,-1.0,900,10,3,0,0
8.4615,-1.0,80,4,2,0,0
8.4615,8.8462,100,4,2,0,0
8.4615,-1.0,900,10,3,0,0
8.4615,-1.0,40,10,3,0,0
8.6538,-1.0,900,4,2,0,0
8.6538,-1.0,900,10,3,0,0
8.8462,-1.0,900,10,3,0,0
8.8462,-1.0,40,10,3,0,0
9.0385,-1.0,10,6,2,0,0
9.0385,-1.0,900,10,3,0,0
9.2308,-1.0,82,1,3,0,0
9.2308,12.3077,110,1,3,0,0
9.2308,-1.0,80,4,2,0,0
9.2308,9.6154,100,4,2,0,0
9.4231,-1.0,900,1,3,0,0
9.4231,-1.0,900,4,2,0,0
9.6154,-1.0,900,1,3,0,0
9.6154,-1.0,40,1,3,0,0
9.6154,-1.0,10,10,3,0,0
9.8077,-1.0,900,1,3,0,0
9.8077,-1.0,10,8,2,0,0
10.0,-1.0,900,1,3,0,0
10.0,-1.0,40,1,3,0,0
10.0,-1.0,80,6,2,0,0
10.0,10.3846,100,6,2,0,0
10.1923,-1.0,900,1,3,0,0
10.1923,-1.0,900,6,2,0,0
10.3846,-1.0,900,1,3,0,0
10.3846,-1.0,40,1,3,0,0
10.3846,-1.0,10,4,2,0,0
10.5769,-1.0,900,1,3,0,0
10.5769,-1.0,10,6,2,0,0
10.7692,-1.0,900,1,3,0,0
10.7692,-1.0,40,1,3,0,0
10.7692,-1.0,10,8,2,0,0
10.9615,-1.0,900,1,3,0,0
10.9615,-1.0,10,6,2,0,0
11.1538,-1.0,900,1,3,0,0
11.1538,-1.0,40,1,3,0,0
11.1538,-1.0,10,4,2,0,0
11.3462,-1.0,900,1,3,0,0
11.3462,-1.0,10,8,2,0,0
11.5385,-1.0,900,1,3,0,0
11.5385,-1.0,40,1,3,0,0
11.5385,-1.0,80,10,3,0,0
11.5385,11.9231,100,10,3,0,0
11.7308,-1.0,900,1,3,0,0
11.7308,-1.0,900,10,3,0,0
11.9231,-1.0,900,1,3,0,0
11.9231,-1.0,40,1,3,0,0
12.1154,-1.0,900,1,3,0,0
12.1154,-1.0,10,6,2,0,0
12.3077,-1.0,10,8,2,0,0
12.3077,-1.0,82,10,3,0,0
12.3077,13.8462,110,10,3,0,0
12.5000,-1.0,10,4,2,0,0
12.5000,-1.0,900,10,3,0,0
12.6923,-1.0,10,1,3,0,0
12.6923,-1.0,900,10,3,0,0
12.6923,-1.0,40,10,3,0,0
12.8846,-1.0,10,6,2,0,0
12.8846,-1.0,900,10,3,0,0
13.0769,-1.0,80,4,2,0,0
13.0769,13.4615,100,4,2,0,0
13.0769,-1.0,900,10,3,0,0
13.0769,-1.0,40,10,3,0,0
13.2692,-1.0,900,4,2,0,0
13.2692,-1.0,900,10,3,0,0
13.4615,-1.0,900,10,3,0,0
13.4615,-1.0,40,10,3,0,0
13.6538,-1.0,10,6,2,0,0
13.6538,-1.0,900,10,3,0,0
13.8462,-1.0,82,1,3,0,0
13.8462,15.3846,110,1,3,0,0
13.8462,-1.0,10,4,2,0,0
14.0385,-1.0,900,1,3,0,0
14.0385,-1.0,10,6,2,0,0
14.2308,-1.0,900,1,3,0,0
14.2308,-1.0,40,1,3,0,0
14.2308,-1.0,10,10,3,0,0
14.4231,-1.0,900,1,3,0,0
14.4231,-1.0,10,8,2,0,0
14.6154,-1.0,900,1,3,0,0
14.6154,-1.0,40,1,3,0,0
14.6154,-1.0,80,6,2,0,0
14.6154,15.0,100,6,2,0,0
14.8077,-1.0,900,1,3,0,0
14.8077,-1.0,900,6,2,0,0
15.0,-1.0,900,1,3,0,0
15.0,-1.0,40,1,3,0,0
15.0,-1.0,10,8,2,0,0
15.1923,-1.0,900,1,3,0,0
15.1923,-1.0,10,4,2,0,0
15.3846,-1.0,10,8,2,0,0
15.3846,-1.0,82,10,3,0,0
15.3846,16.1538,110,10,3,0,0
15.5769,-1.0,900,10,3,0,0
15.7692,-1.0,10,1,3,0,0
15.7692,-1.0,900,10,3,0,0
15.7692,-1.0,40,10,3,0,0
15.9615,-1.0,10,4,2,0,0
15.9615,-1.0,900,10,3,0,0
16.1538,-1.0,80,1,3,0,0
16.1538,16.5385,100,1,3,0,0
16.1538,-1.0,80,6,2,0,0
16.1538,16.5385,100,6,2,0,0
16.1538,16.5385,100,10,3,0,0
16.3462,-1.0,900,1,3,0,0
16.3462,-1.0,900,6,2,0,0
16.3462,-1.0,900,10,3,0,0
16.5385,16.9231,110,1,3,0,0
16.5385,16.9231,110,6,2,0,0
16.5385,16.9231,110,10,3,0,0
16.7308,-1.0,900,1,3,0,0
16.7308,-1.0,900,6,2,0,0
16.7308,-1.0,900,10,3,0,0
18.4615,-1.0,20,1,3,0,0
18.4615,-1.0,20,10,3,0,0
18.6538,-1.0,10,8,2,0,0
18.7500,-1.0,10,6,2,0,0
18.8462,-1.0,10,4,2,0,0
19.0385,-1.0,20,1,3,0,0
19.0385,-1.0,20,10,3,0,0
19.2308,-1.0,10,4,2,0,0
19.3269,-1.0,10,6,2,0,0
19.4231,-1.0,10,8,2,0,0
19.5192,-1.0,10,6,2,0,0
19.6154,-1.0,20,1,3,0,0
19.6154,-1.0,20,10,3,0,0
19.8077,-1.0,10,4,3,0,0
19.9038,-1.0,10,7,3,0,0
20.0,-1.0,20,1,3,0,0
20.0,-1.0,10,4,3,0,0
20.0,-1.0,10,10,3,0,0
20.1923,-1.0,20,1,3,0,0
20.1923,-1.0,10,4,3,0,0
20.3846,-1.0,10,1,3,0,0
20.3846,-1.0,10,7,3,0,0
20.3846,-1.0,20,10,3,0,0
20.5769,-1.0,82,7,3,0,0
20.5769,20.7692,110,7,3,JumpScratch,-5
20.5769,-1.0,20,10,3,0,0
20.7692,-1.0,50,1,3,0,0
20.7692,20.7933,110,5,3,JumpScratch,-5
20.7933,20.8173,110,3,3,JumpScratch,-4
20.8173,20.9615,110,2,3,JumpScratch,4
20.9615,21.0096,110,3,3,JumpScratch,4
21.0096,21.0577,110,4,3,JumpScratch,5
21.0577,21.1058,110,6,3,JumpScratch,5
21.1058,21.1538,110,8,3,JumpScratch,5
21.1538,-1.0,50,1,5,0,0
21.5385,-1.0,50,1,3,0,0
21.5385,-1.0,50,4,3,0,0
21.5385,-1.0,80,10,3,0,0
21.5385,21.9231,100,10,3,0,0
21.7308,-1.0,900,10,3,0,0
21.8269,-1.0,10,7,3,0,0
21.9231,-1.0,80,1,3,0,0
21.9231,22.3077,100,1,3,0,0
21.9231,-1.0,10,4,3,0,0
22.1154,-1.0,900,1,3,0,0
22.1154,-1.0,10,7,2,0,0
22.1154,-1.0,10,10,2,0,0
22.3077,-1.0,80,4,3,0,0
22.3077,22.6923,100,4,3,0,0
22.3077,-1.0,50,7,3,0,0
22.3077,-1.0,50,10,3,0,0
22.5000,-1.0,900,4,3,0,0
22.5962,-1.0,10,1,3,0,0
22.6923,-1.0,80,7,3,0,0
22.6923,23.0769,100,7,3,0,0
22.6923,-1.0,10,10,3,0,0
22.8846,-1.0,10,2,2,0,0
22.8846,-1.0,10,5,2,0,0
22.8846,-1.0,900,7,3,0,0
23.0769,-1.0,50,1,3,0,0
23.0769,-1.0,50,4,3,0,0
23.0769,-1.0,80,10,3,0,0
23.0769,23.4615,100,10,3,0,0
23.2692,-1.0,900,10,3,0,0
23.3654,-1.0,10,7,3,0,0
23.4615,-1.0,80,1,3,0,0
23.4615,23.8462,100,1,3,0,0
23.4615,-1.0,10,4,3,0,0
23.6538,-1.0,900,1,3,0,0
23.6538,-1.0,10,7,2,0,0
23.6538,-1.0,10,10,2,0,0
23.8462,-1.0,10,4,3,0,0
23.8462,-1.0,81,10,3,0,0
23.8462,24.0385,101,10,3,0,0
24.0385,-1.0,10,1,3,0,0
24.0385,-1.0,81,7,3,0,0
24.0385,24.2308,101,7,3,0,0
24.2308,-1.0,81,4,3,0,0
24.2308,24.4231,101,4,3,0,0
24.2308,-1.0,10,10,3,0,0
24.4231,-1.0,83,1,3,0,0
24.4231,24.6154,110,1,3,0,0
24.4231,-1.0,10,7,3,0,0
24.6154,-1.0,50,4,3,0,0
24.6154,-1.0,80,10,3,0,0
24.6154,25.0,100,10,3,0,0
24.8077,-1.0,900,10,3,0,0
24.9038,-1.0,10,7,3,0,0
25.0,-1.0,80,1,3,0,0
25.0,25.3846,100,1,3,0,0
25.0,-1.0,10,4,3,0,0
25.1923,-1.0,900,1,3,0,0
25.1923,-1.0,10,7,2,0,0
25.1923,-1.0,10,10,2,0,0
25.3846,-1.0,80,4,3,0,0
25.3846,25.7692,100,4,3,0,0
25.3846,-1.0,50,7,3,0,0
25.3846,-1.0,50,10,3,0,0
25.5769,-1.0,900,4,3,0,0
25.6731,-1.0,10,1,3,0,0
25.7692,-1.0,80,7,3,0,0
25.7692,26.1538,100,7,3,0,0
25.7692,-1.0,10,10,3,0,0
25.9615,-1.0,10,2,2,0,0
25.9615,-1.0,10,5,2,0,0
25.9615,-1.0,900,7,3,0,0
26.1538,-1.0,50,1,3,0,0
26.1538,-1.0,50,4,3,0,0
26.1538,-1.0,80,10,3,0,0
26.1538,26.5385,100,10,3,0,0
26.3462,-1.0,900,10,3,0,0
26.4423,-1.0,10,7,3,0,0
26.5385,-1.0,80,1,3,0,0
26.5385,26.9231,100,1,3,0,0
26.5385,-1.0,10,4,3,0,0
26.7308,-1.0,900,1,3,0,0
26.7308,-1.0,10,7,2,0,0
26.7308,-1.0,10,10,2,0,0
26.9231,-1.0,10,4,3,0,0
26.9231,-1.0,81,10,3,0,0
26.9231,27.1154,101,10,3,0,0
27.1154,-1.0,10,1,3,0,0
27.1154,-1.0,81,7,3,0,0
27.1154,27.3077,101,7,3,0,0
27.3077,-1.0,81,4,3,0,0
27.3077,27.5000,101,4,3,0,0
27.3077,-1.0,10,10,3,0,0
27.5000,-1.0,83,1,3,0,0
27.5000,27.6923,110,1,3,0,0
27.5000,-1.0,10,7,3,0,0
27.6923,-1.0,50,4,3,0,0
27.6923,-1.0,80,7,3,0,0
27.6923,28.0769,100,7,3,0,0
27.8846,-1.0,900,7,3,0,0
27.9808,-1.0,10,4,3,0,0
28.0769,-1.0,10,1,3,0,0
28.0769,-1.0,80,10,3,0,0
28.0769,28.4615,100,10,3,0,0
28.2692,-1.0,10,3,2,0,0
28.2692,-1.0,10,6,2,0,0
28.2692,-1.0,900,10,3,0,0
28.4615,-1.0,50,1,3,0,0
28.4615,-1.0,50,4,3,0,0
28.4615,-1.0,80,7,3,0,0
28.4615,28.7500,100,7,3,0,0
28.6538,-1.0,900,7,3,0,0
28.7500,-1.0,80,4,3,0,0
28.7500,29.0385,100,4,3,0,0
28.8462,-1.0,10,10,3,0,0
28.9423,-1.0,900,4,3,0,0
29.0385,-1.0,80,1,3,0,0
29.0385,29.2308,100,1,3,0,0
29.0385,-1.0,10,7,2,0,0
29.0385,-1.0,10,10,2,0,0
29.2308,-1.0,80,4,3,0,0
29.2308,29.4231,100,4,3,0,0
29.2308,-1.0,83,10,3,0,0
29.2308,30.3846,110,10,3,JumpScratch,-6
29.4231,-1.0,80,1,3,0,0
29.4231,29.6154,100,1,3,0,0
29.4231,-1.0,83,7,3,0,0
29.4231,30.1923,110,7,3,JumpScratch,6
29.4231,-1.0,900,10,3,0,0
29.6154,-1.0,83,4,3,0,0
29.6154,30.1923,110,4,3,JumpScratch,-6
29.6154,-1.0,900,7,3,0,0
29.6154,-1.0,900,10,3,0,0
29.8077,-1.0,83,1,3,0,0
29.8077,30.3846,110,1,3,JumpScratch,6
29.8077,-1.0,900,4,3,0,0
29.8077,-1.0,900,7,3,0,0
29.8077,-1.0,900,10,3,0,0
30.0,-1.0,900,1,3,0,0
30.0,-1.0,900,4,3,0,0
30.0,-1.0,900,7,3,0,0
30.0,-1.0,900,10,3,0,0
30.7692,-1.0,20,1,3,0,0
30.7692,-1.0,50,5,4,0,0
30.7692,-1.0,20,10,3,0,0
31.1538,-1.0,10,1,3,0,0
31.1538,-1.0,10,10,3,0,0
31.2500,-1.0,10,4,2,0,0
31.3462,-1.0,10,6,3,0,0
31.5385,-1.0,50,1,4,0,0
31.5385,-1.0,82,7,3,0,0
31.5385,31.8269,110,7,3,JumpScratch,6
31.5385,-1.0,20,10,3,0,0
31.7308,-1.0,900,7,3,0,0
31.8269,-1.0,20,1,3,0,0
31.8269,-1.0,82,4,3,0,0
31.8269,32.1154,110,4,3,JumpScratch,-6
32.0192,-1.0,900,4,3,0,0
32.1154,-1.0,10,7,3,0,0
32.1154,-1.0,20,10,3,0,0
32.3077,-1.0,82,4,2,0,0
32.3077,33.4615,110,4,2,0,0
32.3077,-1.0,82,8,2,0,0
32.3077,33.4615,110,8,2,0,0
32.5000,-1.0,900,4,2,0,0
32.5000,-1.0,900,8,2,0,0
32.6923,-1.0,900,4,2,0,0
32.6923,-1.0,900,8,2,0,0
32.8846,-1.0,900,4,2,0,0
32.8846,-1.0,900,8,2,0,0
33.0769,-1.0,82,1,2,0,0
33.0769,33.4615,110,1,2,0,0
33.0769,-1.0,900,4,2,0,0
33.0769,-1.0,900,8,2,0,0
33.0769,-1.0,82,11,2,0,0
33.0769,33.4615,110,11,2,0,0
33.2692,-1.0,900,1,2,0,0
33.2692,-1.0,900,4,2,0,0
33.2692,-1.0,900,8,2,0,0
33.2692,-1.0,900,11,2,0,0
33.6538,-1.0,10,5,2,0,0
33.8462,-1.0,10,1,3,0,0
33.8462,-1.0,80,8,2,0,0
33.8462,34.0385,100,8,2,0,0
34.0385,-1.0,10,11,2,0,0
34.2308,-1.0,10,1,3,0,0
34.2308,-1.0,80,7,2,0,0
34.2308,34.4231,100,7,2,0,0
34.4231,-1.0,10,10,2,0,0
34.6154,-1.0,10,1,3,0,0
34.6154,-1.0,80,6,2,0,0
34.6154,36.5385,100,6,2,0,0
34.8077,-1.0,900,6,2,0,0
35.0,-1.0,10,1,3,0,0
35.0,-1.0,900,6,2,0,0
35.1923,-1.0,10,4,3,0,0
35.3846,-1.0,10,7,3,0,0
35.5769,-1.0,900,6,2,0,0
35.5769,-1.0,10,10,3,0,0
35.7692,-1.0,10,7,3,0,0
35.9615,-1.0,10,4,3,0,0
36.1538,-1.0,82,1,3,0,0
36.1538,36.5385,110,1,3,0,0
36.1538,-1.0,900,6,2,0,0
36.1538,-1.0,80,10,3,0,0
36.1538,36.5385,100,10,3,0,0
36.3462,-1.0,900,1,3,0,0
36.3462,-1.0,900,6,2,0,0
36.3462,-1.0,900,10,3,0,0
36.7308,-1.0,82,7,2,0,0
36.7308,36.9231,110,7,2,JumpScratch,3
36.7308,-1.0,82,10,2,0,0
36.7308,36.9231,110,10,2,JumpScratch,3
36.9231,-1.0,10,4,3,0,0
37.1154,-1.0,82,2,2,0,0
37.1154,37.3077,110,2,2,JumpScratch,-3
37.1154,-1.0,82,5,2,0,0
37.1154,37.3077,110,5,2,JumpScratch,-3
37.3077,-1.0,10,7,3,0,0
37.5000,-1.0,82,7,2,0,0
37.5000,37.6923,110,7,2,JumpScratch,3
37.5000,-1.0,82,10,2,0,0
37.5000,37.6923,110,10,2,JumpScratch,3
37.6923,-1.0,80,4,3,0,0
37.6923,38.0769,100,4,3,0,0
37.8846,-1.0,900,4,3,0,0
38.0769,-1.0,10,1,3,0,0
38.0769,-1.0,10,8,3,0,0
38.2692,-1.0,10,9,3,0,0
38.4615,-1.0,82,1,3,0,0
38.4615,38.6538,110,1,3,JumpScratch,9
38.4615,-1.0,82,4,3,0,0
38.4615,39.6154,110,4,3,0,0
38.4615,-1.0,10,10,3,0,0
38.6538,38.8462,110,7,3,JumpScratch,-9
38.6538,-1.0,10,10,3,0,0
38.8462,39.0385,110,1,3,JumpScratch,9
38.8462,-1.0,10,10,3,0,0
39.0385,39.2308,110,7,3,JumpScratch,-9
39.0385,-1.0,10,10,3,0,0
39.2308,39.6154,110,1,3,0,0
39.2308,-1.0,80,10,3,0,0
39.2308,39.6154,100,10,3,0,0
39.4231,-1.0,900,1,3,0,0
39.4231,-1.0,900,4,3,0,0
39.4231,-1.0,900,10,3,0,0
39.8077,-1.0,10,8,3,0,0
40.0,-1.0,20,1,3,0,0
40.0,-1.0,10,7,2,0,0
40.0,-1.0,10,10,3,0,0
40.1923,-1.0,10,6,3,0,0
40.3846,-1.0,10,1,3,0,0
40.3846,-1.0,10,5,2,0,0
40.3846,-1.0,20,10,3,0,0
40.5769,-1.0,10,5,3,0,0
40.7692,-1.0,81,1,3,0,0
40.7692,41.1538,101,1,3,0,0
40.7692,-1.0,10,7,3,0,0
40.7692,-1.0,80,10,3,0,0
40.7692,41.1538,100,10,3,0,0
40.9615,-1.0,900,1,3,0,0
40.9615,-1.0,900,10,3,0,0
41.1538,-1.0,10,4,3,0,0
41.3462,-1.0,10,7,3,0,0
41.5385,-1.0,10,1,3,0,0
41.5385,-1.0,10,4,2,0,0
41.5385,-1.0,50,7,3,0,0
41.7308,-1.0,10,4,3,0,0
41.9231,-1.0,50,4,3,0,0
41.9231,-1.0,10,8,2,0,0
41.9231,-1.0,10,10,3,0,0
42.1154,-1.0,10,7,3,0,0
42.3077,-1.0,82,4,3,0,0
42.3077,42.6923,110,4,3,JumpScratch,-6
42.3077,-1.0,82,7,3,0,0
42.3077,42.6923,110,7,3,JumpScratch,6
42.5000,-1.0,900,4,3,0,0
42.5000,-1.0,900,7,3,0,0
42.6923,43.0769,110,10,3,JumpScratch,-5
42.8846,-1.0,900,10,3,0,0
43.0769,-1.0,83,3,3,0,0
43.0769,43.1250,110,3,3,JumpScratch,-4
43.0769,43.1250,110,8,3,JumpScratch,-5
43.1250,43.1731,110,2,2,JumpScratch,-3
43.1250,43.1731,110,6,3,JumpScratch,-4
43.1731,43.4615,110,5,3,JumpScratch,5
43.3654,-1.0,900,5,3,0,0
43.4615,-1.0,82,1,3,0,0
43.4615,43.8462,110,1,3,JumpScratch,5
43.6538,-1.0,900,1,3,0,0
43.6538,-1.0,10,6,3,0,0
43.8462,43.8942,110,3,3,JumpScratch,5
43.8462,-1.0,83,8,3,0,0
43.8462,43.8942,110,8,3,JumpScratch,4
43.8942,43.9423,110,5,3,JumpScratch,4
43.8942,43.9423,110,10,2,JumpScratch,3
43.9423,44.2308,110,6,3,JumpScratch,-5
44.1346,-1.0,900,6,3,0,0
44.2308,-1.0,82,10,3,0,0
44.2308,44.6154,110,10,3,JumpScratch,-5
44.4231,-1.0,10,5,3,0,0
44.4231,-1.0,900,10,3,0,0
44.6154,-1.0,83,3,3,0,0
44.6154,44.6635,110,3,3,JumpScratch,-4
44.6154,44.6635,110,8,3,JumpScratch,-5
44.6635,44.7115,110,2,2,JumpScratch,-3
44.6635,44.7115,110,6,3,JumpScratch,-4
44.7115,45.3846,110,1,3,JumpScratch,6
44.7115,45.0,110,5,3,JumpScratch,5
44.9038,-1.0,900,1,3,0,0
44.9038,-1.0,900,5,3,0,0
45.0,45.0481,110,7,3,JumpScratch,5
45.0481,45.0962,110,9,3,JumpScratch,4
45.0962,-1.0,900,1,3,0,0
45.0962,45.3846,110,10,3,JumpScratch,-6
45.2885,-1.0,900,1,3,0,0
45.2885,-1.0,900,10,3,0,0
45.3846,45.7692,110,4,3,0,0
45.3846,45.7692,110,7,3,0,0
45.5769,-1.0,900,4,3,0,0
45.5769,-1.0,40,4,3,0,0
45.5769,-1.0,900,7,3,0,0
45.5769,-1.0,40,7,3,0,0
46.1538,-1.0,80,4,2,0,0
46.1538,46.3462,100,4,2,0,0
46.1538,-1.0,10,10,3,0,0
46.3462,-1.0,10,1,2,0,0
46.5385,-1.0,80,5,2,0,0
46.5385,46.7308,100,5,2,0,0
46.5385,-1.0,10,10,3,0,0
46.7308,-1.0,10,2,2,0,0
46.9231,-1.0,80,6,2,0,0
46.9231,47.6923,100,6,2,JumpScratch,3
46.9231,-1.0,10,10,3,0,0
47.1154,-1.0,900,6,2,0,0
47.3077,-1.0,900,6,2,0,0
47.3077,-1.0,10,10,3,0,0
47.5000,-1.0,10,3,3,0,0
47.5000,-1.0,900,6,2,0,0
47.6923,47.7163,100,7,2,JumpScratch,-4
47.6923,-1.0,10,10,3,0,0
47.7163,47.7404,100,5,2,JumpScratch,3
47.7404,48.0769,100,6,2,JumpScratch,-3
47.8846,-1.0,10,2,3,0,0
47.9808,-1.0,900,6,2,0,0
48.0769,48.1010,100,5,2,JumpScratch,4
48.0769,-1.0,10,10,3,0,0
48.1010,48.1250,100,7,2,JumpScratch,-3
48.1250,48.8462,100,6,2,0,0
48.2692,-1.0,10,1,3,0,0
48.3654,-1.0,900,6,2,0,0
48.4615,-1.0,80,1,3,0,0
48.4615,48.8462,100,1,3,0,0
48.4615,-1.0,82,10,3,0,0
48.4615,48.8462,110,10,3,0,0
48.5577,-1.0,900,6,2,0,0
48.6538,-1.0,900,1,3,0,0
48.6538,-1.0,900,10,3,0,0
48.7500,-1.0,900,6,2,0,0
49.0385,-1.0,10,6,2,0,0
49.2308,-1.0,80,5,2,0,0
49.2308,49.4231,100,5,2,0,0
49.2308,-1.0,10,8,2,0,0
49.2308,-1.0,10,11,2,0,0
49.4231,-1.0,10,8,2,0,0
49.6154,-1.0,10,1,2,0,0
49.6154,-1.0,10,4,2,0,0
49.6154,-1.0,80,7,2,0,0
49.6154,49.8077,100,7,2,0,0
49.8077,-1.0,10,4,2,0,0
50.0,-1.0,80,1,2,0,0
50.0,50.3846,100,1,2,0,0
50.0,-1.0,10,8,2,0,0
50.0,-1.0,10,11,2,0,0
50.1923,-1.0,900,1,2,0,0
50.3846,-1.0,10,5,2,0,0
50.3846,-1.0,10,7,2,0,0
50.5769,-1.0,10,4,3,0,0
50.5769,-1.0,10,7,3,0,0
50.7692,-1.0,82,10,3,0,0
50.7692,51.5385,110,10,3,JumpScratch,-6
50.9615,-1.0,10,7,6,0,0
50.9615,51.9231,110,7,3,JumpScratch,6
51.1538,-1.0,10,4,9,0,0
51.1538,51.9231,110,4,3,JumpScratch,-6
51.3461,-1.0,10,1,12,0,0
51.3462,51.5385,110,1,3,JumpScratch,6
51.7308,-1.0,900,4,3,0,0
51.7308,-1.0,900,7,3,0,0
52.1154,-1.0,82,5,2,0,0
52.1154,52.3077,110,5,2,JumpScratch,-3
52.3077,-1.0,80,8,2,0,0
52.3077,52.5000,100,8,2,0,0
52.3077,-1.0,80,11,2,0,0
52.3077,52.5000,100,11,2,0,0
52.5000,-1.0,82,1,2,0,0
52.5000,52.6923,110,1,2,JumpScratch,3
52.6923,-1.0,80,6,2,0,0
52.6923,52.8846,100,6,2,0,0
52.6923,-1.0,80,9,2,0,0
52.6923,52.8846,100,9,2,0,0
52.8846,-1.0,82,4,2,0,0
52.8846,53.0769,110,4,2,JumpScratch,-3
53.0769,-1.0,80,7,2,0,0
53.0769,53.4615,100,7,2,0,0
53.0769,-1.0,80,10,2,0,0
53.0769,53.4615,100,10,2,0,0
53.2692,-1.0,900,7,2,0,0
53.2692,-1.0,900,10,2,0,0
53.4615,-1.0,10,1,3,0,0
53.6538,-1.0,10,4,3,0,0
53.8462,-1.0,80,1,2,0,0
53.8462,54.0385,100,1,2,0,0
53.8462,-1.0,80,10,3,0,0
53.8462,54.0385,100,10,3,0,0
54.0385,-1.0,80,4,3,0,0
54.0385,54.2308,100,4,3,0,0
54.2308,-1.0,80,1,2,0,0
54.2308,54.4231,100,1,2,0,0
54.2308,-1.0,80,7,3,0,0
54.2308,54.4231,100,7,3,0,0
54.4231,-1.0,80,11,2,0,0
54.4231,54.6154,100,11,2,0,0
54.6154,-1.0,82,4,3,0,0
54.6154,55.0,110,4,3,JumpScratch,-6
54.6154,-1.0,82,7,3,0,0
54.6154,55.0,110,7,3,JumpScratch,6
54.8077,-1.0,900,4,3,0,0
54.8077,-1.0,900,7,3,0,0
55.0,55.4327,110,1,3,JumpScratch,5
55.1923,-1.0,900,1,3,0,0
55.3846,-1.0,80,7,3,0,0
55.3846,55.9615,100,7,3,0,0
55.3846,-1.0,10,11,2,0,0
55.4327,55.4808,110,3,3,JumpScratch,5
55.4808,55.5288,110,5,3,JumpScratch,5
55.5769,-1.0,900,7,3,0,0
55.7692,-1.0,10,4,2,0,0
55.7692,-1.0,900,7,3,0,0
55.7692,-1.0,10,11,2,0,0
55.9615,-1.0,80,4,3,0,0
55.9615,56.7308,100,4,3,0,0
56.1538,-1.0,10,1,2,0,0
56.1538,-1.0,900,4,3,0,0
56.1538,-1.0,82,10,3,0,0
56.1538,56.2019,110,10,3,JumpScratch,-5
56.2019,56.2500,110,8,3,JumpScratch,-5
56.2500,56.2981,110,6,3,JumpScratch,-5
56.3462,-1.0,900,4,3,0,0
56.5385,-1.0,10,1,2,0,0
56.5385,-1.0,900,4,3,0,0
56.5385,-1.0,10,11,2,0,0
56.7308,-1.0,80,7,3,0,0
56.7308,57.5000,100,7,3,0,0
56.9231,-1.0,82,1,3,0,0
56.9231,56.9712,110,1,3,JumpScratch,5
56.9231,-1.0,900,7,3,0,0
56.9231,-1.0,10,11,2,0,0
56.9712,57.0192,110,3,3,JumpScratch,5
57.0192,57.0673,110,5,3,JumpScratch,5
57.1154,-1.0,900,7,3,0,0
57.3077,-1.0,10,1,2,0,0
57.3077,-1.0,900,7,3,0,0
57.3077,-1.0,10,11,2,0,0
57.5000,-1.0,10,4,3,0,0
57.6923,-1.0,80,1,3,0,0
57.6923,58.0769,100,1,3,0,0
57.6923,-1.0,80,10,3,0,0
57.6923,58.0769,100,10,3,0,0
57.8846,-1.0,900,1,3,0,0
57.8846,-1.0,20,4,3,0,0
57.8846,-1.0,20,7,3,0,0
57.8846,-1.0,900,10,3,0,0
58.0769,-1.0,20,4,3,0,0
58.0769,-1.0,20,7,3,0,0
58.2692,-1.0,10,1,3,0,0
58.4615,-1.0,82,4,3,0,0
58.4615,58.8462,110,4,3,JumpScratch,-6
58.4615,-1.0,50,7,3,0,0
58.4615,-1.0,50,10,3,0,0
58.6538,-1.0,900,4,3,0,0
58.7500,-1.0,82,8,2,0,0
58.7500,58.8462,110,8,2,JumpScratch,-3
58.7500,-1.0,82,11,2,0,0
58.7500,58.8462,110,11,2,JumpScratch,-3
58.8462,59.2308,110,1,3,0,0
59.0385,-1.0,900,1,3,0,0
59.0385,-1.0,10,5,2,0,0
59.0385,-1.0,10,8,2,0,0
59.2308,-1.0,80,5,2,0,0
59.2308,59.6154,100,5,2,0,0
59.2308,-1.0,80,8,2,0,0
59.2308,59.6154,100,8,2,0,0
59.4231,-1.0,900,5,2,0,0
59.4231,-1.0,900,8,2,0,0
59.6154,-1.0,10,1,3,0,0
59.8077,-1.0,82,5,2,0,0
59.8077,60.0,110,5,2,JumpScratch,4
59.8077,-1.0,10,8,2,0,0
60.0,-1.0,50,1,3,0,0
60.1923,-1.0,10,6,2,0,0
60.1923,-1.0,82,9,2,0,0
60.1923,60.3846,110,9,2,JumpScratch,4
60.3846,-1.0,50,1,4,0,0
60.5769,-1.0,82,7,2,0,0
60.5769,60.7692,110,7,2,JumpScratch,4
60.5769,-1.0,10,10,2,0,0
60.7692,-1.0,50,1,5,0,0
61.1538,-1.0,10,1,3,0,0
61.1538,-1.0,10,7,2,0,0
61.1538,-1.0,10,10,3,0,0
61.3462,-1.0,10,4,3,0,0
61.5385,-1.0,50,1,3,0,0
61.5385,-1.0,50,4,3,0,0
61.5385,-1.0,82,7,3,0,0
61.5385,61.9231,110,7,3,JumpScratch,6
61.7308,-1.0,900,7,3,0,0
61.8269,-1.0,82,1,2,0,0
61.8269,61.9231,110,1,2,JumpScratch,3
61.8269,-1.0,82,4,2,0,0
61.8269,61.9231,110,4,2,JumpScratch,3
61.9231,62.3077,110,10,3,0,0
62.1154,-1.0,10,4,2,0,0
62.1154,-1.0,10,7,2,0,0
62.1154,-1.0,900,10,3,0,0
62.3077,-1.0,80,4,2,0,0
62.3077,62.6923,100,4,2,0,0
62.3077,-1.0,80,7,2,0,0
62.3077,62.6923,100,7,2,0,0
62.5000,-1.0,900,4,2,0,0
62.5000,-1.0,900,7,2,0,0
62.6923,-1.0,10,10,3,0,0
62.8846,-1.0,10,4,2,0,0
62.8846,-1.0,82,7,2,0,0
62.8846,63.0769,110,7,2,JumpScratch,-4
63.0769,-1.0,50,10,3,0,0
63.2692,-1.0,82,3,2,0,0
63.2692,63.4615,110,3,2,JumpScratch,-4
63.2692,-1.0,10,6,2,0,0
63.4615,-1.0,50,9,4,0,0
63.6538,-1.0,10,2,2,0,0
63.6538,-1.0,82,5,2,0,0
63.6538,63.8462,110,5,2,JumpScratch,-4
63.8462,-1.0,50,8,5,0,0
64.2308,-1.0,10,1,3,0,0
64.2308,-1.0,10,5,2,0,0
64.2308,-1.0,10,10,3,0,0
64.4231,-1.0,10,7,3,0,0
64.6154,-1.0,82,4,3,0,0
64.6154,65.0,110,4,3,JumpScratch,-6
64.6154,-1.0,50,7,3,0,0
64.6154,-1.0,50,10,3,0,0
64.8077,-1.0,900,4,3,0,0
64.9038,-1.0,82,8,2,0,0
64.9038,65.0,110,8,2,JumpScratch,-3
64.9038,-1.0,82,11,2,0,0
64.9038,65.0,110,11,2,JumpScratch,-3
65.0,65.3846,110,1,3,0,0
65.1923,-1.0,900,1,3,0,0
65.1923,-1.0,10,5,2,0,0
65.1923,-1.0,10,8,2,0,0
65.3846,-1.0,80,5,2,0,0
65.3846,65.7692,100,5,2,0,0
65.3846,-1.0,80,8,2,0,0
65.3846,65.7692,100,8,2,0,0
65.5769,-1.0,900,5,2,0,0
65.5769,-1.0,900,8,2,0,0
65.7692,-1.0,10,1,3,0,0
65.9615,-1.0,82,5,2,0,0
65.9615,66.1538,110,5,2,JumpScratch,4
65.9615,-1.0,10,8,2,0,0
66.1538,-1.0,50,1,3,0,0
66.3462,-1.0,10,6,2,0,0
66.3462,-1.0,82,9,2,0,0
66.3462,66.5385,110,9,2,JumpScratch,-4
66.5385,-1.0,50,1,4,0,0
66.7308,-1.0,82,7,2,0,0
66.7308,66.9231,110,7,2,JumpScratch,4
66.7308,-1.0,10,10,2,0,0
66.9231,-1.0,50,1,5,0,0
67.3077,-1.0,10,1,3,0,0
67.3077,-1.0,10,4,4,0,0
67.5000,-1.0,10,6,4,0,0
67.5000,-1.0,10,10,3,0,0
67.6923,-1.0,83,1,3,0,0
67.6923,69.2308,110,1,3,JumpScratch,4
67.6923,-1.0,20,10,3,0,0
67.8846,-1.0,900,1,3,0,0
68.0769,-1.0,900,1,3,0,0
68.0769,-1.0,31,1,3,0,0
68.0769,-1.0,83,4,3,0,0
68.0769,69.3269,110,4,3,JumpScratch,3
68.0769,-1.0,10,7,3,0,0
68.2692,-1.0,900,1,3,0,0
68.2692,-1.0,31,1,3,0,0
68.2692,-1.0,900,4,3,0,0
68.2692,-1.0,10,7,3,0,0
68.4615,-1.0,900,1,3,0,0
68.4615,-1.0,900,4,3,0,0
68.4615,-1.0,31,4,3,0,0
68.4615,-1.0,83,7,3,0,0
68.4615,69.3269,110,7,3,JumpScratch,-3
68.4615,-1.0,10,10,3,0,0
68.6538,-1.0,900,1,3,0,0
68.6538,-1.0,900,4,3,0,0
68.6538,-1.0,31,4,3,0,0
68.6538,-1.0,900,7,3,0,0
68.6538,-1.0,10,10,3,0,0
68.8462,-1.0,900,1,3,0,0
68.8462,-1.0,31,1,3,0,0
68.8462,-1.0,900,4,3,0,0
68.8462,-1.0,900,7,3,0,0
68.8462,-1.0,31,7,3,0,0
68.8462,-1.0,83,10,3,0,0
68.8462,69.2308,110,10,3,JumpScratch,-4
69.0385,-1.0,900,1,3,0,0
69.0385,-1.0,31,1,3,0,0
69.0385,-1.0,900,4,3,0,0
69.0385,-1.0,900,7,3,0,0
69.0385,-1.0,31,7,3,0,0
69.0385,-1.0,900,10,3,0,0
69.2308,69.2788,110,3,2,JumpScratch,3
69.2308,69.2788,110,9,2,JumpScratch,-3
69.3269,70.0,100,5,4,0,0
69.5192,-1.0,900,5,4,0,0
69.7115,-1.0,900,5,4,0,0
69.9038,-1.0,900,5,4,0,0
70.0,-1.0,82,1,3,0,0
70.0,70.3846,110,1,3,0,0
70.0,-1.0,82,10,3,0,0
70.0,70.3846,110,10,3,0,0
70.1923,-1.0,900,1,3,0,0
70.1923,-1.0,900,10,3,0,0
70.3846,-1.0,50,5,4,0,0
70.7692,-1.0,50,1,3,0,0
70.7692,-1.0,50,4,3,0,0
70.7692,-1.0,50,7,3,0,0
70.7692,-1.0,50,10,3,0,0
71.0577,-1.0,10,1,3,0,0
71.0577,-1.0,10,4,3,0,0
71.1538,-1.0,83,7,4,0,0
71.1538,71.1779,110,7,4,JumpScratch,-8
71.1779,71.2019,110,3,4,JumpScratch,-6
71.2019,71.3702,110,1,3,JumpScratch,6
71.3462,-1.0,20,7,6,0,0
71.3702,71.3942,110,3,4,JumpScratch,8
71.3942,71.5385,110,7,4,0,0
71.5385,-1.0,20,1,3,0,0
71.5385,-1.0,20,4,3,0,0
71.8269,-1.0,10,1,3,0,0
71.8269,-1.0,10,4,3,0,0
71.9231,-1.0,83,7,4,0,0
71.9231,71.9471,110,7,4,JumpScratch,-8
71.9471,71.9712,110,3,4,JumpScratch,-6
71.9712,72.1394,110,1,3,JumpScratch,6
72.1154,-1.0,20,7,6,0,0
72.1394,72.1635,110,3,4,JumpScratch,8
72.1635,72.3077,110,7,4,0,0
72.3077,-1.0,20,1,3,0,0
72.3077,-1.0,20,4,3,0,0
72.5000,-1.0,10,3,3,0,0
72.5000,-1.0,10,6,3,0,0
72.6923,-1.0,50,3,4,0,0
72.6923,-1.0,20,7,3,0,0
72.6923,-1.0,20,10,3,0,0
72.8846,-1.0,10,5,3,0,0
72.8846,-1.0,10,8,3,0,0
73.0769,-1.0,83,1,3,0,0
73.0769,73.4615,110,1,3,0,0
73.0769,-1.0,83,4,3,0,0
73.0769,73.4615,110,4,3,0,0
73.0769,-1.0,83,7,3,0,0
73.0769,73.4615,110,7,3,0,0
73.0769,-1.0,83,10,3,0,0
73.0769,73.4615,110,10,3,0,0
73.2692,-1.0,900,1,3,0,0
73.2692,-1.0,900,4,3,0,0
73.2692,-1.0,900,7,3,0,0
73.2692,-1.0,900,10,3,0,0
73.6538,-1.0,80,7,3,0,0
73.6538,73.8462,100,7,3,0,0
73.6538,-1.0,80,10,3,0,0
73.6538,73.8462,100,10,3,0,0
73.8462,-1.0,50,1,3,0,0
73.8462,-1.0,50,4,3,0,0
74.1346,-1.0,10,7,3,0,0
74.1346,-1.0,10,10,3,0,0
74.2308,-1.0,83,3,4,0,0
74.2308,74.2548,110,3,4,JumpScratch,8
74.2548,74.2788,110,7,4,JumpScratch,6
74.2788,74.4471,110,10,3,JumpScratch,-6
74.4231,-1.0,20,1,6,0,0
74.4471,74.4712,110,7,4,JumpScratch,-8
74.4712,74.6154,110,3,4,0,0
74.6154,-1.0,20,7,3,0,0
74.6154,-1.0,20,10,3,0,0
74.9038,-1.0,10,7,3,0,0
74.9038,-1.0,10,10,3,0,0
75.0,-1.0,83,3,4,0,0
75.0,75.0240,110,3,4,JumpScratch,8
75.0240,75.0481,110,7,4,JumpScratch,6
75.0481,75.2163,110,10,3,JumpScratch,-6
75.1923,-1.0,20,1,6,0,0
75.2163,75.2404,110,7,4,JumpScratch,-8
75.2404,75.3846,110,3,4,0,0
75.3846,-1.0,20,7,3,0,0
75.3846,-1.0,20,10,3,0,0
75.5769,-1.0,10,5,3,0,0
75.5769,-1.0,10,8,3,0,0
75.7692,-1.0,20,1,3,0,0
75.7692,-1.0,20,4,3,0,0
75.7692,-1.0,50,7,4,0,0
75.9615,-1.0,10,3,3,0,0
75.9615,-1.0,10,6,3,0,0
76.1538,-1.0,83,1,3,0,0
76.1538,76.5385,110,1,3,0,0
76.1538,-1.0,83,4,3,0,0
76.1538,76.5385,110,4,3,0,0
76.1538,-1.0,83,7,3,0,0
76.1538,76.5385,110,7,3,0,0
76.1538,-1.0,83,10,3,0,0
76.1538,76.5385,110,10,3,0,0
76.3462,-1.0,900,1,3,0,0
76.3462,-1.0,900,4,3,0,0
76.3462,-1.0,900,7,3,0,0
76.3462,-1.0,900,10,3,0,0
76.7308,-1.0,10,4,2,0,0
76.7308,-1.0,10,8,2,0,0
76.9231,-1.0,50,3,4,0,0
76.9231,-1.0,10,8,3,0,0
76.9231,-1.0,81,11,2,0,0
76.9231,77.1154,101,11,2,0,0
77.1154,-1.0,10,5,2,0,0
77.3077,-1.0,50,2,4,0,0
77.3077,-1.0,10,7,3,0,0
77.3077,-1.0,81,10,3,0,0
77.3077,77.5000,101,10,3,0,0
77.5000,-1.0,10,4,2,0,0
77.6923,-1.0,50,1,4,0,0
77.6923,-1.0,10,6,3,0,0
77.6923,-1.0,81,9,4,0,0
77.6923,77.8846,101,9,4,0,0
77.8846,-1.0,10,3,3,0,0
77.9808,-1.0,10,6,2,0,0
78.0769,-1.0,10,1,3,0,0
78.0769,-1.0,10,8,3,0,0
78.2692,-1.0,10,7,2,0,0
78.2692,-1.0,10,10,3,0,0
78.4615,-1.0,81,1,2,0,0
78.4615,78.6538,101,1,2,0,0
78.4615,-1.0,10,3,3,0,0
78.4615,-1.0,50,7,4,0,0
78.6538,-1.0,10,7,2,0,0
78.8462,-1.0,81,1,3,0,0
78.8462,79.0385,101,1,3,0,0
78.8462,-1.0,10,4,3,0,0
78.8462,-1.0,50,8,4,0,0
79.0385,-1.0,10,8,2,0,0
79.2308,-1.0,81,1,4,0,0
79.2308,79.4231,101,1,4,0,0
79.2308,-1.0,10,5,3,0,0
79.2308,-1.0,50,9,4,0,0
79.4231,-1.0,10,8,3,0,0
79.5192,-1.0,10,6,2,0,0
79.6154,-1.0,10,3,3,0,0
79.6154,-1.0,10,10,3,0,0
79.8077,-1.0,10,1,3,0,0
79.8077,-1.0,10,5,2,0,0
80.0,-1.0,50,1,3,0,0
80.0,-1.0,10,7,3,0,0
80.0,-1.0,83,10,3,0,0
80.0,80.7692,110,10,3,0,0
80.1923,-1.0,900,10,3,0,0
80.2885,-1.0,10,7,3,0,0
80.3846,-1.0,10,1,2,0,0
80.3846,-1.0,10,4,2,0,0
80.3846,-1.0,900,10,3,0,0
80.5769,-1.0,10,3,2,0,0
80.5769,-1.0,10,6,2,0,0
80.5769,-1.0,900,10,3,0,0
80.7692,-1.0,83,1,3,0,0
80.7692,81.5385,110,1,3,0,0
80.7692,-1.0,10,4,3,0,0
80.9615,-1.0,900,1,3,0,0
81.0577,-1.0,10,4,3,0,0
81.1538,-1.0,900,1,3,0,0
81.1538,-1.0,10,8,2,0,0
81.1538,-1.0,10,11,2,0,0
81.3462,-1.0,900,1,3,0,0
81.3462,-1.0,10,6,2,0,0
81.3462,-1.0,10,9,2,0,0
81.5385,-1.0,81,4,3,0,0
81.5385,81.9231,101,4,3,0,0
81.5385,-1.0,81,7,3,0,0
81.5385,81.9231,101,7,3,0,0
81.7308,-1.0,900,4,3,0,0
81.7308,-1.0,900,7,3,0,0
81.9231,-1.0,50,10,3,0,0
82.3077,-1.0,50,1,3,0,0
82.3077,-1.0,10,4,3,0,0
82.3077,-1.0,81,7,3,0,0
82.3077,82.6923,101,7,3,0,0
82.5000,-1.0,900,7,3,0,0
82.6923,-1.0,10,4,3,0,0
82.6923,-1.0,50,10,3,0,0
83.0769,-1.0,50,1,3,0,0
83.0769,-1.0,50,4,3,0,0
83.0769,-1.0,50,7,3,0,0
83.0769,-1.0,50,10,3,0,0
83.3654,-1.0,10,7,3,0,0
83.3654,-1.0,10,10,3,0,0
83.4615,-1.0,83,3,4,0,0
83.4615,83.4856,110,3,4,JumpScratch,8
83.4856,83.5096,110,7,4,JumpScratch,6
83.5096,83.6779,110,10,3,JumpScratch,-6
83.6538,-1.0,20,1,6,0,0
83.6779,83.7019,110,7,4,JumpScratch,-8
83.7019,83.8462,110,3,4,0,0
83.8462,-1.0,20,7,3,0,0
83.8462,-1.0,20,10,3,0,0
84.1346,-1.0,10,7,3,0,0
84.1346,-1.0,10,10,3,0,0
84.2308,-1.0,83,3,4,0,0
84.2308,84.2548,110,3,4,JumpScratch,8
84.2548,84.2788,110,7,4,JumpScratch,6
84.2788,84.4471,110,10,3,JumpScratch,-6
84.4231,-1.0,20,1,6,0,0
84.4471,84.4712,110,7,4,JumpScratch,-8
84.4712,84.6154,110,3,4,0,0
84.6154,-1.0,20,7,3,0,0
84.6154,-1.0,20,10,3,0,0
84.8077,-1.0,10,5,3,0,0
84.8077,-1.0,10,8,3,0,0
85.0,-1.0,20,1,3,0,0
85.0,-1.0,20,4,3,0,0
85.0,-1.0,50,7,4,0,0
85.1923,-1.0,10,3,3,0,0
85.1923,-1.0,10,6,3,0,0
85.3846,-1.0,83,1,3,0,0
85.3846,85.7692,110,1,3,0,0
85.3846,-1.0,83,4,3,0,0
85.3846,85.7692,110,4,3,0,0
85.3846,-1.0,83,7,3,0,0
85.3846,85.7692,110,7,3,0,0
85.3846,-1.0,83,10,3,0,0
85.3846,85.7692,110,10,3,0,0
85.5769,-1.0,900,1,3,0,0
85.5769,-1.0,900,4,3,0,0
85.5769,-1.0,900,7,3,0,0
85.5769,-1.0,900,10,3,0,0
85.9615,-1.0,80,1,3,0,0
85.9615,86.1538,100,1,3,0,0
85.9615,-1.0,80,4,3,0,0
85.9615,86.1538,100,4,3,0,0
86.1538,-1.0,50,7,3,0,0
86.1538,-1.0,50,10,3,0,0
86.4423,-1.0,10,1,3,0,0
86.4423,-1.0,10,4,3,0,0
86.5385,-1.0,83,7,4,0,0
86.5385,86.5625,110,7,4,JumpScratch,-8
86.5625,86.5865,110,3,4,JumpScratch,-6
86.5865,86.7548,110,1,3,JumpScratch,6
86.7308,-1.0,20,7,6,0,0
86.7548,86.7788,110,3,4,JumpScratch,8
86.7788,86.9231,110,7,4,0,0
86.9231,-1.0,20,1,3,0,0
86.9231,-1.0,20,4,3,0,0
87.2115,-1.0,10,1,3,0,0
87.2115,-1.0,10,4,3,0,0
87.3077,-1.0,83,7,4,0,0
87.3077,87.3317,110,7,4,JumpScratch,-8
87.3317,87.3558,110,3,4,JumpScratch,-6
87.3558,87.5240,110,1,3,JumpScratch,6
87.5000,-1.0,20,7,6,0,0
87.5240,87.5481,110,3,4,JumpScratch,8
87.5481,87.6923,110,7,4,0,0
87.6923,-1.0,20,1,3,0,0
87.6923,-1.0,20,4,3,0,0
87.8846,-1.0,10,3,3,0,0
87.8846,-1.0,10,6,3,0,0
88.0769,-1.0,50,3,4,0,0
88.0769,-1.0,20,7,3,0,0
88.0769,-1.0,20,10,3,0,0
88.2692,-1.0,10,5,3,0,0
88.2692,-1.0,10,8,3,0,0
88.4615,-1.0,83,1,3,0,0
88.4615,88.8462,110,1,3,0,0
88.4615,-1.0,83,4,3,0,0
88.4615,88.8462,110,4,3,0,0
88.4615,-1.0,83,7,3,0,0
88.4615,88.8462,110,7,3,0,0
88.4615,-1.0,83,10,3,0,0
88.4615,88.8462,110,10,3,0,0
88.6538,-1.0,900,1,3,0,0
88.6538,-1.0,900,4,3,0,0
88.6538,-1.0,900,7,3,0,0
88.6538,-1.0,900,10,3,0,0
89.0385,-1.0,10,4,2,0,0
89.0385,-1.0,10,8,2,0,0
89.2308,-1.0,20,1,4,0,0
89.2308,-1.0,80,5,2,0,0
89.2308,89.4231,100,5,2,0,0
89.2308,-1.0,50,8,4,0,0
89.4231,-1.0,10,8,2,0,0
89.6154,-1.0,20,1,3,0,0
89.6154,-1.0,80,4,2,0,0
89.6154,89.8077,100,4,2,0,0
89.6154,-1.0,50,7,4,0,0
89.8077,-1.0,10,7,2,0,0
90.0,-1.0,20,1,2,0,0
90.0,-1.0,80,3,2,0,0
90.0,90.1923,100,3,2,0,0
90.0,-1.0,50,6,4,0,0
90.1923,-1.0,10,10,3,0,0
90.2885,-1.0,10,8,2,0,0
90.3846,-1.0,10,5,3,0,0
90.3846,-1.0,10,10,3,0,0
90.5769,-1.0,10,1,3,0,0
90.5769,-1.0,10,5,2,0,0
90.7692,-1.0,50,2,4,0,0
90.7692,-1.0,80,7,2,0,0
90.7692,90.9615,100,7,2,0,0
90.7692,-1.0,20,9,4,0,0
90.9615,-1.0,10,4,2,0,0
91.1538,-1.0,50,3,4,0,0
91.1538,-1.0,80,8,2,0,0
91.1538,91.3462,100,8,2,0,0
91.1538,-1.0,20,10,3,0,0
91.3462,-1.0,10,5,2,0,0
91.5385,-1.0,50,4,4,0,0
91.5385,-1.0,80,9,2,0,0
91.5385,91.7308,100,9,2,0,0
91.5385,-1.0,20,11,2,0,0
91.7308,-1.0,10,1,3,0,0
91.8269,-1.0,10,4,2,0,0
91.9231,-1.0,10,1,3,0,0
91.9231,-1.0,10,6,3,0,0
92.1154,-1.0,10,7,2,0,0
92.1154,-1.0,10,10,3,0,0
92.3077,-1.0,81,1,3,0,0
92.3077,92.6923,101,1,3,0,0
92.3077,-1.0,50,10,3,0,0
92.5000,-1.0,900,1,3,0,0
92.5962,-1.0,10,4,3,0,0
92.6923,-1.0,10,8,2,0,0
92.6923,-1.0,10,11,2,0,0
92.8846,-1.0,10,4,3,0,0
92.8846,-1.0,10,7,3,0,0
93.0769,-1.0,81,1,3,0,0
93.0769,93.4615,101,1,3,0,0
93.0769,-1.0,81,10,3,0,0
93.0769,93.4615,101,10,3,0,0
93.2692,-1.0,900,1,3,0,0
93.2692,-1.0,10,7,3,0,0
93.2692,-1.0,900,10,3,0,0
93.3333,-1.0,10,4,3,0,0
93.3974,-1.0,10,7,3,0,0
93.4615,-1.0,10,4,3,0,0
93.8461,-1.0,10,1,3,0,0
93.8461,-1.0,20,4,3,0,0
93.8461,-1.0,20,7,3,0,0
93.8461,-1.0,10,10,3,0,0
93.8462,93.8942,100,1,5,0,0
93.8462,93.8942,100,8,5,0,0
93.8942,93.9423,100,1,4,0,0
93.8942,93.9423,100,9,4,0,0
93.9423,93.9904,100,1,3,0,0
93.9423,93.9904,100,6,1,JumpScratch,-2
93.9423,93.9904,100,7,1,JumpScratch,2
93.9423,93.9904,100,10,3,0,0
93.9904,94.0385,100,1,2,0,0
93.9904,94.0385,100,5,2,JumpScratch,-3
93.9904,94.0385,100,7,2,JumpScratch,3
93.9904,94.0385,100,11,2,0,0
94.0385,94.0865,100,1,2,JumpScratch,3
94.0385,94.0865,100,4,3,0,0
94.0385,94.0865,100,7,3,0,0
94.0385,94.0865,100,11,2,JumpScratch,-3
94.0865,94.1346,100,1,12,0,0
94.1346,94.1827,100,1,12,0,0
94.1827,94.2308,100,1,12,0,0
94.2308,94.2788,100,1,5,0,0
94.2308,94.2788,100,8,5,0,0
94.2788,94.3269,100,1,5,0,0
94.2788,94.3269,100,8,5,0,0
94.3269,94.3750,100,1,2,0,0
94.3269,94.3750,100,11,2,0,0
94.3750,94.4231,100,1,2,JumpScratch,5
94.3750,94.4231,100,11,2,JumpScratch,-5
94.4231,94.4712,100,1,5,JumpScratch,6
94.4231,94.4712,100,8,5,JumpScratch,-6
94.4712,94.5192,100,1,6,0,0
94.4712,94.5192,100,7,6,0,0
94.5192,94.5673,100,1,12,0,0
94.5673,94.6154,100,1,12,0,0
94.6154,94.6635,100,1,3,0,0
94.6154,94.6635,100,10,3,JumpScratch,-7
94.6635,94.7115,100,1,3,0,0
94.6635,94.7115,100,6,7,0,0
94.7115,94.7596,100,1,3,0,0
94.7115,94.7596,100,6,7,0,0
94.7596,94.8077,100,1,3,JumpScratch,4
94.7596,94.8077,100,6,7,JumpScratch,-8
95.0,-1.0,50,1,3,0,0
95.0,-1.0,50,4,3,0,0
95.0,-1.0,50,7,3,0,0
95.0,-1.0,50,10,3,0,0
95.3846,-1.0,50,1,3,0,0
95.3846,-1.0,50,4,3,0,0
95.3846,-1.0,80,10,3,0,0
95.3846,95.7692,100,10,3,0,0
95.5769,-1.0,900,10,3,0,0
95.6731,-1.0,10,7,3,0,0
95.7692,-1.0,80,1,3,0,0
95.7692,96.1538,100,1,3,0,0
95.7692,-1.0,10,4,3,0,0
95.9615,-1.0,900,1,3,0,0
95.9615,-1.0,10,7,2,0,0
95.9615,-1.0,10,10,2,0,0
96.1538,-1.0,80,4,3,0,0
96.1538,96.5385,100,4,3,0,0
96.1538,-1.0,50,7,3,0,0
96.1538,-1.0,50,10,3,0,0
96.3462,-1.0,900,4,3,0,0
96.4423,-1.0,10,1,3,0,0
96.5385,-1.0,80,7,3,0,0
96.5385,96.9231,100,7,3,0,0
96.5385,-1.0,10,10,3,0,0
96.7308,-1.0,10,2,2,0,0
96.7308,-1.0,10,5,2,0,0
96.7308,-1.0,900,7,3,0,0
96.9231,-1.0,50,1,3,0,0
96.9231,-1.0,50,4,3,0,0
96.9231,-1.0,80,10,3,0,0
96.9231,97.3077,100,10,3,0,0
97.1154,-1.0,900,10,3,0,0
97.2115,-1.0,10,7,3,0,0
97.3077,-1.0,80,1,3,0,0
97.3077,97.6923,100,1,3,0,0
97.3077,-1.0,10,4,3,0,0
97.5000,-1.0,900,1,3,0,0
97.5000,-1.0,10,7,2,0,0
97.5000,-1.0,10,10,2,0,0
97.6923,-1.0,10,4,3,0,0
97.6923,-1.0,81,10,3,0,0
97.6923,97.8846,101,10,3,0,0
97.8846,-1.0,10,1,3,0,0
97.8846,-1.0,81,7,3,0,0
97.8846,98.0769,101,7,3,0,0
98.0769,-1.0,81,4,3,0,0
98.0769,98.2692,101,4,3,0,0
98.0769,-1.0,10,10,3,0,0
98.2692,-1.0,83,1,3,0,0
98.2692,98.4615,110,1,3,0,0
98.2692,-1.0,10,7,3,0,0
98.4615,-1.0,50,4,3,0,0
98.4615,-1.0,80,10,3,0,0
98.4615,98.8462,100,10,3,0,0
98.6538,-1.0,900,10,3,0,0
98.7500,-1.0,10,7,3,0,0
98.8462,-1.0,80,1,3,0,0
98.8462,99.2308,100,1,3,0,0
98.8462,-1.0,10,4,3,0,0
99.0385,-1.0,900,1,3,0,0
99.0385,-1.0,10,7,2,0,0
99.0385,-1.0,10,10,2,0,0
99.2308,-1.0,80,4,3,0,0
99.2308,99.6154,100,4,3,0,0
99.2308,-1.0,50,7,3,0,0
99.2308,-1.0,50,10,3,0,0
99.4231,-1.0,900,4,3,0,0
99.5192,-1.0,10,1,3,0,0
99.6154,-1.0,80,7,3,0,0
99.6154,100.0,100,7,3,0,0
99.6154,-1.0,10,10,3,0,0
99.8077,-1.0,10,2,2,0,0
99.8077,-1.0,10,5,2,0,0
99.8077,-1.0,900,7,3,0,0
100.0,-1.0,50,1,3,0,0
100.0,-1.0,50,4,3,0,0
100.0,-1.0,80,10,3,0,0
100.0,100.3846,100,10,3,0,0
100.1923,-1.0,900,10,3,0,0
100.2885,-1.0,10,7,3,0,0
100.3846,-1.0,80,1,3,0,0
100.3846,100.7692,100,1,3,0,0
100.3846,-1.0,10,4,3,0,0
100.5769,-1.0,900,1,3,0,0
100.5769,-1.0,10,7,2,0,0
100.5769,-1.0,10,10,2,0,0
100.7692,-1.0,10,4,3,0,0
100.7692,-1.0,81,10,3,0,0
100.7692,100.9615,101,10,3,0,0
100.9615,-1.0,10,1,3,0,0
100.9615,-1.0,81,7,3,0,0
100.9615,101.1538,101,7,3,0,0
101.1538,-1.0,81,4,3,0,0
101.1538,101.3462,101,4,3,0,0
101.1538,-1.0,10,10,3,0,0
101.3462,-1.0,83,1,3,0,0
101.3462,101.5385,110,1,3,0,0
101.3462,-1.0,10,7,3,0,0
101.5385,-1.0,50,4,3,0,0
101.5385,-1.0,80,7,3,0,0
101.5385,101.9231,100,7,3,0,0
101.7308,-1.0,900,7,3,0,0
101.8269,-1.0,10,4,3,0,0
101.9231,-1.0,10,1,3,0,0
101.9231,-1.0,80,10,3,0,0
101.9231,102.3077,100,10,3,0,0
102.1154,-1.0,10,3,2,0,0
102.1154,-1.0,10,6,2,0,0
102.1154,-1.0,900,10,3,0,0
102.3077,-1.0,50,1,3,0,0
102.3077,-1.0,50,4,3,0,0
102.3077,-1.0,80,7,3,0,0
102.3077,102.5962,100,7,3,0,0
102.5000,-1.0,900,7,3,0,0
102.5962,-1.0,80,4,3,0,0
102.5962,102.8846,100,4,3,0,0
102.6923,-1.0,10,10,3,0,0
102.7885,-1.0,900,4,3,0,0
102.8846,-1.0,80,1,3,0,0
102.8846,103.0769,100,1,3,0,0
102.8846,-1.0,10,7,2,0,0
102.8846,-1.0,10,10,2,0,0
103.0769,-1.0,80,4,3,0,0
103.0769,103.2692,100,4,3,0,0
103.0769,-1.0,83,10,3,0,0
103.0769,104.2308,110,10,3,JumpScratch,-6
103.2692,-1.0,80,1,3,0,0
103.2692,103.4615,100,1,3,0,0
103.2692,-1.0,83,7,3,0,0
103.2692,104.0385,110,7,3,JumpScratch,6
103.2692,-1.0,900,10,3,0,0
103.4615,-1.0,83,4,3,0,0
103.4615,104.0385,110,4,3,JumpScratch,-6
103.4615,-1.0,900,7,3,0,0
103.4615,-1.0,900,10,3,0,0
103.6538,-1.0,83,1,3,0,0
103.6538,104.2308,110,1,3,JumpScratch,6
103.6538,-1.0,900,4,3,0,0
103.6538,-1.0,900,7,3,0,0
103.6538,-1.0,900,10,3,0,0
103.8462,-1.0,900,1,3,0,0
103.8462,-1.0,900,4,3,0,0
103.8462,-1.0,900,7,3,0,0
103.8462,-1.0,900,10,3,0,0
104.6154,-1.0,20,1,3,0,0
104.6154,-1.0,50,5,4,0,0
104.6154,-1.0,20,10,3,0,0
105.0,-1.0,10,1,3,0,0
105.0,-1.0,10,10,3,0,0
105.0962,-1.0,10,4,2,0,0
105.1923,-1.0,10,6,3,0,0
105.3846,-1.0,50,1,4,0,0
105.3846,-1.0,82,7,3,0,0
105.3846,105.6731,110,7,3,JumpScratch,6
105.3846,-1.0,20,10,3,0,0
105.5769,-1.0,900,7,3,0,0
105.6731,-1.0,20,1,3,0,0
105.6731,-1.0,82,4,3,0,0
105.6731,105.9615,110,4,3,JumpScratch,-6
105.8654,-1.0,900,4,3,0,0
105.9615,-1.0,10,7,3,0,0
105.9615,-1.0,20,10,3,0,0
106.1538,-1.0,80,1,2,0,0
106.1538,106.5385,100,1,2,0,0
106.1538,-1.0,50,7,2,0,0
106.1538,-1.0,50,10,3,0,0
106.3462,-1.0,900,1,2,0,0
106.4423,-1.0,10,10,3,0,0
106.5385,-1.0,10,4,3,0,0
106.5385,-1.0,10,8,2,0,0
106.7308,-1.0,10,5,4,0,0
106.9231,-1.0,50,1,3,0,0
106.9231,-1.0,50,5,2,0,0
106.9231,-1.0,80,11,2,0,0
106.9231,107.3077,100,11,2,0,0
107.1154,-1.0,900,11,2,0,0
107.2115,-1.0,10,1,3,0,0
107.3077,-1.0,10,4,2,0,0
107.3077,-1.0,10,7,3,0,0
107.5000,-1.0,10,5,4,0,0
107.6923,-1.0,50,1,4,0,0
107.6923,-1.0,83,9,4,0,0
107.6923,107.7163,110,9,4,JumpScratch,-7
107.7163,107.7404,110,6,3,JumpScratch,-6
107.7404,107.7644,110,3,3,JumpScratch,-5
108.0769,-1.0,83,1,4,0,0
108.0769,108.1010,110,1,4,JumpScratch,7
108.0769,-1.0,50,9,4,0,0
108.1010,108.1250,110,5,3,JumpScratch,6
108.1250,108.1490,110,8,3,JumpScratch,5
108.4615,-1.0,50,1,4,0,0
108.4615,-1.0,83,9,4,0,0
108.4615,108.4856,110,9,4,JumpScratch,-7
108.4856,108.5096,110,6,3,JumpScratch,-6
108.5096,108.5337,110,3,3,JumpScratch,-5
108.7500,-1.0,83,1,4,0,0
108.7500,108.8462,110,1,4,JumpScratch,7
108.8462,108.8702,110,5,3,JumpScratch,6
108.8462,-1.0,50,9,4,0,0
108.8702,108.8942,110,8,3,JumpScratch,5
109.0385,-1.0,20,9,4,0,0
109.2308,-1.0,50,1,4,0,0
109.2308,-1.0,83,9,4,0,0
109.2308,109.2548,110,9,4,JumpScratch,-7
109.2548,109.2788,110,6,3,JumpScratch,-6
109.2788,109.3029,110,3,3,JumpScratch,-5
109.5192,-1.0,83,1,4,0,0
109.5192,109.6154,110,1,4,JumpScratch,7
109.6154,109.6394,110,5,3,JumpScratch,6
109.6154,-1.0,50,9,4,0,0
109.6394,109.6635,110,8,3,JumpScratch,5
109.8077,-1.0,20,9,4,0,0
110.0,-1.0,50,1,4,0,0
110.0,-1.0,83,9,4,0,0
110.0,110.0240,110,9,4,JumpScratch,-7
110.0240,110.0481,110,6,3,JumpScratch,-6
110.0481,110.0721,110,3,3,JumpScratch,-5
110.0721,110.3846,100,1,3,0,0
110.3846,-1.0,50,9,4,0,0
110.7692,-1.0,83,1,4,0,0
110.7692,110.7933,110,1,4,JumpScratch,7
110.7692,-1.0,50,9,4,0,0
110.7933,110.8173,110,5,3,JumpScratch,6
110.8173,110.8413,110,8,3,JumpScratch,5
111.1538,-1.0,50,1,4,0,0
111.1538,-1.0,83,9,4,0,0
111.1538,111.1779,110,9,4,JumpScratch,-7
111.1779,111.2019,110,6,3,JumpScratch,-6
111.2019,111.2260,110,3,3,JumpScratch,-5
111.5385,-1.0,83,1,4,0,0
111.5385,111.5625,110,1,4,JumpScratch,7
111.5385,-1.0,50,9,4,0,0
111.5625,111.5865,110,5,3,JumpScratch,6
111.5865,111.6106,110,8,3,JumpScratch,5
111.8269,-1.0,83,9,4,0,0
111.8269,111.9231,110,9,4,JumpScratch,-7
111.9231,-1.0,50,1,4,0,0
111.9231,111.9471,110,6,3,JumpScratch,-6
111.9471,111.9712,110,3,3,JumpScratch,-5
112.1154,-1.0,20,1,4,0,0
112.3077,-1.0,83,1,4,0,0
112.3077,112.3317,110,1,4,JumpScratch,7
112.3077,-1.0,50,9,4,0,0
112.3317,112.3558,110,5,3,JumpScratch,6
112.3558,112.3798,110,8,3,JumpScratch,5
112.5962,-1.0,83,9,4,0,0
112.5962,112.6923,110,9,4,JumpScratch,-7
112.6923,-1.0,50,1,4,0,0
112.6923,112.7163,110,6,3,JumpScratch,-6
112.7163,112.7404,110,3,3,JumpScratch,-5
112.8846,-1.0,20,1,4,0,0
113.0769,-1.0,83,1,4,0,0
113.0769,113.1010,110,1,4,JumpScratch,7
113.0769,-1.0,50,9,4,0,0
113.1010,113.1250,110,5,3,JumpScratch,6
113.1250,113.1490,110,8,3,JumpScratch,5
113.1490,113.4615,100,10,3,0,0
113.4615,-1.0,50,1,4,0,0
113.8462,-1.0,50,1,4,0,0
113.8462,-1.0,83,9,4,0,0
113.8462,113.8702,110,9,4,JumpScratch,-7
113.8702,113.8942,110,6,3,JumpScratch,-6
113.8942,113.9183,110,3,3,JumpScratch,-5
114.2308,-1.0,83,1,4,0,0
114.2308,114.2548,110,1,4,JumpScratch,7
114.2308,-1.0,50,9,4,0,0
114.2548,114.2788,110,5,3,JumpScratch,6
114.2788,114.3029,110,8,3,JumpScratch,5
114.6154,-1.0,50,1,4,0,0
114.6154,-1.0,83,9,4,0,0
114.6154,114.6394,110,9,4,JumpScratch,-7
114.6394,114.6635,110,6,3,JumpScratch,-6
114.6635,114.6875,110,3,3,JumpScratch,-5
114.9038,-1.0,83,1,4,0,0
114.9038,115.0,110,1,4,JumpScratch,7
115.0,115.0240,110,5,3,JumpScratch,6
115.0,-1.0,50,9,4,0,0
115.0240,115.0481,110,8,3,JumpScratch,5
115.1923,-1.0,20,9,4,0,0
115.3846,-1.0,50,1,4,0,0
115.3846,-1.0,83,9,4,0,0
115.3846,115.4087,110,9,4,JumpScratch,-7
115.4087,115.4327,110,6,3,JumpScratch,-6
115.4327,115.4567,110,3,3,JumpScratch,-5
115.7692,-1.0,83,1,4,0,0
115.7692,115.7933,110,1,4,JumpScratch,7
115.7692,-1.0,50,9,4,0,0
115.7933,115.8173,110,5,3,JumpScratch,6
115.8173,115.8413,110,8,3,JumpScratch,5
116.1538,-1.0,50,1,4,0,0
116.1538,-1.0,83,9,4,0,0
116.1538,116.1779,110,9,4,JumpScratch,-7
116.1779,116.2019,110,6,3,JumpScratch,-6
116.2019,116.2260,110,3,3,JumpScratch,-5
116.2260,116.5385,100,1,3,0,0
116.5385,-1.0,50,9,4,0,0
116.9231,-1.0,10,4,3,0,0
116.9231,-1.0,10,7,3,0,0
116.9231,-1.0,81,10,3,0,0
116.9231,117.3077,101,10,3,0,0
117.1154,-1.0,900,10,3,0,0
117.3077,-1.0,10,1,3,0,0
117.3077,-1.0,10,4,3,0,0
117.3077,-1.0,81,7,3,0,0
117.3077,117.6923,101,7,3,0,0
117.5000,-1.0,900,7,3,0,0
117.6923,-1.0,10,1,3,0,0
117.6923,-1.0,81,4,3,0,0
117.6923,118.0769,101,4,3,0,0
117.6923,-1.0,10,10,3,0,0
117.8846,-1.0,900,4,3,0,0
118.0769,-1.0,10,7,3,0,0
118.0769,-1.0,10,10,3,0,0
118.4615,-1.0,83,1,4,0,0
118.4615,118.8462,110,1,4,0,0
118.4615,-1.0,83,6,3,0,0
118.4615,118.8462,110,6,3,0,0
118.4615,-1.0,83,10,2,0,0
118.4615,118.8462,110,10,2,0,0
118.6538,-1.0,900,1,4,0,0
118.6538,-1.0,900,6,3,0,0
118.6538,-1.0,900,10,2,0,0
119.2308,-1.0,83,2,2,0,0
119.2308,119.6154,110,2,2,0,0
119.2308,-1.0,83,5,3,0,0
119.2308,119.6154,110,5,3,0,0
119.2308,-1.0,83,9,4,0,0
119.2308,119.6154,110,9,4,0,0
119.4231,-1.0,900,2,2,0,0
119.4231,-1.0,900,5,3,0,0
119.4231,-1.0,900,9,4,0,0
120.0,-1.0,81,1,2,0,0
120.0,123.0769,101,1,2,0,0
120.0,-1.0,81,5,2,0,0
120.0,123.0769,101,5,2,0,0
120.0,-1.0,81,7,2,0,0
120.0,123.0769,101,7,2,0,0
120.0,-1.0,81,11,2,0,0
120.0,123.0769,101,11,2,0,0
120.1923,-1.0,900,1,2,0,0
120.1923,-1.0,900,5,2,0,0
120.1923,-1.0,900,7,2,0,0
120.1923,-1.0,900,11,2,0,0
120.3846,-1.0,900,1,2,0,0
120.3846,-1.0,900,5,2,0,0
120.3846,-1.0,900,7,2,0,0
120.3846,-1.0,900,11,2,0,0
120.5769,-1.0,900,1,2,0,0
120.5769,-1.0,900,5,2,0,0
120.5769,-1.0,900,7,2,0,0
120.5769,-1.0,900,11,2,0,0
120.7692,-1.0,900,1,2,0,0
120.7692,-1.0,900,5,2,0,0
120.7692,-1.0,900,7,2,0,0
120.7692,-1.0,900,11,2,0,0
120.9615,-1.0,900,1,2,0,0
120.9615,-1.0,900,5,2,0,0
120.9615,-1.0,900,7,2,0,0
120.9615,-1.0,900,11,2,0,0
121.1538,-1.0,900,1,2,0,0
121.1538,-1.0,900,5,2,0,0
121.1538,-1.0,900,7,2,0,0
121.1538,-1.0,900,11,2,0,0
121.3462,-1.0,900,1,2,0,0
121.3462,-1.0,900,5,2,0,0
121.3462,-1.0,900,7,2,0,0
121.3462,-1.0,900,11,2,0,0
121.5385,-1.0,900,1,2,0,0
121.5385,-1.0,900,5,2,0,0
121.5385,-1.0,900,7,2,0,0
121.5385,-1.0,900,11,2,0,0
121.7308,-1.0,900,1,2,0,0
121.7308,-1.0,900,5,2,0,0
121.7308,-1.0,900,7,2,0,0
121.7308,-1.0,900,11,2,0,0
121.9231,-1.0,900,1,2,0,0
121.9231,-1.0,900,5,2,0,0
121.9231,-1.0,900,7,2,0,0
121.9231,-1.0,900,11,2,0,0
122.1154,-1.0,900,1,2,0,0
122.1154,-1.0,900,5,2,0,0
122.1154,-1.0,900,7,2,0,0
122.1154,-1.0,900,11,2,0,0
122.3077,-1.0,900,1,2,0,0
122.3077,-1.0,900,5,2,0,0
122.3077,-1.0,900,7,2,0,0
122.3077,-1.0,900,11,2,0,0
122.5000,-1.0,900,1,2,0,0
122.5000,-1.0,900,5,2,0,0
122.5000,-1.0,900,7,2,0,0
122.5000,-1.0,900,11,2,0,0
122.6923,-1.0,900,1,2,0,0
122.6923,-1.0,900,5,2,0,0
122.6923,-1.0,900,7,2,0,0
122.6923,-1.0,900,11,2,0,0
122.8846,-1.0,900,1,2,0,0
122.8846,-1.0,900,5,2,0,0
122.8846,-1.0,900,7,2,0,0
122.8846,-1.0,900,11,2,0,0